1200 4753 480

0 25 200
1 50 500
2 100 1200
3 150 2800
4 200 4500
5 250 7000

0 1500
1 1500
2 1000
3 1500
4 1500
5 1500
6 2000
7 2000
8 2000
9 2000
10 1000
11 2000
12 2000
13 2000
14 2000
15 500
16 500
17 500
18 2000
19 1000
20 2000
21 2000
22 1000
23 2000
24 1000
25 2000
26 1000
27 1000
28 2000
29 1000
30 1500
31 1500
32 1500
33 1500
34 1500
35 1000
36 1000
37 2000
38 2000
39 2000
40 1000
41 1000
42 2000
43 2000
44 1000
45 2000
46 2000
47 2000
48 1000
49 1000
50 1000
51 2000
52 1000
53 2000
54 2000
55 1500
56 1500
57 1500
58 1500
59 1500
60 1500
61 2000
62 2000
63 1000
64 2000
65 2000
66 1000
67 2000
68 2000
69 1000
70 1000
71 2000
72 2000
73 1000
74 2000
75 2000
76 1000
77 2000
78 1000
79 1000
80 1000
81 2000
82 2000
83 2000
84 1000
85 1000
86 1500
87 1500
88 500
89 500
90 2000
91 1000
92 1000
93 1000
94 2000
95 1000
96 1000
97 1000
98 2000
99 1000
100 1500
101 1500
102 2000
103 2000
104 1000
105 1000
106 1000
107 1000
108 2000
109 1000
110 1500
111 1500
112 1500
113 1000
114 1000
115 1000
116 1000
117 2000
118 2000
119 2000
120 2000
121 1000
122 2000
123 2000
124 2000
125 1500
126 1500
127 1000
128 1500
129 2000
130 2000
131 2000
132 2000
133 1000
134 2000
135 1000
136 2000
137 1000
138 2000
139 1000
140 500
141 500
142 500
143 2000
144 1000
145 1500
146 1500
147 1500
148 1500
149 2000
150 1000
151 2000
152 2000
153 2000
154 2000
155 2000
156 2000
157 1000
158 2000
159 2000
160 1000
161 1000
162 1000
163 2000
164 1000
165 1500
166 1500
167 1500
168 1500
169 1500
170 1500
171 1000
172 1500
173 1500
174 2000
175 2000
176 1000
177 2000
178 2000
179 2000
180 1000
181 1000
182 2000
183 2000
184 1000
185 2000
186 2000
187 1000
188 1000
189 2000
190 1000
191 2000
192 1000
193 2000
194 1000
195 1000
196 2000
197 1000
198 500
199 2000
200 2000
201 1000
202 2000
203 1000
204 1000
205 2000
206 1000
207 1000
208 1000
209 1000
210 1500
211 1500
212 1500
213 2000
214 2000
215 1000
216 2000
217 2000
218 1000
219 1000
220 1000
221 2000
222 1000
223 2000
224 2000
225 1500
226 1500
227 1000
228 2000
229 1000
230 1000
231 1000
232 2000
233 1000
234 2000
235 500
236 500
237 500
238 500
239 500
240 1500
241 2000
242 2000
243 1000
244 2000
245 1500
246 1500
247 2000
248 2000
249 1000
250 2000
251 2000
252 1000
253 2000
254 2000
255 1500
256 1500
257 1500
258 1500
259 1500
260 1500
261 1500
262 1000
263 1000
264 1000
265 2000
266 1000
267 2000
268 2000
269 2000
270 2000
271 1000
272 2000
273 1000
274 1000
275 1000
276 1000
277 2000
278 2000
279 1000
280 2000
281 1000
282 1000
283 1000
284 1000
285 2000
286 1000
287 2000
288 1000
289 2000
290 1000
291 1500
292 1500
293 1500
294 1500
295 1500
296 1500
297 1500
298 1000
299 500
300 500
301 1000
302 1000
303 2000
304 2000
305 1000
306 2000
307 1000
308 2000
309 2000
310 2000
311 1000
312 1000
313 1000
314 2000
315 2000
316 1000
317 2000
318 2000
319 2000
320 1000
321 2000
322 2000
323 1000
324 1000
325 1000
326 2000
327 2000
328 2000
329 1000
330 2000
331 2000
332 2000
333 500
334 500
335 1500
336 1000
337 1000
338 2000
339 1000
340 1500
341 1000
342 1000
343 1000
344 2000
345 1500
346 1000
347 2000
348 2000
349 1000
350 2000
351 1000
352 2000
353 2000
354 500
355 1000
356 1500
357 1500
358 1500
359 500
360 500
361 500
362 500
363 1000
364 1000
365 1000
366 1000
367 1000
368 2000
369 1000
370 2000
371 1000
372 2000
373 1000
374 2000
375 1500
376 1500
377 1500
378 1500
379 1500
380 1500
381 2000
382 1000
383 1000
384 2000
385 1000
386 2000
387 1000
388 1000
389 2000
390 2000
391 2000
392 1000
393 2000
394 1000
395 2000
396 2000
397 2000
398 1000
399 2000
400 1000
401 2000
402 1000
403 2000
404 1000
405 1500
406 1500
407 1000
408 2000
409 2000
410 1000
411 1000
412 2000
413 1000
414 2000
415 1000
416 1000
417 2000
418 500
419 500
420 1500
421 1500
422 1500
423 2000
424 1000
425 1000
426 1000
427 2000
428 2000
429 1000
430 1000
431 2000
432 1000
433 1000
434 2000
435 1500
436 1500
437 1500
438 2000
439 1000
440 2000
441 1000
442 1000
443 1000
444 2000
445 1000
446 1000
447 2000
448 2000
449 2000
450 1000
451 500
452 500
453 500
454 500
455 1500
456 1000
457 1500
458 2000
459 1000
460 2000
461 2000
462 1000
463 2000
464 2000
465 500
466 1000
467 1000
468 2000
469 2000
470 1500
471 1500
472 1500
473 1500
474 1500
475 1500
476 2000
477 1000
478 2000
479 1000
480 2000
481 1000
482 2000
483 2000
484 2000
485 2000
486 2000
487 1000
488 1000
489 2000
490 1000
491 2000
492 2000
493 1000
494 2000
495 2000
496 1000
497 2000
498 2000
499 2000
500 1500
501 1500
502 1500
503 1500
504 1500
505 2000
506 2000
507 2000
508 2000
509 1000
510 2000
511 1000
512 2000
513 2000
514 2000
515 1000
516 2000
517 1000
518 2000
519 1000
520 2000
521 1000
522 1000
523 2000
524 2000
525 1000
526 1500
527 1500
528 1500
529 500
530 500
531 2000
532 1000
533 1000
534 2000
535 2000
536 2000
537 1000
538 2000
539 2000
540 1000
541 1000
542 2000
543 1000
544 2000
545 1500
546 1500
547 1500
548 1000
549 1000
550 1500
551 1000
552 1500
553 1000
554 1000
555 1000
556 1000
557 1000
558 1000
559 2000
560 1000
561 1000
562 2000
563 2000
564 2000
565 2000
566 1000
567 2000
568 2000
569 500
570 500
571 500
572 1000
573 1000
574 2000
575 2000
576 1500
577 2000
578 500
579 500
580 1000
581 1000
582 2000
583 2000
584 2000
585 1000
586 1000
587 500
588 500
589 500
590 1500
591 1500
592 1500
593 1500
594 1500
595 1500
596 1000
597 2000
598 2000
599 1000
600 2000
601 1000
602 1000
603 1000
604 2000
605 2000
606 1000
607 1000
608 1000
609 1000
610 1000
611 2000
612 1000
613 2000
614 2000
615 1000
616 2000
617 2000
618 2000
619 1000
620 1500
621 2000
622 1000
623 2000
624 1000
625 1500
626 1500
627 2000
628 1000
629 1000
630 2000
631 2000
632 1000
633 2000
634 1000
635 1500
636 1000
637 2000
638 2000
639 2000
640 1500
641 1500
642 1500
643 1500
644 1500
645 2000
646 2000
647 2000
648 1000
649 1000
650 2000
651 2000
652 2000
653 1000
654 2000
655 2000
656 2000
657 1000
658 1000
659 1000
660 2000
661 1000
662 1000
663 1000
664 2000
665 1500
666 1500
667 1000
668 1500
669 1000
670 2000
671 2000
672 2000
673 1000
674 2000
675 1000
676 500
677 2000
678 2000
679 1000
680 1000
681 1000
682 2000
683 2000
684 2000
685 1500
686 1500
687 1500
688 1500
689 1000
690 1000
691 1000
692 1000
693 2000
694 2000
695 1000
696 2000
697 2000
698 1000
699 1000
700 1000
701 2000
702 1000
703 1000
704 2000
705 2000
706 2000
707 2000
708 1000
709 500
710 500
711 500
712 500
713 500
714 500
715 1000
716 1500
717 1500
718 1500
719 1500
720 500
721 1000
722 2000
723 1000
724 1000
725 1000
726 1000
727 1000
728 2000
729 1000
730 2000
731 1000
732 2000
733 1000
734 1000
735 2000
736 1000
737 1000
738 1000
739 2000
740 1500
741 1500
742 1500
743 1500
744 1500
745 1500
746 1500
747 1000
748 1000
749 1500
750 1000
751 2000
752 2000
753 2000
754 1000
755 1000
756 2000
757 2000
758 2000
759 2000
760 1000
761 2000
762 1000
763 2000
764 2000
765 1000
766 2000
767 2000
768 2000
769 1000
770 2000
771 2000
772 2000
773 1000
774 2000
775 1000
776 1000
777 2000
778 1000
779 500
780 500
781 500
782 500
783 500
784 500
785 500
786 2000
787 1000
788 2000
789 1000
790 1500
791 1500
792 1000
793 2000
794 2000
795 2000
796 1000
797 2000
798 1000
799 1000
800 1500
801 1000
802 1000
803 1000
804 2000
805 1500
806 1500
807 1500
808 1500
809 1500
810 1500
811 1500
812 1000
813 2000
814 2000
815 2000
816 1000
817 2000
818 2000
819 2000
820 1000
821 1000
822 1000
823 2000
824 1000
825 2000
826 1000
827 2000
828 1000
829 1000
830 1000
831 2000
832 1000
833 2000
834 2000
835 1000
836 2000
837 1000
838 2000
839 1000
840 1500
841 1500
842 1500
843 1500
844 2000
845 2000
846 2000
847 1000
848 2000
849 2000
850 2000
851 2000
852 1000
853 2000
854 1000
855 2000
856 1000
857 2000
858 1000
859 2000
860 1500
861 1000
862 1500
863 1500
864 1000
865 2000
866 1000
867 2000
868 1000
869 500
870 1000
871 1000
872 1000
873 2000
874 1000
875 2000
876 2000
877 2000
878 2000
879 2000
880 1500
881 1500
882 2000
883 1000
884 1000
885 2000
886 1000
887 1000
888 2000
889 1000
890 1500
891 1000
892 1000
893 2000
894 1000
895 1500
896 2000
897 2000
898 2000
899 2000
900 1000
901 1500
902 1500
903 1500
904 1500
905 1500
906 500
907 500
908 1000
909 2000
910 1000
911 2000
912 1000
913 2000
914 1000
915 1000
916 1000
917 2000
918 1000
919 2000
920 2000
921 2000
922 1000
923 2000
924 2000
925 2000
926 2000
927 1000
928 1000
929 2000
930 1500
931 1500
932 1500
933 1000
934 2000
935 2000
936 2000
937 2000
938 1000
939 1000
940 1000
941 1000
942 1000
943 2000
944 2000
945 2000
946 1000
947 1000
948 500
949 500
950 1500
951 1500
952 1500
953 1500
954 1000
955 1000
956 2000
957 1000
958 1000
959 1000
960 2000
961 2000
962 2000
963 2000
964 1000
965 2000
966 2000
967 2000
968 2000
969 1000
970 1500
971 1500
972 1500
973 1500
974 1000
975 1500
976 2000
977 1000
978 2000
979 1000
980 2000
981 1000
982 2000
983 2000
984 2000
985 2000
986 1000
987 1000
988 1000
989 1000
990 1000
991 2000
992 500
993 500
994 500
995 1000
996 2000
997 2000
998 1000
999 2000
1000 1500
1001 1500
1002 1500
1003 1500
1004 1500
1005 1500
1006 1500
1007 1000
1008 2000
1009 1000
1010 2000
1011 1000
1012 1000
1013 2000
1014 2000
1015 1000
1016 1000
1017 2000
1018 1000
1019 1000
1020 1000
1021 1000
1022 2000
1023 2000
1024 2000
1025 1000
1026 1000
1027 1000
1028 2000
1029 2000
1030 1000
1031 2000
1032 1000
1033 2000
1034 2000
1035 2000
1036 2000
1037 1000
1038 500
1039 500
1040 1500
1041 1500
1042 1500
1043 1000
1044 2000
1045 2000
1046 1000
1047 1000
1048 2000
1049 2000
1050 1000
1051 2000
1052 1000
1053 1000
1054 1000
1055 1500
1056 1500
1057 1500
1058 1500
1059 1500
1060 2000
1061 2000
1062 1000
1063 2000
1064 1000
1065 1000
1066 1000
1067 2000
1068 2000
1069 2000
1070 1000
1071 1000
1072 1000
1073 2000
1074 1000
1075 2000
1076 2000
1077 1000
1078 2000
1079 1000
1080 1500
1081 1500
1082 2000
1083 1000
1084 1000
1085 1000
1086 2000
1087 2000
1088 1000
1089 2000
1090 1500
1091 1500
1092 1000
1093 1500
1094 1000
1095 1500
1096 1000
1097 2000
1098 1000
1099 2000
1100 2000
1101 2000
1102 1000
1103 2000
1104 2000
1105 1000
1106 2000
1107 1000
1108 500
1109 1000
1110 1000
1111 1000
1112 1000
1113 2000
1114 1000
1115 500
1116 2000
1117 2000
1118 2000
1119 2000
1120 1500
1121 1500
1122 2000
1123 1000
1124 2000
1125 2000
1126 1000
1127 2000
1128 1000
1129 1000
1130 1500
1131 1500
1132 1500
1133 1500
1134 1500
1135 1500
1136 2000
1137 1000
1138 1000
1139 1000
1140 2000
1141 2000
1142 2000
1143 2000
1144 2000
1145 2000
1146 2000
1147 2000
1148 2000
1149 1000
1150 1000
1151 2000
1152 2000
1153 2000
1154 1000
1155 2000
1156 2000
1157 1000
1158 1000
1159 2000
1160 1500
1161 2000
1162 1000
1163 2000
1164 2000
1165 1500
1166 1500
1167 1000
1168 2000
1169 2000
1170 2000
1171 2000
1172 2000
1173 1000
1174 1000
1175 1500
1176 1000
1177 1500
1178 1500
1179 1500
1180 2000
1181 500
1182 1000
1183 2000
1184 1000
1185 1000
1186 2000
1187 2000
1188 1000
1189 1000
1190 2000
1191 2000
1192 2000
1193 1000
1194 2000
1195 1000
1196 2000
1197 2000
1198 2000
1199 2000

0 1 39 10
0 2 21 3
0 3 33 2
0 4 32 4
0 5 45 3
0 6 5 3
0 173 43 6
0 210 9 1
0 226 36 6
0 340 37 8
0 345 23 3
0 357 32 10
0 436 1 2
0 450 2 10
0 550 9 5
0 635 10 1
0 749 11 4
0 842 34 9
0 890 14 4
0 895 10 9
0 932 33 1
0 952 16 6
0 1007 14 3
0 1041 29 8
0 1160 11 9
0 1165 14 8
0 1177 42 5
1 2 7 6
1 3 24 3
1 4 2 6
1 5 39 2
1 7 37 10
1 8 40 9
1 9 8 1
1 10 39 7
1 11 16 9
1 12 41 2
1 13 9 2
1 14 39 2
1 57 19 6
1 112 23 6
1 240 6 3
1 340 6 5
1 405 4 2
1 407 30 2
1 450 19 7
1 472 30 1
1 473 7 7
1 527 8 4
1 667 47 9
1 862 29 6
1 863 30 3
1 952 12 6
1 1121 34 9
1 1160 18 6
2 3 10 5
2 4 19 2
2 5 18 2
2 15 41 10
2 16 46 3
2 17 39 2
2 31 35 9
2 101 19 5
2 128 10 2
2 148 7 3
2 211 20 8
2 240 43 1
2 295 14 5
2 335 39 9
2 358 43 9
2 421 25 7
2 436 16 6
2 455 5 2
2 594 18 6
2 620 4 3
2 686 38 4
2 719 12 10
2 791 22 10
2 805 43 5
2 880 23 1
2 890 26 7
2 931 35 2
2 975 42 2
2 1055 17 2
3 4 2 5
3 5 12 4
3 18 3 9
3 19 13 9
3 31 13 1
3 100 16 3
3 111 39 6
3 147 40 6
3 165 27 1
3 227 45 8
3 245 21 5
3 346 21 10
3 380 40 3
3 500 28 6
3 525 12 6
3 620 26 5
3 626 11 9
3 800 35 9
3 842 43 3
3 972 18 9
3 1080 30 8
4 5 50 6
4 20 37 1
4 21 7 6
4 22 17 5
4 23 40 7
4 55 33 8
4 126 15 9
4 260 8 1
4 377 20 3
4 421 41 7
4 455 10 3
4 503 30 10
4 552 18 1
4 641 9 1
4 643 34 7
4 690 5 3
4 719 46 6
4 790 16 6
4 805 4 2
4 895 36 4
4 904 44 3
4 905 25 3
4 1006 19 6
4 1042 44 8
4 1056 2 8
4 1081 12 2
4 1093 25 2
4 1121 7 7
4 1131 11 8
4 1133 4 6
5 24 9 7
5 25 34 10
5 26 14 7
5 27 21 6
5 28 30 4
5 29 49 9
5 85 20 7
5 87 3 4
5 246 3 1
5 296 47 10
5 590 27 5
5 625 32 5
5 635 14 7
5 666 10 8
5 740 3 3
5 800 43 6
5 880 16 2
5 1092 32 10
5 1178 14 10
30 31 44 5
30 32 17 1
30 33 36 6
30 34 10 2
30 35 38 9
30 36 17 3
30 37 44 3
30 59 6 7
30 112 23 9
30 127 44 10
30 147 36 9
30 168 17 3
30 226 3 7
30 240 18 5
30 292 1 10
30 335 49 9
30 346 30 7
30 422 23 2
30 450 23 3
30 625 39 8
30 800 5 4
30 811 17 7
30 843 13 7
30 890 26 1
30 895 44 4
30 970 9 5
30 1081 14 1
30 1160 10 2
30 1177 13 2
30 1178 35 6
31 32 47 2
31 33 34 4
31 34 20 8
31 38 17 5
31 55 37 1
31 112 16 7
31 210 2 10
31 245 39 5
31 257 16 6
31 346 13 9
31 355 15 2
31 407 48 5
31 474 24 8
31 475 22 3
31 502 13 5
31 526 47 9
31 549 31 8
31 591 32 9
31 665 5 3
31 685 46 5
31 890 32 4
31 901 40 2
31 902 14 4
31 932 50 8
31 974 13 1
31 1000 26 1
31 1042 32 1
31 1058 12 6
32 33 42 6
32 34 43 6
32 39 47 2
32 40 28 4
32 41 27 2
32 42 14 2
32 43 16 4
32 44 9 1
32 100 34 6
32 101 10 5
32 227 2 2
32 256 40 7
32 291 37 5
32 340 33 2
32 405 4 8
32 455 21 3
32 593 2 2
32 620 26 4
32 635 48 10
32 748 44 7
32 790 7 10
32 800 38 8
32 951 37 3
32 1042 30 2
32 1121 37 8
32 1132 42 4
33 34 2 7
33 45 28 8
33 46 22 2
33 47 50 1
33 48 22 6
33 49 6 5
33 85 45 10
33 240 42 9
33 245 32 5
33 340 42 1
33 380 39 6
33 436 6 8
33 450 23 3
33 456 24 2
33 552 15 4
33 620 29 5
33 715 44 9
33 718 38 2
33 746 17 10
33 880 21 10
33 895 24 4
33 933 32 3
33 1001 8 2
33 1055 20 3
33 1080 25 1
33 1121 20 4
33 1165 45 7
33 1166 43 1
34 50 43 4
34 51 44 9
34 52 41 8
34 53 36 1
34 54 19 6
34 87 45 8
34 125 30 1
34 169 14 6
34 210 47 4
34 335 1 10
34 358 26 10
34 377 40 9
34 436 4 1
34 502 38 5
34 526 3 10
34 625 41 4
34 640 30 5
34 643 12 3
34 665 42 10
34 790 34 6
34 810 43 7
34 842 9 3
34 860 35 9
34 950 27 8
34 1090 1 2
34 1092 46 8
34 1131 9 2
55 56 47 7
55 57 37 6
55 58 6 10
55 59 35 2
55 60 5 6
55 61 48 6
55 62 8 1
55 63 49 3
55 64 8 5
55 167 14 10
55 335 37 9
55 340 6 4
55 345 48 3
55 406 41 8
55 437 15 4
55 470 2 1
55 595 33 9
55 665 28 7
55 890 30 10
55 895 31 1
55 950 29 3
55 1081 26 6
55 1095 18 5
55 1160 50 4
56 57 39 4
56 58 41 4
56 59 21 9
56 60 24 6
56 65 16 2
56 101 41 3
56 146 1 2
56 147 38 1
56 226 48 10
56 240 34 9
56 407 13 7
56 437 35 7
56 525 34 5
56 547 5 4
56 620 21 4
56 895 25 2
56 1040 44 2
56 1081 30 3
56 1179 16 6
57 58 20 3
57 59 41 10
57 60 15 8
57 66 29 9
57 67 7 3
57 68 16 7
57 69 19 8
57 210 9 8
57 226 32 3
57 245 27 6
57 261 46 8
57 293 26 8
57 357 12 3
57 450 38 5
57 504 19 3
57 641 5 6
57 805 8 3
57 806 20 6
57 902 27 4
57 974 18 7
57 1041 4 2
57 1120 20 6
57 1166 21 7
58 59 46 9
58 60 1 4
58 70 28 5
58 71 30 2
58 72 43 6
58 110 39 3
58 112 43 6
58 240 31 8
58 246 34 1
58 258 35 10
58 358 8 3
58 553 21 4
58 620 35 8
58 625 47 4
58 635 34 8
58 715 19 1
58 800 34 1
58 840 35 2
58 862 5 6
58 881 43 6
58 890 10 4
58 931 13 7
58 950 48 6
58 971 23 1
58 1057 38 4
58 1059 19 9
58 1132 17 10
58 1166 41 5
59 60 3 1
59 73 43 2
59 74 14 7
59 75 20 1
59 76 39 6
59 77 36 2
59 78 31 10
59 85 35 2
59 101 13 5
59 128 25 6
59 211 41 9
59 293 24 1
59 376 42 10
59 378 37 7
59 420 20 8
59 457 20 9
59 591 16 4
59 626 5 9
59 668 45 3
59 685 18 8
59 718 32 5
59 746 12 6
59 749 12 8
59 791 18 8
59 841 22 6
59 860 48 4
59 903 7 1
59 1094 5 3
59 1160 10 4
59 1177 20 10
60 79 8 7
60 80 42 2
60 81 11 5
60 82 27 9
60 83 48 3
60 84 44 2
60 87 42 3
60 127 46 10
60 166 18 8
60 335 43 5
60 340 35 10
60 346 14 3
60 420 39 10
60 455 24 9
60 472 10 9
60 503 32 2
60 526 47 4
60 635 7 3
60 642 45 10
60 690 17 2
60 791 50 1
60 800 26 9
60 880 47 10
60 930 31 4
60 1003 46 3
60 1005 29 1
60 1121 50 9
60 1134 47 2
85 86 5 9
85 87 4 6
85 88 27 2
85 89 46 8
85 112 42 8
85 127 16 10
85 227 35 3
85 240 30 10
85 255 5 5
85 296 31 7
85 335 6 1
85 340 46 5
85 345 38 6
85 379 22 5
85 407 17 4
85 450 42 3
85 455 49 4
85 472 33 7
85 526 4 10
85 551 22 9
85 590 40 5
85 620 41 7
85 625 30 5
85 640 22 10
85 667 10 5
85 741 23 2
85 745 50 2
85 881 44 1
85 890 26 2
85 902 6 4
85 931 43 10
85 933 25 3
85 950 29 7
85 951 21 10
85 975 49 6
85 1041 11 4
85 1059 2 5
85 1094 45 2
85 1120 4 1
85 1160 12 9
85 1165 22 5
85 1176 4 6
85 1177 18 10
86 87 50 6
86 90 21 6
86 91 16 3
86 92 45 9
86 93 25 10
86 94 45 9
86 95 22 1
86 96 11 4
86 148 25 9
86 170 14 9
86 210 41 2
86 240 42 5
86 245 3 2
86 246 32 6
86 256 21 5
86 290 44 9
86 340 5 10
86 356 20 1
86 379 6 1
86 420 7 10
86 422 19 3
86 437 33 4
86 474 2 2
86 593 17 1
86 620 47 1
86 625 25 6
86 635 42 8
86 640 12 2
86 666 6 10
86 790 31 8
86 800 50 4
86 809 9 7
86 840 33 7
86 863 31 9
86 881 44 10
86 895 4 8
86 970 12 2
86 1002 37 2
86 1056 31 5
86 1080 31 7
86 1081 35 2
86 1121 31 1
86 1134 25 4
86 1135 41 5
87 97 49 2
87 98 10 1
87 99 7 4
87 101 36 1
87 111 14 5
87 146 2 10
87 166 45 4
87 210 16 6
87 226 11 5
87 335 40 7
87 356 32 3
87 435 23 4
87 450 49 7
87 455 22 8
87 503 16 6
87 504 40 8
87 546 31 3
87 635 10 8
87 686 36 10
87 689 9 5
87 718 34 7
87 791 19 8
87 800 41 2
87 807 3 1
87 840 47 5
87 863 25 2
87 890 43 2
87 895 49 5
87 903 20 1
87 1005 28 1
87 1041 43 3
87 1090 37 10
87 1165 25 9
100 101 28 9
100 102 48 4
100 103 18 4
100 112 29 8
100 125 47 10
100 127 21 5
100 145 36 9
100 147 4 7
100 168 6 9
100 210 5 2
100 212 50 5
100 225 12 10
100 227 20 4
100 290 18 10
100 291 36 10
100 340 50 8
100 346 2 8
100 357 47 4
100 358 10 5
100 376 21 7
100 405 34 3
100 420 27 4
100 437 13 3
100 457 50 8
100 503 16 4
100 527 38 5
100 528 35 6
100 591 35 9
100 620 39 1
100 626 21 4
100 635 32 5
100 665 38 6
100 667 15 9
100 686 9 4
100 690 36 3
100 717 30 2
100 718 11 2
100 748 31 4
100 791 25 6
100 800 13 4
100 841 36 9
100 860 7 8
100 890 21 5
100 895 7 2
100 900 33 7
100 903 14 8
100 950 11 10
100 951 2 10
100 971 1 5
100 1040 42 5
100 1057 38 5
100 1081 19 7
100 1093 34 2
100 1121 24 7
100 1131 33 7
100 1160 38 10
100 1179 43 8
101 104 35 1
101 105 42 6
101 106 13 4
101 107 46 8
101 108 35 10
101 109 24 7
101 111 32 9
101 166 12 1
101 240 40 6
101 245 38 2
101 246 42 3
101 255 18 9
101 335 23 4
101 340 50 7
101 379 5 2
101 406 43 6
101 420 8 9
101 436 9 7
101 450 28 6
101 457 39 10
101 471 23 4
101 473 2 5
101 500 31 10
101 551 48 2
101 552 3 3
101 595 24 7
101 620 9 9
101 626 12 4
101 635 28 7
101 640 10 4
101 642 39 9
101 740 11 4
101 790 30 7
101 800 7 2
101 807 40 9
101 810 24 4
101 863 41 3
101 880 17 5
101 890 50 8
101 895 3 3
101 930 33 8
101 931 46 3
101 972 28 5
101 1002 34 6
101 1004 30 4
101 1040 26 9
101 1058 27 8
101 1091 42 5
101 1131 48 1
101 1160 39 4
101 1165 13 2
101 1176 13 2
110 111 2 8
110 112 5 7
110 113 37 10
110 114 7 5
110 115 6 8
110 116 3 8
110 117 21 2
110 118 10 1
110 240 27 8
110 335 3 10
110 340 25 7
110 346 27 9
110 356 33 10
110 375 16 5
110 405 25 8
110 450 48 2
110 455 7 5
110 472 8 4
110 548 30 3
110 594 47 1
110 620 38 9
110 626 45 4
110 635 20 9
110 665 16 7
110 688 2 7
110 717 50 10
110 843 31 8
110 861 25 6
110 895 49 2
110 902 35 8
110 1001 27 5
110 1055 48 8
110 1081 34 2
110 1120 3 8
110 1131 10 3
110 1160 15 7
110 1166 1 6
111 112 47 1
111 119 5 10
111 120 23 8
111 121 26 5
111 145 23 9
111 146 47 6
111 210 41 6
111 257 43 6
111 335 45 3
111 377 37 9
111 406 13 4
111 455 37 7
111 474 31 3
111 501 43 8
111 525 37 9
111 594 43 1
111 626 35 6
111 642 39 1
111 719 33 10
111 749 9 8
111 800 23 5
111 808 22 3
111 862 28 7
111 880 4 2
111 890 45 3
111 930 32 1
111 951 32 5
111 952 34 4
111 1042 10 6
111 1056 41 3
111 1121 50 8
111 1166 43 10
111 1176 18 8
112 122 27 9
112 123 9 1
112 124 41 9
112 126 49 1
112 128 46 4
112 165 36 8
112 170 32 2
112 227 16 7
112 240 30 10
112 245 45 8
112 260 29 5
112 292 39 3
112 297 6 1
112 346 10 8
112 421 8 10
112 436 17 4
112 437 6 2
112 500 44 8
112 526 22 5
112 548 39 1
112 641 14 5
112 689 40 6
112 742 28 9
112 791 1 9
112 800 19 10
112 807 1 4
112 842 14 3
112 880 43 3
112 895 9 9
112 930 35 5
112 971 28 7
112 973 17 9
112 1005 2 8
112 1040 29 9
112 1081 49 10
112 1090 10 5
112 1094 49 3
112 1135 33 9
112 1160 20 8
112 1178 27 3
125 126 9 3
125 127 1 5
125 128 10 4
125 129 1 2
125 130 28 4
125 131 33 9
125 132 4 2
125 133 32 8
125 134 42 7
125 211 49 4
125 245 2 7
125 293 27 2
125 335 43 5
125 340 40 2
125 375 17 7
125 435 23 2
125 501 15 5
125 790 30 2
125 890 5 9
125 895 22 3
125 973 23 4
125 1059 6 5
125 1130 46 8
125 1160 27 5
126 127 18 6
126 128 7 3
126 135 43 8
126 136 14 10
126 137 4 5
126 138 30 7
126 139 43 9
126 147 18 4
126 169 11 5
126 212 26 8
126 240 2 5
126 246 48 2
126 258 29 4
126 260 48 1
126 345 19 2
126 355 38 4
126 407 32 9
126 450 33 3
126 500 27 3
126 546 8 1
126 593 40 9
126 620 4 2
126 625 6 6
126 635 19 6
126 640 8 8
126 745 3 2
126 790 46 4
126 800 21 1
126 807 36 6
126 880 20 2
126 895 13 1
126 1166 9 7
126 1179 1 5
127 128 3 10
127 140 14 3
127 141 35 2
127 142 43 3
127 146 22 5
127 169 36 1
127 226 8 2
127 296 22 4
127 335 43 7
127 357 5 6
127 405 9 1
127 422 19 5
127 450 30 1
127 457 48 5
127 473 22 6
127 526 8 1
127 553 40 5
127 667 5 9
127 689 11 10
127 717 38 2
127 810 14 2
127 843 41 3
127 860 37 10
127 904 26 9
127 950 17 2
127 1002 22 7
127 1042 35 8
127 1055 13 10
127 1093 49 7
127 1094 42 6
127 1134 10 10
127 1175 30 8
128 143 12 8
128 144 11 6
128 227 49 7
128 240 14 2
128 340 21 5
128 346 19 4
128 376 8 10
128 420 46 8
128 436 27 2
128 474 44 6
128 528 31 1
128 591 33 10
128 620 10 7
128 626 4 8
128 635 25 2
128 641 43 3
128 666 41 10
128 687 43 6
128 717 44 7
128 745 47 4
128 843 13 5
128 861 16 9
128 881 5 4
128 890 25 3
128 903 29 2
128 932 40 4
128 933 40 2
128 953 3 5
128 1004 40 2
128 1041 9 6
128 1080 16 4
128 1081 12 6
128 1120 21 2
128 1121 25 7
128 1160 10 7
128 1165 46 6
145 146 26 6
145 147 35 10
145 148 37 1
145 149 35 9
145 150 12 10
145 151 39 9
145 152 43 8
145 167 44 2
145 210 8 7
145 227 29 7
145 258 43 8
145 335 24 7
145 340 20 2
145 406 9 3
145 422 37 1
145 437 48 8
145 457 19 5
145 525 2 2
145 527 46 3
145 545 10 3
145 594 28 4
145 620 42 5
145 635 33 7
145 644 36 10
145 665 33 7
145 687 48 5
145 748 31 1
145 840 25 10
145 890 8 2
145 905 34 10
145 952 39 9
145 1007 13 6
145 1041 49 5
145 1058 48 2
145 1081 44 7
145 1092 49 2
145 1134 18 4
145 1175 31 7
146 147 30 9
146 148 17 1
146 153 44 6
146 154 29 9
146 155 23 9
146 210 7 9
146 226 44 1
146 240 50 9
146 261 10 9
146 296 28 2
146 298 8 7
146 335 1 5
146 345 37 2
146 450 6 9
146 500 41 9
146 620 4 7
146 635 19 5
146 643 1 1
146 716 3 8
146 744 17 7
146 800 23 10
146 807 17 5
146 810 21 10
146 840 36 1
146 860 14 5
146 880 11 8
146 890 19 10
146 931 22 1
146 971 33 5
146 1094 42 10
146 1166 22 5
147 148 28 10
147 156 27 6
147 157 40 1
147 158 49 2
147 159 43 5
147 160 16 3
147 166 1 4
147 240 43 7
147 245 3 9
147 355 42 10
147 377 25 2
147 421 27 2
147 437 47 2
147 470 40 2
147 472 32 7
147 665 7 3
147 715 47 4
147 791 46 8
147 863 36 9
147 895 44 2
147 904 43 3
147 952 24 2
147 975 21 3
147 1004 43 2
147 1080 19 8
147 1160 11 10
147 1179 21 1
148 161 50 4
148 162 4 8
148 163 1 6
148 164 47 1
148 246 9 9
148 340 4 7
148 346 44 1
148 378 47 4
148 407 11 7
148 450 41 6
148 455 42 8
148 502 23 10
148 551 8 10
148 595 48 6
148 626 29 10
148 686 8 8
148 791 32 5
148 800 33 9
148 880 33 7
148 933 13 1
148 1040 28 9
148 1056 14 8
148 1120 46 5
148 1121 11 10
148 1130 19 2
148 1166 22 10
165 166 41 9
165 167 15 6
165 168 33 3
165 169 32 10
165 170 30 5
165 171 2 6
165 172 13 6
165 173 40 2
165 174 41 3
165 175 33 2
165 176 10 9
165 177 25 3
165 261 40 1
165 457 48 3
165 551 13 5
165 593 31 10
165 716 9 10
165 800 34 5
165 843 28 5
165 890 42 10
166 167 2 9
166 168 39 10
166 169 32 2
166 170 39 8
166 171 46 8
166 172 30 8
166 173 34 6
166 178 48 8
166 179 10 2
166 180 26 10
166 181 17 7
166 182 43 2
166 183 36 4
166 379 36 4
166 435 26 4
166 503 16 3
166 553 29 8
166 626 42 5
166 686 9 9
166 930 25 9
166 970 48 5
166 1003 7 8
166 1121 28 3
167 168 22 7
167 169 7 9
167 170 43 3
167 171 10 4
167 172 6 10
167 173 33 5
167 184 20 4
167 185 23 9
167 186 36 9
167 187 14 1
167 211 14 9
167 293 36 3
167 335 25 3
167 345 1 10
167 376 1 4
167 450 34 8
167 635 39 1
167 643 12 4
167 668 35 1
167 807 11 6
167 843 17 7
167 895 16 3
167 974 28 6
167 1090 22 2
167 1091 22 5
167 1132 1 5
167 1166 10 10
168 169 18 3
168 170 37 10
168 171 17 9
168 172 46 5
168 173 16 6
168 188 20 3
168 189 2 7
168 190 48 10
168 191 37 10
168 246 18 5
168 291 35 3
168 357 34 5
168 450 48 9
168 590 45 10
168 666 27 7
168 811 20 1
168 861 49 1
168 1080 35 2
169 170 43 1
169 171 25 9
169 172 2 8
169 173 17 5
169 192 18 10
169 193 34 4
169 245 49 10
169 525 32 10
169 635 39 6
169 687 48 5
169 742 30 4
169 748 18 9
169 790 41 9
169 952 36 7
169 1002 39 6
169 1041 25 7
169 1057 40 7
169 1132 42 3
169 1178 19 7
170 171 16 1
170 172 16 1
170 173 37 9
170 194 19 4
170 195 50 10
170 196 12 4
170 197 2 9
170 422 27 7
170 527 21 2
170 620 4 5
170 860 5 5
170 880 15 1
170 901 20 2
170 951 9 1
170 1058 50 1
170 1081 13 9
170 1160 40 6
171 172 41 3
171 173 28 5
171 198 25 4
171 225 10 4
171 258 37 7
171 340 16 6
171 345 33 2
171 407 35 5
171 800 50 2
171 881 33 10
171 890 46 6
171 1165 20 9
172 173 34 1
172 199 23 4
172 200 33 1
172 201 13 10
172 202 9 9
172 203 10 7
172 204 5 7
172 212 46 5
172 226 8 7
172 357 11 9
172 437 7 9
172 457 33 6
172 644 48 4
172 895 49 1
172 931 38 7
172 1040 40 2
173 205 22 6
173 206 17 10
173 207 42 10
173 208 7 7
173 209 24 3
173 240 49 3
173 335 50 2
173 340 31 5
173 470 46 7
173 471 26 8
173 500 32 10
173 620 15 4
173 625 24 1
173 717 49 3
173 791 28 1
173 901 20 3
173 1121 1 10
173 1160 5 6
173 1178 7 2
210 211 5 9
210 212 22 3
210 213 33 6
210 214 18 9
210 215 32 3
210 216 25 3
210 226 42 10
210 240 2 1
210 257 6 6
210 259 24 2
210 335 4 8
210 340 13 8
210 345 39 9
210 356 42 10
210 379 35 1
210 420 40 3
210 470 5 4
210 475 5 1
210 500 2 7
210 553 26 5
210 595 28 10
210 620 18 4
210 641 22 4
210 665 3 6
210 718 19 3
210 790 19 7
210 791 19 1
210 800 40 5
210 806 40 6
210 843 11 5
210 880 36 5
210 890 16 8
210 895 37 3
210 1040 26 3
210 1091 6 1
210 1121 20 9
210 1132 9 4
210 1165 26 4
210 1176 38 6
211 212 22 3
211 217 35 9
211 218 3 4
211 219 36 7
211 220 10 9
211 246 28 10
211 335 23 6
211 378 44 4
211 405 19 2
211 406 29 3
211 420 16 8
211 436 34 7
211 450 29 7
211 455 19 7
211 457 4 8
211 552 11 1
211 595 7 1
211 625 37 3
211 635 7 6
211 641 30 10
211 667 21 5
211 718 28 6
211 746 41 5
211 841 5 2
211 890 35 6
211 932 12 2
211 952 31 3
211 970 19 8
211 972 18 3
211 1002 41 5
211 1007 41 3
211 1055 45 8
211 1080 18 10
211 1121 7 3
211 1130 31 4
211 1160 38 3
211 1165 48 1
212 221 21 9
212 222 29 4
212 223 41 6
212 224 39 8
212 225 1 2
212 240 25 6
212 246 9 9
212 290 25 9
212 293 25 8
212 346 7 9
212 356 44 6
212 450 32 5
212 502 45 9
212 528 21 7
212 620 31 7
212 626 7 1
212 688 35 9
212 690 22 9
212 745 14 3
212 800 47 3
212 806 26 4
212 860 26 7
212 861 49 1
212 881 49 10
212 903 15 5
212 904 31 10
212 933 11 5
212 952 28 1
212 1040 4 8
212 1055 50 2
212 1080 44 9
212 1177 2 1
225 226 36 9
225 227 17 8
225 228 36 8
225 229 26 6
225 230 32 4
225 231 45 3
225 232 32 5
225 233 30 3
225 246 8 10
225 259 24 7
225 335 18 8
225 346 46 8
225 456 15 1
225 457 14 3
225 525 13 1
225 528 9 6
225 595 2 9
225 625 39 8
225 635 6 7
225 641 38 7
225 667 32 4
225 715 29 9
225 742 1 3
225 790 47 1
225 841 19 4
225 860 9 7
225 890 20 4
225 895 5 4
225 931 13 6
225 933 4 4
225 950 49 2
225 952 27 7
225 1042 38 1
225 1080 24 2
225 1095 37 2
225 1120 4 3
225 1165 18 7
225 1176 24 7
225 1177 45 3
226 227 49 2
226 234 42 5
226 240 48 1
226 255 34 4
226 291 4 4
226 335 13 4
226 345 14 2
226 407 22 10
226 422 37 1
226 437 47 7
226 450 2 1
226 472 21 10
226 500 50 4
226 545 32 4
226 620 30 9
226 626 26 10
226 635 42 2
226 667 11 7
226 688 24 9
226 718 10 9
226 808 4 10
226 842 3 2
226 861 30 5
226 881 20 1
226 890 16 9
226 895 15 3
226 901 43 10
226 972 4 3
226 1004 23 6
226 1040 44 6
226 1055 25 3
226 1121 29 2
226 1160 22 1
227 235 46 10
227 236 39 2
227 237 41 8
227 238 18 8
227 239 8 6
227 240 17 6
227 291 40 5
227 340 28 6
227 355 46 3
227 377 7 10
227 380 37 9
227 405 12 1
227 420 6 1
227 435 30 1
227 450 46 2
227 474 42 4
227 501 49 7
227 548 26 1
227 595 24 8
227 641 42 2
227 688 4 5
227 743 44 3
227 800 13 2
227 811 22 9
227 881 14 6
227 902 13 3
227 1001 38 7
227 1059 3 4
227 1081 2 5
227 1091 18 1
227 1131 10 10
227 1134 26 1
240 241 16 1
240 242 13 9
240 243 39 8
240 244 10 3
240 245 2 6
240 246 35 2
240 259 39 1
240 260 46 8
240 290 45 2
240 294 19 6
240 335 41 6
240 340 46 5
240 346 15 4
240 356 37 5
240 358 3 4
240 376 38 4
240 377 16 3
240 406 50 1
240 407 17 10
240 420 33 6
240 421 24 8
240 435 24 9
240 437 2 3
240 450 13 2
240 456 35 2
240 457 43 4
240 472 45 8
240 502 36 7
240 503 45 9
240 527 45 5
240 528 8 7
240 549 21 4
240 552 4 4
240 594 20 10
240 595 16 7
240 620 9 7
240 625 42 9
240 626 31 10
240 635 34 6
240 640 6 7
240 644 26 7
240 665 46 8
240 667 47 4
240 686 23 7
240 690 35 7
240 718 16 10
240 719 31 3
240 743 3 5
240 745 7 2
240 790 18 7
240 791 38 7
240 800 41 2
240 806 10 4
240 809 10 10
240 840 34 9
240 841 30 8
240 860 23 3
240 862 32 7
240 880 31 8
240 881 17 8
240 890 50 7
240 895 42 6
240 903 12 10
240 905 31 9
240 930 44 8
240 932 50 4
240 951 26 10
240 953 32 8
240 971 1 8
240 973 42 2
240 1004 21 10
240 1006 37 5
240 1040 10 9
240 1042 35 8
240 1058 26 2
240 1080 5 1
240 1090 33 10
240 1095 44 7
240 1120 33 2
240 1121 33 7
240 1130 49 9
240 1132 14 3
240 1160 23 9
240 1165 38 9
240 1166 30 8
240 1175 45 7
240 1177 41 9
245 246 40 5
245 247 32 6
245 248 13 1
245 249 15 7
245 250 23 2
245 251 13 6
245 259 27 6
245 340 8 10
245 345 36 9
245 420 50 7
245 421 31 8
245 436 49 2
245 450 20 9
245 457 1 3
245 500 37 2
245 504 9 4
245 549 24 2
245 620 43 3
245 625 8 9
245 640 25 5
245 668 44 8
245 686 35 4
245 719 28 2
245 741 9 7
245 791 33 3
245 843 32 9
245 861 50 5
245 863 49 7
245 880 38 6
245 895 23 10
245 931 44 5
245 933 26 4
245 974 31 8
245 1055 24 9
245 1057 2 3
245 1081 24 2
245 1093 32 10
245 1120 15 5
245 1130 16 8
245 1160 26 6
245 1166 31 6
246 252 47 1
246 253 10 6
246 254 48 6
246 259 35 10
246 294 47 8
246 298 47 10
246 335 13 2
246 345 34 1
246 355 30 5
246 356 12 10
246 380 37 6
246 405 16 9
246 407 4 2
246 450 48 4
246 456 28 6
246 471 47 4
246 475 14 4
246 526 10 6
246 553 16 6
246 591 46 3
246 625 44 4
246 635 14 6
246 642 18 4
246 665 49 5
246 686 50 5
246 716 41 1
246 742 1 3
246 791 8 7
246 800 41 2
246 810 13 3
246 811 1 1
246 843 25 6
246 880 20 1
246 890 3 4
246 895 38 1
246 901 27 4
246 905 3 7
246 950 34 1
246 952 16 4
246 972 28 8
246 1001 24 1
246 1005 13 10
246 1040 38 9
246 1042 14 8
246 1081 24 2
246 1120 39 1
246 1130 36 1
246 1160 25 10
246 1165 49 1
246 1175 20 1
246 1178 45 7
255 256 5 5
255 257 12 7
255 258 9 7
255 259 5 6
255 260 46 1
255 261 47 4
255 262 15 8
255 263 28 4
255 264 34 6
255 265 17 6
255 266 23 4
255 340 50 4
255 346 25 1
255 406 45 6
255 422 11 6
255 435 18 3
255 450 4 5
255 748 42 5
255 811 47 6
255 860 32 5
255 1040 2 10
255 1081 8 1
255 1094 42 5
255 1131 2 2
255 1160 36 4
255 1165 30 9
256 257 45 6
256 258 15 3
256 259 33 1
256 260 8 7
256 261 36 10
256 267 3 3
256 268 6 1
256 269 41 3
256 270 46 1
256 271 42 2
256 272 17 5
256 356 9 2
256 358 26 5
256 422 41 3
256 527 19 2
256 594 48 9
256 625 3 4
256 790 10 8
256 841 35 6
256 890 6 2
256 903 47 1
256 932 40 8
256 970 15 10
256 1081 41 3
256 1166 48 6
257 258 7 9
257 259 39 6
257 260 13 10
257 261 39 3
257 273 2 7
257 274 18 2
257 275 42 3
257 276 5 8
257 277 43 10
257 345 42 7
257 377 19 5
257 473 40 6
257 590 29 8
257 635 47 3
257 719 45 8
257 744 34 2
257 808 25 4
257 952 5 9
257 970 31 10
257 1121 36 2
258 259 27 3
258 260 1 4
258 261 22 7
258 278 36 4
258 290 33 2
258 457 36 2
258 791 4 6
258 800 11 7
258 842 37 7
258 895 26 8
258 933 27 4
258 1041 31 4
258 1055 25 1
259 260 30 3
259 261 48 6
259 279 34 8
259 280 35 9
259 340 34 4
259 501 6 5
259 503 37 4
259 547 32 5
259 620 34 9
259 644 34 9
259 666 24 5
259 667 15 7
259 685 38 10
259 880 26 8
259 890 49 1
259 1002 29 4
259 1135 14 7
259 1160 13 1
259 1179 2 9
260 261 37 8
260 281 26 6
260 282 44 1
260 283 48 2
260 284 4 5
260 285 41 3
260 295 39 2
260 335 15 5
260 435 13 7
260 450 1 2
260 474 28 4
260 620 28 5
260 688 27 6
260 717 3 5
260 1003 30 7
260 1094 21 6
260 1121 23 3
260 1178 32 4
261 286 28 6
261 287 33 7
261 288 13 10
261 289 6 8
261 380 49 9
261 407 22 4
261 457 37 1
261 527 24 3
261 546 20 9
261 625 39 7
261 635 28 4
261 643 29 5
261 800 4 9
261 860 29 9
261 880 49 7
261 895 40 5
261 902 3 3
261 953 4 7
261 1059 13 5
290 291 21 5
290 292 19 1
290 293 22 1
290 294 48 10
290 295 32 5
290 296 21 8
290 297 45 4
290 298 13 3
290 299 32 6
290 300 27 5
290 358 28 4
290 640 39 5
290 717 25 4
290 742 45 9
290 743 41 8
290 1093 10 3
291 292 16 8
291 293 35 10
291 294 5 7
291 295 10 3
291 296 34 6
291 297 21 9
291 298 8 6
291 301 23 2
291 302 12 8
291 303 37 2
291 304 29 2
291 305 22 6
291 306 43 9
291 307 21 10
291 308 44 5
291 340 34 2
291 346 10 1
291 355 10 1
291 380 4 6
291 455 43 10
291 471 18 5
291 635 35 5
291 1040 24 1
291 1176 24 8
292 293 19 4
292 294 1 2
292 295 48 6
292 296 2 4
292 297 11 2
292 298 17 1
292 309 13 3
292 310 5 8
292 311 38 3
292 340 44 10
292 450 23 9
292 526 9 10
292 548 1 6
292 635 29 6
292 800 35 7
292 880 41 9
292 881 42 4
292 975 23 6
292 1005 37 9
292 1080 36 10
293 294 50 3
293 295 29 5
293 296 26 1
293 297 31 1
293 298 19 2
293 312 28 7
293 313 24 10
293 314 34 7
293 315 20 9
293 420 10 7
293 422 3 7
293 667 20 7
293 718 6 7
293 905 14 5
293 1004 45 7
294 295 16 5
294 296 21 5
294 297 48 8
294 298 20 6
294 316 33 2
294 317 16 9
294 318 24 4
294 319 9 7
294 320 1 6
294 474 48 4
294 501 48 1
294 552 46 3
294 620 41 3
294 626 7 7
294 841 18 3
294 863 28 7
294 1120 5 3
294 1179 31 7
295 296 28 4
295 297 15 6
295 298 2 7
295 321 49 1
295 322 24 1
295 323 47 7
295 405 17 2
295 450 16 5
295 668 28 7
295 791 4 6
295 800 27 9
295 895 44 8
295 1160 4 2
295 1166 23 1
296 297 50 7
296 298 38 4
296 324 35 6
296 325 33 8
296 326 2 2
296 327 20 10
296 328 33 8
296 345 47 5
296 620 34 6
296 644 40 1
296 841 6 6
296 975 47 6
296 1059 45 6
296 1081 45 3
296 1120 8 8
297 298 30 5
297 329 41 10
297 330 10 5
297 331 38 9
297 332 38 4
297 335 36 1
297 378 46 6
297 437 27 7
297 456 10 7
297 593 39 4
297 595 25 3
297 685 15 10
297 690 17 1
297 806 25 9
297 890 16 9
297 901 5 9
297 930 20 5
297 1042 18 3
297 1131 29 4
297 1160 11 4
298 333 17 2
298 334 26 4
298 406 27 8
298 435 46 6
298 528 43 9
298 625 46 3
298 790 44 10
298 807 45 1
298 863 37 10
298 890 11 6
298 930 20 6
298 950 45 6
298 1093 46 6
298 1130 35 8
298 1165 17 2
335 336 34 1
335 337 14 3
335 338 15 9
335 339 48 4
335 340 32 3
335 345 38 7
335 346 12 1
335 355 28 5
335 356 38 9
335 377 3 3
335 380 29 8
335 405 46 8
335 407 25 4
335 420 45 3
335 422 10 3
335 436 12 5
335 437 34 6
335 450 22 9
335 455 38 6
335 457 50 3
335 470 39 6
335 475 26 8
335 502 49 4
335 503 39 9
335 528 28 6
335 549 15 8
335 552 40 5
335 590 12 2
335 592 44 8
335 620 34 5
335 625 8 2
335 626 24 3
335 635 37 9
335 640 35 4
335 642 41 3
335 665 3 10
335 667 30 2
335 688 44 4
335 690 29 9
335 715 38 1
335 718 17 10
335 741 39 10
335 745 45 5
335 790 8 1
335 800 27 10
335 807 38 3
335 811 15 4
335 840 31 9
335 863 3 3
335 881 20 2
335 890 31 4
335 895 48 4
335 901 42 6
335 905 36 1
335 933 9 4
335 951 46 4
335 952 30 6
335 970 48 7
335 975 45 7
335 1003 30 2
335 1005 44 2
335 1040 30 2
335 1041 22 3
335 1057 47 7
335 1058 22 7
335 1081 33 5
335 1094 24 10
335 1095 20 5
335 1121 37 7
335 1132 47 2
335 1135 45 6
335 1160 20 7
335 1165 10 6
335 1166 50 1
335 1177 11 10
335 1178 30 4
340 341 14 2
340 342 4 7
340 343 5 8
340 344 41 6
340 345 1 3
340 346 13 5
340 355 37 2
340 356 38 1
340 375 36 10
340 378 1 10
340 407 16 5
340 422 34 4
340 435 17 3
340 450 22 9
340 455 17 6
340 456 42 10
340 470 16 8
340 474 36 1
340 500 6 5
340 503 17 2
340 526 37 9
340 528 32 3
340 545 10 3
340 548 11 4
340 591 33 6
340 594 48 9
340 620 33 8
340 626 48 3
340 635 21 3
340 642 14 10
340 643 1 10
340 668 14 5
340 686 15 1
340 690 2 8
340 716 37 8
340 717 41 6
340 742 26 5
340 747 46 8
340 790 41 4
340 791 6 7
340 800 24 1
340 806 27 1
340 811 17 8
340 840 41 8
340 842 49 4
340 860 44 5
340 863 48 7
340 880 19 4
340 890 31 6
340 895 22 5
340 900 49 6
340 902 16 10
340 930 38 10
340 933 11 7
340 950 34 3
340 951 14 1
340 972 13 9
340 973 49 4
340 1002 26 1
340 1006 29 5
340 1040 14 5
340 1041 8 5
340 1057 1 7
340 1080 13 10
340 1081 22 4
340 1091 36 8
340 1094 35 9
340 1120 23 10
340 1121 3 4
340 1134 18 2
340 1135 29 1
340 1160 2 9
340 1165 33 7
340 1166 49 1
340 1176 27 8
340 1179 10 10
345 346 49 8
345 347 13 7
345 348 33 9
345 349 39 8
345 350 38 1
345 351 37 1
345 352 44 7
345 353 29 2
345 355 27 10
345 406 36 7
345 422 42 4
345 436 17 7
345 456 24 4
345 475 1 9
345 503 42 2
345 526 10 5
345 545 10 10
345 552 6 4
345 620 34 6
345 625 3 7
345 635 21 1
345 640 46 9
345 686 40 8
345 687 10 8
345 716 6 3
345 743 34 3
345 790 31 3
345 800 46 8
345 807 19 5
345 841 23 5
345 843 19 7
345 860 34 9
345 881 30 5
345 895 11 6
345 930 41 9
345 933 28 1
345 951 44 8
345 952 7 10
345 971 4 8
345 1000 11 10
345 1041 41 5
345 1042 42 9
345 1090 37 6
345 1121 14 2
345 1131 13 10
345 1160 8 7
345 1165 7 6
345 1166 25 5
345 1179 4 8
346 354 49 1
346 356 31 2
346 375 22 9
346 377 48 5
346 407 15 2
346 422 41 3
346 437 8 3
346 450 31 7
346 456 28 9
346 470 24 7
346 504 28 10
346 527 48 10
346 592 7 7
346 626 37 10
346 635 13 4
346 665 6 1
346 668 43 4
346 716 11 7
346 741 18 7
346 790 15 8
346 800 26 5
346 810 31 1
346 860 26 5
346 880 36 1
346 890 7 5
346 895 17 3
346 901 5 1
346 902 50 5
346 974 33 9
346 1006 40 2
346 1055 48 8
346 1056 48 7
346 1081 34 1
346 1092 33 5
346 1121 21 3
346 1131 45 1
346 1160 1 1
346 1175 19 4
355 356 25 7
355 357 43 7
355 358 14 6
355 359 14 1
355 360 14 10
355 361 11 4
355 362 42 9
355 378 20 9
355 421 35 10
355 456 1 10
355 470 38 4
355 503 21 8
355 504 2 9
355 548 38 7
355 594 27 6
355 620 47 3
355 643 12 10
355 686 34 3
355 745 33 4
355 791 45 6
355 800 28 5
355 840 36 6
355 843 8 6
355 863 11 5
355 933 32 2
355 952 27 4
355 974 22 2
355 1081 39 7
355 1121 42 1
355 1132 11 4
355 1165 5 5
356 357 2 10
356 358 17 3
356 363 46 2
356 364 14 4
356 365 2 4
356 366 5 5
356 367 9 7
356 368 30 5
356 405 39 1
356 435 40 1
356 528 5 4
356 625 23 9
356 626 35 7
356 715 38 3
356 744 44 7
356 790 24 2
356 808 12 8
356 880 39 3
356 1001 12 9
356 1002 30 9
356 1055 30 1
356 1094 46 3
356 1121 20 6
357 358 20 8
357 369 16 9
357 370 40 8
357 371 43 2
357 372 22 4
357 406 16 9
357 436 35 10
357 450 47 8
357 456 27 2
357 474 8 6
357 526 28 4
357 635 44 3
357 808 41 7
357 890 12 3
357 895 30 2
357 1041 32 7
357 1090 21 3
357 1160 36 9
358 373 44 5
358 374 22 1
358 375 46 9
358 450 12 7
358 552 47 5
358 592 49 10
358 620 13 5
358 635 6 7
358 665 37 5
358 666 5 4
358 686 46 5
358 716 8 6
358 880 22 8
358 890 9 4
358 895 19 8
358 900 45 8
358 902 43 4
358 933 9 4
358 971 9 4
358 1042 24 10
358 1056 32 10
358 1081 39 4
358 1132 17 10
358 1175 49 1
358 1176 20 5
375 376 28 6
375 377 48 5
375 378 49 10
375 379 32 2
375 380 31 2
375 381 35 7
375 382 8 9
375 383 21 2
375 384 39 3
375 385 50 9
375 422 4 4
375 450 19 7
375 455 13 1
375 471 26 7
375 668 34 8
375 748 14 4
375 790 50 7
375 800 11 6
375 842 15 1
375 863 2 1
375 900 20 5
375 932 40 10
375 970 50 9
375 1005 25 3
375 1042 24 7
375 1160 14 6
376 377 16 7
376 378 13 5
376 379 36 4
376 380 23 6
376 386 31 9
376 387 21 3
376 407 9 4
376 456 22 10
376 504 1 8
376 528 4 4
376 546 14 3
376 620 27 2
376 625 10 5
376 686 28 10
376 719 37 3
376 880 28 2
376 931 37 9
376 950 30 8
376 1081 36 7
376 1166 6 8
376 1175 8 8
377 378 10 9
377 379 28 9
377 380 36 7
377 388 26 10
377 389 36 7
377 390 31 7
377 450 17 2
377 620 3 2
377 625 35 5
377 635 20 3
377 668 32 5
377 689 18 3
377 744 37 1
377 895 19 4
377 1059 18 10
377 1120 35 2
377 1166 14 9
378 379 23 2
378 380 44 10
378 391 12 6
378 392 15 8
378 393 43 8
378 394 12 6
378 436 36 7
378 525 43 4
378 590 44 6
378 641 31 7
378 863 23 3
378 881 6 10
378 890 20 2
378 900 11 5
378 1040 30 8
378 1059 48 2
378 1094 23 9
378 1095 2 7
378 1131 24 2
378 1135 41 9
378 1160 23 1
379 380 4 7
379 395 34 2
379 396 10 10
379 397 11 10
379 398 20 8
379 399 1 7
379 552 37 1
379 719 33 6
379 790 50 9
379 800 34 9
379 807 44 10
379 810 13 10
379 1080 30 4
380 400 11 10
380 401 11 7
380 402 14 4
380 403 49 8
380 404 45 6
380 405 8 6
380 421 33 2
380 436 9 6
380 471 21 4
380 500 34 8
380 591 40 1
380 635 39 1
380 643 30 1
380 840 48 6
380 890 8 9
380 895 33 4
380 953 29 10
380 972 41 1
380 1005 42 1
380 1120 24 4
380 1179 26 1
405 406 6 5
405 407 32 7
405 408 10 5
405 409 9 1
405 410 2 10
405 411 37 7
405 412 18 9
405 413 27 10
405 414 3 8
405 415 48 6
405 416 49 1
405 435 35 10
405 450 22 1
405 457 15 4
405 548 7 10
405 620 37 3
405 635 9 9
405 665 49 1
405 791 12 1
405 805 38 5
405 806 13 6
405 840 45 4
405 860 48 8
405 881 29 8
405 895 28 4
405 950 46 5
405 1000 1 1
405 1040 7 6
405 1081 49 8
405 1095 4 3
405 1121 39 9
405 1135 9 9
405 1160 27 8
405 1166 13 4
405 1177 29 3
406 407 42 3
406 417 33 2
406 435 38 3
406 450 46 6
406 473 12 5
406 474 20 1
406 525 26 2
406 595 18 8
406 625 35 10
406 635 43 9
406 641 34 5
406 666 27 6
406 686 2 5
406 716 19 6
406 746 13 7
406 790 1 9
406 800 19 7
406 843 41 5
406 863 41 4
406 905 40 9
406 932 27 3
406 952 11 9
406 972 13 4
406 1001 28 2
406 1042 44 8
406 1120 5 7
406 1160 26 9
406 1166 28 5
406 1177 27 4
407 418 18 2
407 419 48 4
407 420 42 8
407 422 34 2
407 456 24 7
407 500 14 1
407 528 45 8
407 550 18 8
407 593 18 2
407 625 22 5
407 642 42 4
407 688 44 8
407 718 8 10
407 740 30 8
407 800 13 7
407 890 8 7
407 895 43 3
407 902 5 5
407 932 24 7
407 974 10 7
407 1058 47 5
407 1059 42 5
407 1095 23 9
407 1134 20 3
420 421 48 9
420 422 9 4
420 423 21 4
420 436 44 3
420 450 8 5
420 457 28 6
420 475 20 10
420 500 35 1
420 546 26 6
420 635 31 2
420 643 49 10
420 644 11 2
420 668 24 3
420 742 9 5
420 800 15 6
420 811 37 1
420 890 32 5
420 930 12 3
420 1059 50 3
420 1081 18 8
420 1095 23 8
420 1166 14 7
421 422 39 3
421 424 15 10
421 425 13 1
421 426 43 10
421 427 38 1
421 525 17 8
421 620 37 1
421 626 38 8
421 667 22 7
421 687 50 9
421 717 50 4
421 719 16 1
421 790 37 9
421 840 46 10
421 860 22 10
421 895 29 2
421 903 39 2
421 904 32 8
421 950 19 8
421 973 39 9
421 1005 18 7
421 1041 31 6
421 1092 44 8
421 1121 3 2
421 1132 26 5
421 1133 4 2
421 1160 20 10
422 428 11 1
422 429 48 8
422 430 15 7
422 431 43 7
422 432 37 9
422 433 11 8
422 434 7 6
422 437 17 7
422 450 47 2
422 457 12 10
422 504 28 7
422 526 15 8
422 547 32 4
422 590 34 3
422 594 18 10
422 635 3 9
422 686 50 5
422 749 50 8
422 791 14 4
422 800 46 2
422 811 50 7
422 843 3 2
422 863 21 2
422 880 13 4
422 881 14 10
422 890 25 2
422 931 45 7
422 952 8 9
422 973 30 5
422 1006 29 4
422 1040 43 8
422 1080 27 8
422 1121 10 8
422 1165 45 10
422 1178 31 8
422 1179 25 10
435 436 36 7
435 437 12 8
435 438 32 2
435 439 7 2
435 440 25 9
435 441 36 7
435 456 39 4
435 503 43 7
435 527 40 1
435 552 6 5
435 625 43 5
435 665 27 2
435 685 21 4
435 717 48 7
435 740 6 2
435 791 34 10
435 800 38 9
435 808 35 3
435 841 13 6
435 931 35 7
435 973 48 9
435 974 34 8
435 1007 25 7
435 1094 48 10
435 1120 48 6
435 1160 38 10
435 1166 1 9
436 437 1 7
436 442 4 10
436 443 34 10
436 444 20 5
436 450 31 1
436 593 16 7
436 620 36 7
436 625 35 8
436 641 7 3
436 668 39 5
436 747 38 6
436 791 30 8
436 840 5 3
436 861 22 7
436 890 45 7
436 895 35 1
436 902 44 3
436 904 41 1
436 932 16 8
436 950 45 5
436 953 2 7
436 1001 2 5
436 1056 24 8
436 1080 28 5
436 1120 24 7
436 1131 6 9
437 445 6 8
437 446 9 7
437 447 16 5
437 448 8 10
437 449 47 9
437 450 32 5
437 470 34 4
437 474 3 7
437 504 42 9
437 525 34 1
437 548 4 4
437 591 33 9
437 620 10 6
437 635 41 3
437 642 3 7
437 687 9 5
437 718 12 4
437 863 16 3
437 881 25 6
437 890 23 9
437 1040 29 2
437 1041 28 8
437 1056 7 4
437 1081 24 4
437 1094 12 5
437 1166 13 3
437 1175 26 10
437 1177 8 8
450 451 8 2
450 452 11 2
450 453 36 9
450 454 9 6
450 457 50 5
450 473 15 10
450 475 38 1
450 502 27 6
450 504 28 8
450 525 30 5
450 527 45 8
450 546 16 4
450 553 42 9
450 593 3 1
450 594 13 1
450 620 8 10
450 625 38 2
450 626 47 8
450 635 22 6
450 643 22 9
450 644 40 8
450 666 12 1
450 667 33 5
450 685 39 8
450 717 22 1
450 744 7 8
450 747 48 8
450 790 1 8
450 800 33 4
450 807 25 8
450 810 41 5
450 841 14 4
450 842 42 2
450 860 21 4
450 862 9 10
450 881 9 6
450 890 18 3
450 895 15 10
450 900 4 7
450 902 28 5
450 931 7 10
450 933 18 5
450 952 4 5
450 953 45 10
450 970 9 1
450 973 42 10
450 1002 48 10
450 1004 47 6
450 1040 25 8
450 1042 14 8
450 1056 11 3
450 1059 20 1
450 1080 23 8
450 1081 19 1
450 1091 17 9
450 1120 9 2
450 1121 19 7
450 1130 42 1
450 1134 29 1
450 1160 37 10
450 1165 16 1
450 1166 45 10
450 1177 47 2
450 1178 1 2
455 456 20 10
455 457 46 9
455 458 8 1
455 459 8 8
455 460 35 6
455 461 38 7
455 462 32 7
455 463 34 1
455 464 15 6
455 525 2 5
455 552 22 1
455 620 22 3
455 625 34 7
455 667 36 5
455 685 45 9
455 716 41 1
455 719 17 10
455 790 7 10
455 791 26 10
455 805 20 3
455 862 43 9
455 863 13 2
455 880 13 6
455 890 48 5
455 895 27 8
455 951 42 6
455 974 41 2
455 1003 23 10
455 1040 45 7
455 1080 44 9
455 1092 36 8
455 1131 16 9
455 1160 23 2
455 1166 50 6
455 1178 24 2
456 457 20 6
456 465 25 9
456 475 12 2
456 503 29 9
456 526 27 10
456 620 15 9
456 635 24 8
456 668 44 7
456 687 15 4
456 744 20 1
456 745 12 4
456 881 7 9
456 890 26 1
456 895 36 9
456 902 27 3
456 951 25 10
456 1056 46 8
456 1093 26 5
456 1120 49 5
456 1160 44 3
456 1165 32 2
457 466 25 5
457 467 13 6
457 468 38 2
457 469 40 3
457 474 43 10
457 504 31 1
457 591 8 2
457 594 35 1
457 641 28 2
457 643 23 1
457 800 12 1
457 810 25 3
457 840 37 3
457 842 23 10
457 905 18 1
457 930 16 2
457 933 45 5
457 975 46 7
457 1006 3 10
457 1041 26 10
457 1057 21 1
457 1080 16 2
457 1121 48 1
457 1134 42 9
457 1175 3 8
470 471 26 6
470 472 31 7
470 473 12 4
470 474 17 4
470 475 18 1
470 476 1 9
470 500 21 10
470 592 30 3
470 667 25 8
470 685 11 8
470 744 13 2
470 791 48 2
470 807 20 2
470 810 13 5
470 881 3 10
470 973 41 5
470 1042 46 9
470 1095 19 3
471 472 18 7
471 473 25 5
471 474 22 7
471 475 15 2
471 477 41 3
471 478 37 1
471 620 39 3
471 790 42 1
471 902 47 5
471 1003 13 1
471 1080 11 8
471 1094 3 6
472 473 6 10
472 474 39 2
472 475 27 9
472 479 19 2
472 480 17 8
472 481 50 5
472 482 47 9
472 483 32 7
472 484 7 2
472 485 42 1
472 635 27 5
472 800 30 6
472 890 9 8
472 901 21 7
472 930 50 4
472 1005 5 3
472 1056 40 8
472 1080 6 6
472 1120 32 7
472 1133 36 2
472 1135 44 6
472 1166 42 8
473 474 31 2
473 475 29 8
473 486 41 2
473 487 33 8
473 551 47 3
473 592 5 10
473 625 33 9
473 641 7 1
473 642 29 10
473 841 42 9
473 895 11 4
473 952 39 9
473 953 38 4
473 1042 47 9
473 1058 18 10
473 1160 16 2
473 1177 48 6
474 475 15 7
474 488 17 5
474 489 25 8
474 490 1 4
474 491 50 2
474 504 5 9
474 526 37 9
474 716 26 5
474 718 45 4
474 860 30 3
474 862 19 4
474 881 35 8
474 890 14 3
474 1179 39 9
475 492 46 10
475 493 17 9
475 494 31 4
475 495 23 5
475 496 45 7
475 497 29 1
475 498 26 7
475 499 21 1
475 526 23 10
475 551 23 8
475 620 37 6
475 626 9 1
475 635 29 5
475 665 26 1
475 685 42 2
475 746 1 1
475 800 5 9
475 841 14 10
475 895 30 6
475 931 23 4
475 1121 3 5
475 1160 28 1
475 1165 41 2
500 501 23 10
500 502 27 7
500 503 22 2
500 504 24 9
500 505 38 3
500 506 29 6
500 507 35 4
500 508 25 4
500 547 33 8
500 635 29 8
500 689 20 6
500 791 26 5
500 800 27 7
500 808 49 9
500 895 27 8
500 975 40 2
500 1001 8 1
500 1042 43 6
500 1081 11 3
500 1132 46 9
501 502 28 7
501 503 15 7
501 504 5 9
501 509 3 9
501 510 27 4
501 511 4 3
501 512 5 2
501 513 49 2
501 595 48 9
501 635 6 6
501 686 13 7
501 800 29 8
501 843 22 10
501 880 5 9
501 890 5 1
501 901 25 8
501 902 8 2
501 932 31 5
501 950 11 1
501 1059 7 10
501 1134 8 8
501 1160 20 2
501 1165 12 4
501 1176 17 6
502 503 36 8
502 504 20 3
502 514 19 9
502 515 40 9
502 516 49 1
502 517 44 1
502 626 9 10
502 641 29 3
502 666 33 2
502 741 39 3
502 791 16 8
502 890 20 5
502 931 10 7
502 953 3 7
502 1041 27 10
502 1081 14 7
502 1090 34 4
503 504 44 6
503 518 36 3
503 519 6 5
503 520 3 8
503 521 43 10
503 525 23 2
503 528 26 1
503 545 35 5
503 620 8 8
503 625 9 10
503 717 34 8
503 747 50 8
503 863 11 1
503 880 44 8
503 970 45 7
503 1007 26 6
503 1095 6 4
503 1121 6 8
503 1160 27 4
504 522 6 9
504 523 36 8
504 524 6 9
504 591 30 1
504 643 7 2
504 667 12 8
504 716 42 2
504 806 45 5
504 843 25 4
504 1059 26 1
504 1120 30 4
504 1166 40 8
504 1175 15 4
525 526 32 7
525 527 11 8
525 528 42 5
525 529 30 2
525 530 42 5
525 548 23 9
525 635 42 2
525 716 22 8
525 800 12 2
525 890 47 1
525 933 12 2
525 953 3 4
525 1120 35 8
525 1121 12 7
525 1160 3 8
525 1178 44 7
526 527 31 4
526 528 28 7
526 531 14 6
526 532 43 6
526 533 46 4
526 534 27 8
526 548 15 1
526 593 14 1
526 594 18 1
526 626 44 2
526 667 29 5
526 685 42 10
526 716 35 6
526 800 9 2
526 843 24 8
526 862 21 4
526 880 31 9
526 890 23 2
526 902 31 6
526 904 26 10
526 974 34 1
526 1003 34 2
526 1081 30 6
526 1094 36 9
526 1135 48 9
526 1178 2 2
527 528 45 10
527 535 14 6
527 536 12 1
527 537 11 7
527 665 33 3
527 746 8 1
527 790 26 9
527 807 14 7
527 881 36 7
527 895 4 7
527 950 45 3
527 975 48 7
527 1006 35 2
527 1041 43 3
527 1056 48 6
527 1059 38 3
527 1135 14 7
527 1160 4 8
527 1166 27 8
528 538 11 2
528 539 18 1
528 540 46 4
528 541 26 2
528 542 9 9
528 543 47 2
528 544 46 4
528 620 18 9
528 625 33 2
528 642 25 5
528 644 29 8
528 690 10 2
528 744 19 9
528 790 22 3
528 841 27 6
528 861 28 3
528 930 3 4
528 1081 18 2
528 1093 49 4
545 546 7 6
545 547 2 1
545 548 42 8
545 549 10 9
545 550 13 3
545 551 22 2
545 552 20 3
545 553 24 3
545 554 25 10
545 555 34 8
545 556 27 7
545 557 34 2
545 558 5 4
545 559 15 7
545 841 22 7
545 890 11 2
545 904 37 1
545 975 44 4
545 1121 13 1
546 547 47 4
546 548 44 9
546 549 12 1
546 550 32 1
546 551 37 7
546 552 1 3
546 553 5 1
546 560 44 7
546 561 30 3
546 562 35 5
546 563 37 10
546 564 32 2
546 590 19 9
546 635 24 5
546 644 43 7
546 668 43 1
546 800 18 5
546 881 41 2
546 1135 34 9
546 1160 17 8
547 548 49 7
547 549 45 2
547 550 26 10
547 551 3 10
547 552 40 8
547 553 11 4
547 565 22 3
547 566 23 5
547 567 8 5
547 568 27 6
547 625 2 6
547 689 12 1
547 749 33 7
547 1134 31 5
547 1179 16 9
548 549 20 10
548 550 4 6
548 551 9 6
548 552 50 4
548 553 41 7
548 569 34 5
548 719 2 1
548 791 39 7
548 862 31 6
548 890 1 2
548 930 30 7
548 1093 40 6
548 1095 18 6
549 550 9 8
549 551 40 10
549 552 6 9
549 553 9 4
549 570 19 2
549 571 40 3
549 626 37 9
549 800 22 6
549 971 37 10
549 1042 36 4
549 1165 26 6
550 551 14 6
550 552 9 5
550 553 26 10
550 572 30 2
550 573 49 1
550 574 49 3
550 575 14 2
550 576 42 8
550 577 41 5
550 620 3 9
550 806 31 1
550 861 18 5
550 895 30 7
550 931 32 6
550 951 28 2
551 552 40 5
551 553 45 9
551 578 9 9
551 579 33 7
551 635 35 7
551 667 9 6
551 715 30 7
551 741 27 9
551 953 25 8
551 1081 45 2
551 1160 1 5
552 553 50 7
552 580 34 1
552 581 4 9
552 582 7 6
552 583 28 3
552 584 37 3
552 585 47 1
552 586 23 6
552 591 21 5
552 620 45 9
552 642 20 2
552 689 13 8
552 790 28 1
552 808 34 9
552 843 23 7
552 1000 14 2
552 1042 26 6
552 1081 33 5
552 1120 24 8
552 1177 38 7
553 587 16 6
553 588 14 3
553 589 15 5
553 880 45 6
553 903 11 5
553 1006 46 7
553 1057 1 4
553 1165 46 7
576 495 43 7
590 591 28 3
590 592 6 2
590 593 10 7
590 594 29 10
590 595 13 10
590 596 32 9
590 597 38 3
590 598 9 10
590 625 22 8
590 688 19 6
590 800 46 8
590 809 49 1
590 841 35 7
590 904 6 7
590 930 44 6
590 1055 7 1
590 1177 33 3
591 592 20 10
591 593 41 1
591 594 33 10
591 595 22 5
591 599 47 6
591 600 39 3
591 640 21 1
591 749 5 9
591 790 23 8
591 890 40 9
591 953 3 10
591 1042 28 3
591 1135 22 1
591 1160 36 9
591 1165 30 7
591 1175 19 5
592 593 31 8
592 594 32 4
592 595 9 5
592 601 31 2
592 602 30 9
592 603 25 4
592 604 34 9
592 605 23 10
592 606 23 5
592 607 48 9
592 635 38 7
592 863 36 3
592 881 47 3
592 890 33 2
592 975 11 9
592 1041 14 3
592 1055 18 1
592 1080 14 2
593 594 39 9
593 595 44 1
593 608 19 2
593 609 35 10
593 610 41 6
593 611 13 4
593 612 7 9
593 613 50 4
593 620 6 4
593 635 14 8
593 668 4 9
593 716 15 9
593 790 37 5
593 800 21 6
593 809 32 10
593 1003 50 3
593 1131 3 3
594 595 39 3
594 614 16 2
594 625 14 4
594 640 16 6
594 665 39 8
594 685 38 10
594 716 31 3
594 842 6 5
594 861 6 6
594 895 6 1
594 933 3 3
594 1001 15 9
594 1081 7 8
594 1160 40 4
594 1166 26 5
595 615 44 6
595 616 36 4
595 617 17 6
595 618 13 2
595 619 17 7
595 620 45 1
595 745 27 1
595 880 9 9
595 901 30 4
595 951 43 3
595 971 30 7
595 1090 19 10
595 1091 25 1
595 1120 13 1
620 621 49 5
620 622 40 4
620 623 12 1
620 624 11 5
620 625 40 10
620 635 38 10
620 640 23 7
620 643 1 10
620 667 17 6
620 687 22 8
620 688 36 4
620 715 29 7
620 719 1 5
620 746 43 2
620 748 18 4
620 790 4 5
620 791 39 1
620 800 47 6
620 805 40 8
620 808 37 2
620 840 44 4
620 860 9 7
620 881 7 8
620 890 9 6
620 895 50 10
620 902 35 2
620 904 9 4
620 931 40 2
620 952 23 10
620 971 19 9
620 975 39 8
620 1003 37 8
620 1005 46 1
620 1040 39 1
620 1041 50 3
620 1055 1 7
620 1056 21 6
620 1080 4 1
620 1081 30 9
620 1093 24 4
620 1094 17 4
620 1120 9 9
620 1133 24 6
620 1160 36 8
620 1166 36 1
620 1175 41 5
620 1179 45 3
625 626 12 4
625 627 25 7
625 628 11 9
625 629 22 7
625 630 32 9
625 631 26 3
625 635 50 6
625 642 33 3
625 666 8 3
625 688 24 10
625 716 37 1
625 744 9 5
625 807 38 9
625 890 10 8
625 895 40 2
625 902 15 8
625 931 35 6
625 951 19 7
625 970 44 2
625 1042 14 3
625 1057 1 1
625 1080 38 5
625 1090 1 3
625 1121 49 7
625 1131 19 7
625 1133 22 8
626 632 37 4
626 633 35 2
626 634 3 6
626 641 36 5
626 666 3 8
626 690 47 3
626 746 11 1
626 790 42 1
626 791 44 1
626 800 26 9
626 806 48 6
626 840 24 6
626 842 3 1
626 860 36 7
626 863 39 3
626 880 10 9
626 881 45 3
626 905 39 8
626 933 17 2
626 953 29 5
626 1003 17 9
626 1005 17 6
626 1041 10 6
626 1059 36 10
626 1080 50 7
626 1090 28 1
626 1120 16 7
626 1160 3 2
626 1166 46 1
626 1175 7 7
626 1177 49 2
635 636 20 1
635 637 33 2
635 638 7 1
635 639 43 9
635 644 27 5
635 666 39 4
635 668 5 7
635 685 12 5
635 689 4 1
635 716 40 4
635 717 48 3
635 741 35 5
635 745 14 10
635 791 23 8
635 800 2 9
635 809 9 5
635 840 42 6
635 862 11 9
635 880 30 9
635 881 46 3
635 890 10 6
635 895 47 7
635 901 33 2
635 904 43 6
635 930 21 4
635 933 37 6
635 951 5 7
635 952 36 1
635 972 21 2
635 973 32 2
635 1002 48 6
635 1007 40 3
635 1040 45 8
635 1042 46 2
635 1056 33 10
635 1080 47 9
635 1094 6 2
635 1095 4 9
635 1120 25 3
635 1130 19 4
635 1132 17 1
635 1160 47 3
635 1165 22 8
635 1166 47 2
635 1177 11 3
635 1179 31 3
640 641 19 1
640 642 27 8
640 643 26 10
640 644 12 3
640 645 23 2
640 646 40 3
640 647 39 8
640 648 39 3
640 649 36 5
640 650 1 8
640 651 4 4
640 741 27 9
640 862 38 5
640 880 41 8
640 890 33 9
640 932 29 8
640 950 28 9
640 971 16 8
640 975 17 5
640 1042 30 6
640 1133 14 9
640 1160 9 3
641 642 8 9
641 643 7 9
641 644 36 3
641 652 30 9
641 653 34 3
641 717 47 9
641 805 50 5
641 840 15 3
641 842 47 10
641 895 18 1
641 1132 20 9
641 1160 10 5
642 643 15 1
642 644 17 6
642 654 39 1
642 655 42 6
642 656 32 3
642 657 38 6
642 658 37 2
642 668 27 1
642 685 1 4
642 715 38 8
642 747 33 8
642 790 28 5
642 880 48 7
642 895 49 10
642 901 26 7
642 951 8 3
642 1006 17 10
642 1041 39 5
642 1059 26 2
642 1080 36 8
642 1081 24 7
642 1095 21 6
642 1176 44 7
643 644 33 6
643 659 2 6
643 660 9 5
643 661 42 6
643 662 36 2
643 663 8 10
643 689 48 4
643 791 34 9
643 900 3 6
643 1120 48 7
643 1121 10 7
643 1166 16 9
644 664 25 1
644 665 32 2
644 800 3 1
644 810 44 2
644 861 40 9
644 890 24 10
644 932 15 10
644 1000 29 4
644 1055 44 6
644 1090 21 4
644 1166 22 5
644 1176 47 10
665 666 12 10
665 667 7 8
665 668 27 2
665 669 34 5
665 670 4 1
665 671 5 7
665 672 8 7
665 716 38 6
665 791 33 10
665 881 2 8
665 895 11 10
665 904 44 8
665 951 29 8
665 1056 43 4
665 1080 41 7
665 1160 32 10
665 1165 42 4
666 667 41 9
666 668 41 7
666 673 5 5
666 674 46 8
666 675 28 6
666 743 25 4
666 800 33 9
666 890 23 6
666 932 21 6
666 1081 22 9
666 1120 47 1
666 1135 38 6
666 1179 49 8
667 668 34 3
667 676 36 8
667 685 48 3
667 686 33 8
667 746 41 6
667 790 22 5
667 800 45 10
667 807 1 8
667 810 29 7
667 841 4 9
667 895 21 9
667 932 12 7
667 1002 21 3
667 1093 41 10
667 1121 39 5
667 1134 9 2
668 677 22 10
668 678 46 8
668 679 36 4
668 680 3 1
668 681 42 1
668 682 26 10
668 683 20 4
668 684 28 9
668 717 49 1
668 842 49 3
668 860 25 4
668 863 39 2
668 880 49 2
668 890 44 6
668 903 3 3
668 953 37 5
668 973 34 1
668 974 1 5
668 1006 23 1
668 1040 42 4
668 1056 8 7
668 1091 45 4
668 1160 41 3
668 1165 12 8
668 1177 14 2
685 686 18 1
685 687 18 3
685 688 15 6
685 689 43 9
685 690 18 6
685 691 7 7
685 692 13 6
685 693 8 4
685 694 26 8
685 744 32 6
685 791 7 1
685 800 40 7
685 807 35 6
685 809 3 6
685 881 21 9
685 890 23 4
685 1041 10 3
685 1055 34 8
685 1081 35 8
685 1093 39 10
685 1120 49 10
685 1130 18 1
686 687 48 2
686 688 4 5
686 689 46 4
686 690 14 6
686 695 46 10
686 696 17 3
686 933 20 6
686 1166 42 5
687 688 29 8
687 689 49 4
687 690 34 1
687 697 2 3
687 698 45 3
687 699 18 4
687 700 39 3
687 701 14 3
687 702 23 7
687 703 25 7
687 716 37 3
687 717 10 1
687 745 26 3
687 860 35 9
687 890 17 10
687 952 12 1
687 975 11 1
687 1132 15 6
687 1160 14 6
687 1178 17 4
688 689 41 6
688 690 45 8
688 704 22 8
688 705 32 3
688 706 30 1
688 707 19 8
688 708 17 6
688 861 16 3
688 895 38 9
688 905 4 5
688 930 50 2
688 1003 39 9
688 1040 18 2
689 690 2 5
689 709 26 7
689 710 25 9
689 790 42 7
689 800 4 3
689 841 36 8
689 895 18 9
689 905 26 5
689 951 41 8
689 1004 14 8
689 1081 15 7
689 1093 23 6
689 1179 19 10
690 711 37 8
690 712 34 8
690 713 50 10
690 714 47 7
690 840 40 5
690 880 9 5
690 974 6 9
690 1120 5 4
690 1160 7 8
690 1165 44 4
715 716 10 7
715 717 26 8
715 718 20 6
715 719 31 4
715 720 13 1
715 749 28 8
715 841 1 7
715 881 11 10
715 895 40 3
715 931 14 6
715 933 19 8
715 972 20 7
715 1040 21 1
715 1057 25 3
715 1081 5 2
715 1120 17 4
715 1160 42 2
715 1166 48 7
715 1177 30 2
716 717 33 4
716 718 5 8
716 719 23 9
716 721 44 3
716 722 38 3
716 723 20 7
716 724 11 7
716 725 15 1
716 726 1 4
716 727 8 9
716 791 50 8
716 800 31 1
716 805 27 2
716 841 44 2
716 951 18 8
716 1005 30 8
716 1081 30 8
716 1094 9 5
716 1121 24 8
716 1134 25 2
716 1166 2 4
717 718 43 4
717 719 45 9
717 728 48 2
717 729 5 7
717 730 37 7
717 731 16 5
717 790 19 6
717 810 37 9
717 862 18 10
717 890 40 2
717 952 6 8
718 719 7 8
718 732 5 9
718 733 25 6
718 734 30 9
718 735 40 1
718 736 49 2
718 737 20 2
718 738 39 5
718 800 44 10
718 901 9 4
718 972 44 6
718 1040 18 1
718 1134 20 10
718 1179 9 4
719 739 39 2
719 745 18 9
719 861 5 9
719 880 14 3
719 890 46 8
719 901 25 7
719 1058 10 2
719 1095 17 9
740 741 5 8
740 742 19 7
740 743 4 1
740 744 7 6
740 745 12 8
740 746 22 2
740 747 22 6
740 748 47 6
740 749 32 7
740 750 13 5
740 751 40 7
740 752 4 9
740 753 8 6
740 754 45 9
740 755 35 9
740 756 16 2
740 890 26 6
740 895 40 4
740 901 6 6
740 1160 38 5
740 1165 44 4
741 742 21 1
741 743 7 2
741 744 42 4
741 745 23 9
741 746 7 9
741 747 16 10
741 748 35 2
741 749 29 7
741 757 36 4
741 758 39 10
741 759 34 9
741 760 43 8
741 800 3 6
741 840 49 3
741 890 2 10
741 1042 28 5
741 1093 20 7
741 1135 45 1
742 743 12 1
742 744 6 5
742 745 40 7
742 746 10 10
742 747 41 5
742 748 24 3
742 749 30 8
742 761 40 4
742 762 29 7
742 763 6 3
742 764 31 7
742 800 38 9
742 952 20 9
742 1080 12 9
742 1177 10 10
743 744 40 2
743 745 22 3
743 746 34 6
743 747 22 2
743 748 17 9
743 749 45 1
743 765 46 2
743 766 23 6
743 1059 13 9
744 745 42 8
744 746 5 9
744 747 6 5
744 748 7 3
744 749 5 2
744 767 13 5
744 768 33 5
744 769 42 1
744 770 42 2
744 806 34 7
744 975 35 6
744 1080 34 10
745 746 9 9
745 747 18 4
745 748 46 10
745 749 33 3
745 771 3 6
745 772 41 3
745 773 36 9
745 774 24 3
745 775 33 3
745 880 31 7
745 931 34 3
745 932 13 6
745 1120 39 1
745 1175 1 7
746 747 6 2
746 748 21 2
746 749 8 9
746 776 32 1
746 777 30 4
746 778 7 5
746 843 31 2
746 860 21 10
746 880 36 7
746 970 16 9
746 1001 20 5
747 748 32 5
747 749 27 9
747 779 3 1
747 780 17 10
747 781 7 10
747 782 12 10
747 783 1 9
747 784 7 4
747 791 18 2
747 805 26 9
747 905 44 9
747 953 44 2
747 1095 19 1
747 1160 26 5
748 749 50 5
748 785 47 10
748 1121 26 6
748 1130 6 9
749 786 32 8
749 787 39 9
749 788 8 8
749 789 26 8
749 791 6 8
749 860 13 9
749 895 42 2
749 1006 39 10
749 1040 38 4
749 1059 10 3
749 1166 28 2
790 791 47 4
790 792 33 9
790 793 44 2
790 800 7 7
790 809 40 1
790 843 9 10
790 880 8 7
790 972 6 10
790 1002 26 5
790 1041 44 2
790 1042 45 7
790 1055 21 4
790 1056 1 4
790 1080 11 1
790 1081 44 10
790 1095 36 7
790 1121 29 4
790 1160 4 9
790 1165 44 8
790 1166 46 5
791 794 24 1
791 795 13 3
791 796 46 6
791 797 7 3
791 798 19 8
791 799 27 8
791 805 8 8
791 861 27 10
791 881 1 4
791 890 15 5
791 895 6 3
791 900 32 6
791 903 41 2
791 930 50 1
791 931 18 9
791 951 47 8
791 953 48 5
791 970 18 4
791 1002 45 3
791 1094 17 2
791 1120 47 5
791 1131 41 7
791 1160 26 10
791 1175 39 9
791 1177 9 8
800 801 45 1
800 802 26 2
800 803 9 2
800 804 24 4
800 807 45 6
800 811 8 3
800 842 32 2
800 862 50 5
800 863 1 8
800 881 29 9
800 890 40 7
800 895 14 5
800 903 1 8
800 930 30 1
800 932 44 4
800 952 26 7
800 972 1 9
800 975 7 8
800 1002 11 5
800 1005 44 3
800 1042 26 3
800 1057 11 6
800 1059 31 1
800 1080 46 5
800 1095 48 9
800 1120 43 6
800 1130 38 2
800 1160 36 7
800 1166 39 8
800 1176 11 1
800 1179 7 5
805 806 46 9
805 807 23 2
805 808 48 3
805 809 23 3
805 810 11 8
805 811 21 2
805 812 41 6
805 813 39 3
805 861 27 8
805 862 29 7
805 895 1 8
805 931 47 8
805 932 12 9
805 1041 22 6
805 1090 50 2
805 1120 8 7
805 1131 8 2
805 1165 16 9
805 1177 22 5
805 1179 15 3
806 807 29 9
806 808 39 8
806 809 47 8
806 810 10 10
806 811 45 8
806 814 30 10
806 815 17 8
806 895 23 9
806 952 30 2
806 1055 36 10
806 1121 43 4
807 808 49 2
807 809 16 1
807 810 6 9
807 811 18 2
807 816 29 9
807 817 18 10
807 890 25 4
807 1092 18 8
807 1160 36 7
807 1165 18 7
808 809 34 8
808 810 13 7
808 811 37 9
808 818 28 7
808 819 47 5
808 820 34 9
808 821 30 6
808 822 35 10
808 823 21 6
808 824 6 6
808 881 13 9
808 904 24 7
808 1042 20 2
808 1134 49 4
808 1160 1 10
809 810 33 5
809 811 29 4
809 825 48 2
809 826 9 6
809 827 50 10
809 828 47 2
809 843 47 7
809 905 7 9
809 1058 22 6
809 1080 49 7
810 811 47 7
810 829 44 10
810 830 50 10
810 831 15 1
810 832 27 9
810 833 44 4
810 834 47 1
810 835 25 4
810 836 9 3
810 881 23 1
810 890 50 1
810 970 29 5
810 972 18 2
810 1004 7 6
811 837 17 8
811 838 6 7
811 839 11 7
811 841 46 4
811 951 2 5
811 1003 12 2
811 1080 19 3
840 841 32 4
840 842 38 6
840 843 28 7
840 844 47 7
840 845 48 1
840 846 23 1
840 880 6 3
840 900 46 3
840 952 29 9
840 1042 44 10
840 1093 11 1
840 1120 18 8
840 1135 9 3
840 1160 33 2
841 842 44 4
841 843 20 6
841 847 46 8
841 848 1 9
841 849 24 1
841 890 2 6
841 951 49 1
841 1056 1 3
841 1058 10 5
841 1080 26 9
841 1081 19 10
841 1091 12 4
841 1166 19 3
842 843 1 2
842 850 38 2
842 851 10 2
842 863 9 10
842 895 14 8
842 931 30 7
842 973 3 8
842 1121 18 2
842 1160 47 4
842 1165 4 10
842 1176 25 6
843 852 35 8
843 853 32 7
843 854 13 6
843 855 21 10
843 856 47 5
843 857 9 10
843 858 50 9
843 859 48 5
843 860 15 9
843 890 16 1
843 901 28 7
843 931 40 4
843 972 24 3
843 1003 49 3
843 1007 21 9
843 1042 44 5
843 1134 12 10
843 1176 33 9
860 861 16 5
860 862 15 8
860 863 40 7
860 864 43 5
860 865 49 8
860 866 45 9
860 867 13 10
860 868 3 10
860 880 32 5
860 890 18 7
860 902 26 3
860 1002 2 8
860 1003 6 9
860 1094 31 9
860 1120 17 6
860 1130 5 7
860 1166 46 9
860 1176 9 3
861 862 6 7
861 863 49 2
861 869 2 10
861 930 14 3
861 975 40 1
861 1041 30 4
861 1132 19 9
861 1160 9 1
862 863 25 8
862 870 11 2
862 871 42 6
862 872 32 4
862 873 40 1
862 895 4 8
862 933 26 5
862 974 46 4
862 1056 34 3
862 1081 34 3
862 1160 38 6
862 1178 42 4
863 874 29 8
863 875 26 2
863 876 49 2
863 877 15 2
863 878 35 9
863 879 17 2
863 895 3 8
863 900 30 2
863 950 32 3
863 953 27 1
863 1041 8 4
863 1059 45 5
863 1080 38 7
863 1092 34 1
863 1120 44 7
863 1166 11 10
880 881 8 1
880 882 36 5
880 883 21 9
880 884 14 1
880 890 20 6
880 895 50 8
880 905 5 9
880 932 7 2
880 951 8 3
880 975 39 3
880 1040 28 9
880 1080 49 4
880 1081 49 10
880 1094 23 3
880 1120 29 2
880 1131 34 4
880 1133 7 9
880 1160 44 8
880 1176 42 7
881 885 21 7
881 886 20 7
881 887 43 5
881 888 48 3
881 889 20 2
881 890 28 5
881 904 26 7
881 930 43 9
881 952 43 5
881 972 13 3
881 1005 14 10
881 1006 35 6
881 1041 3 2
881 1056 10 9
881 1057 38 10
881 1093 9 1
881 1160 16 7
881 1165 2 6
881 1166 40 8
881 1179 7 8
890 891 17 9
890 892 6 4
890 893 16 7
890 894 2 3
890 895 2 8
890 902 4 3
890 905 6 4
890 932 12 7
890 952 39 8
890 970 11 2
890 974 10 4
890 1002 5 5
890 1005 27 5
890 1042 37 4
890 1058 25 3
890 1059 19 1
890 1080 37 8
890 1081 14 10
890 1090 38 9
890 1091 46 9
890 1120 25 6
890 1130 1 10
890 1132 9 8
890 1160 4 7
890 1166 23 1
890 1176 5 5
890 1177 34 2
895 896 47 9
895 897 36 7
895 898 24 10
895 899 26 1
895 903 25 8
895 904 22 10
895 932 16 6
895 933 50 5
895 952 21 6
895 953 29 10
895 970 7 5
895 973 45 7
895 1004 13 2
895 1007 37 9
895 1040 44 7
895 1041 45 9
895 1056 17 2
895 1058 47 2
895 1080 25 9
895 1081 43 7
895 1091 19 3
895 1093 45 7
895 1121 6 7
895 1132 32 5
895 1134 16 9
895 1160 45 4
895 1165 3 9
895 1166 49 10
895 1176 28 10
895 1179 38 8
900 901 24 1
900 902 43 1
900 903 18 5
900 904 28 10
900 905 17 9
900 906 15 4
900 907 37 10
900 930 1 7
900 932 19 7
900 951 43 8
900 952 33 1
900 1056 37 7
900 1095 46 3
901 902 4 10
901 903 48 9
901 904 30 3
901 905 11 6
901 908 41 7
901 909 48 7
901 910 29 3
901 911 27 7
901 970 23 5
901 1040 39 3
901 1121 42 6
901 1133 33 4
902 903 43 4
902 904 6 2
902 905 1 3
902 912 11 7
902 913 15 5
902 914 34 9
902 915 24 8
902 916 27 4
902 1000 29 4
902 1093 44 8
903 904 30 4
903 905 7 7
903 917 25 10
903 918 30 1
903 919 8 1
903 920 40 3
903 921 1 2
903 922 42 5
903 1055 34 7
904 905 3 6
904 923 45 7
904 924 29 5
904 925 34 4
904 926 23 5
904 927 29 3
904 1041 41 8
904 1120 14 8
904 1131 19 10
904 1166 27 10
904 1175 42 10
904 1178 16 10
905 928 27 5
905 929 31 8
905 1001 32 3
905 1081 25 8
905 1160 37 7
905 1166 15 10
930 931 50 6
930 932 50 2
930 933 29 10
930 934 5 9
930 935 27 1
930 936 23 8
930 937 21 3
930 938 33 9
930 1042 4 7
930 1081 46 3
930 1091 37 1
930 1160 20 2
931 932 7 8
931 933 29 1
931 939 13 6
931 940 28 3
931 941 27 9
931 942 15 2
931 943 31 1
931 950 13 3
931 951 28 7
931 970 34 1
931 1002 31 10
931 1059 10 10
931 1095 12 10
931 1132 35 6
931 1160 19 7
931 1177 8 6
931 1178 6 8
932 933 5 7
932 944 38 2
932 945 31 5
932 946 46 8
932 947 45 4
932 971 18 10
932 1007 40 5
932 1042 42 6
932 1056 38 7
932 1120 33 2
932 1134 13 5
932 1165 38 5
932 1166 5 3
933 948 32 8
933 949 15 5
933 1081 30 6
933 1120 9 6
950 951 22 2
950 952 15 6
950 953 6 8
950 954 10 6
950 955 23 3
950 956 5 9
950 970 31 8
950 972 1 9
950 1002 38 6
950 1040 36 3
950 1056 9 8
950 1121 42 8
950 1134 43 6
950 1176 36 10
951 952 11 4
951 953 50 2
951 957 14 9
951 958 31 3
951 959 48 10
951 960 14 9
951 961 22 2
951 962 30 4
951 1059 44 2
951 1121 16 9
951 1135 8 6
951 1160 3 8
952 953 34 6
952 963 9 1
952 964 13 5
952 965 23 9
952 966 36 4
952 967 42 4
952 1000 33 5
952 1081 28 8
952 1179 15 10
953 968 46 5
953 969 29 9
953 1080 23 8
953 1093 1 4
953 1094 7 7
953 1160 25 6
953 1165 17 3
953 1166 8 3
970 971 24 1
970 972 33 2
970 973 15 8
970 974 40 7
970 975 27 9
970 976 46 1
970 977 1 8
970 978 24 9
970 979 15 4
970 1059 9 4
970 1092 18 2
970 1132 11 3
970 1166 39 5
970 1176 19 7
971 972 38 7
971 973 15 5
971 974 40 8
971 975 39 8
971 980 42 2
971 1057 18 6
971 1165 19 9
972 973 45 7
972 974 28 3
972 975 29 5
972 981 17 6
972 982 47 10
972 983 34 6
972 984 45 2
972 985 23 8
972 1000 8 7
972 1042 43 9
972 1120 28 3
973 974 47 9
973 975 17 3
973 986 14 10
973 987 27 6
973 988 43 8
973 989 1 5
973 990 33 8
973 991 11 1
973 1005 5 8
973 1132 45 7
974 975 46 7
974 992 33 3
974 993 29 3
974 994 44 3
974 1041 8 5
974 1081 45 2
974 1093 8 2
974 1160 2 7
975 995 20 10
975 996 36 5
975 997 31 4
975 998 46 2
975 999 48 7
975 1081 4 7
975 1121 5 10
975 1160 7 1
975 1175 28 7
1000 743 23 1
1000 1001 4 10
1000 1002 46 6
1000 1003 4 6
1000 1004 30 1
1000 1005 33 8
1000 1006 5 1
1000 1007 2 2
1000 1008 12 9
1000 1040 33 5
1000 1121 6 10
1000 1160 32 4
1001 1002 9 9
1001 1003 45 8
1001 1004 25 2
1001 1005 11 5
1001 1006 48 7
1001 1007 19 1
1001 1009 4 8
1001 1010 7 8
1001 1011 26 8
1001 1012 20 2
1001 1081 19 3
1001 1121 3 5
1001 1135 2 10
1002 1003 30 8
1002 1004 10 4
1002 1005 49 1
1002 1006 39 9
1002 1007 21 1
1002 1013 21 2
1002 1014 26 5
1002 1015 47 4
1002 1016 3 1
1002 1017 31 6
1002 1018 4 3
1002 1019 3 6
1002 1042 8 2
1002 1058 31 8
1002 1134 7 6
1003 1004 41 5
1003 1005 13 5
1003 1006 34 3
1003 1007 35 10
1003 1020 43 3
1003 1021 22 9
1003 1022 37 7
1003 1023 8 8
1003 1024 11 8
1003 1025 24 1
1003 1081 49 9
1004 1005 4 1
1004 1006 30 7
1004 1007 19 6
1004 1026 31 9
1004 1027 22 9
1004 1028 25 7
1004 1029 26 5
1004 1055 49 2
1005 1006 37 4
1005 1007 46 5
1005 1030 13 5
1005 1031 29 1
1005 1032 18 5
1005 1033 14 4
1005 1094 3 7
1006 1007 23 5
1006 1034 2 10
1006 1035 38 2
1006 1036 40 4
1006 1037 11 9
1006 1093 5 9
1006 1177 47 5
1007 1038 19 3
1007 1039 40 9
1007 1160 45 1
1007 1166 19 2
1007 1176 44 9
1040 1041 4 3
1040 1042 32 1
1040 1043 35 2
1040 1044 45 10
1040 1160 25 1
1040 1165 14 2
1040 1166 13 3
1041 1042 20 9
1041 1045 37 4
1041 1046 5 10
1041 1047 2 8
1041 1048 19 10
1041 1056 43 4
1041 1081 13 6
1041 1091 44 7
1041 1120 33 2
1041 1134 35 6
1041 1135 26 5
1042 1049 15 8
1042 1050 16 9
1042 1051 22 3
1042 1052 7 7
1042 1053 31 10
1042 1054 50 6
1042 1055 16 9
1042 1081 17 8
1042 1120 20 9
1042 1160 32 7
1042 1177 8 8
1042 1178 36 3
1055 1056 6 10
1055 1057 49 6
1055 1058 16 3
1055 1059 16 8
1055 1060 8 10
1055 1061 6 9
1055 1062 48 5
1055 1094 6 4
1056 1057 35 1
1056 1058 32 5
1056 1059 34 4
1056 1063 28 9
1056 1064 20 2
1056 1065 34 6
1056 1066 28 3
1056 1121 18 8
1056 1134 43 3
1056 1160 3 3
1056 1165 46 6
1056 1176 46 5
1057 1058 6 8
1057 1059 20 5
1057 1067 1 4
1057 1080 20 5
1057 1160 30 4
1058 1059 20 4
1058 1068 25 6
1058 1069 8 10
1058 1070 32 4
1058 1071 10 8
1058 1072 47 8
1058 1073 32 10
1058 1074 18 10
1058 1080 35 9
1058 1120 34 5
1059 1075 1 1
1059 1076 37 6
1059 1077 35 10
1059 1078 10 4
1059 1079 36 7
1059 1092 37 6
1059 1135 1 4
1059 1166 22 3
1059 1177 34 7
1080 1081 23 5
1080 1082 7 4
1080 1091 9 1
1080 1095 38 2
1080 1132 7 8
1080 1133 37 5
1080 1160 6 2
1080 1165 48 8
1080 1176 30 10
1080 1179 17 6
1081 1083 40 3
1081 1084 23 3
1081 1085 32 2
1081 1086 50 10
1081 1087 39 7
1081 1088 34 8
1081 1089 14 2
1081 1120 12 2
1081 1121 2 9
1081 1165 3 5
1090 1091 30 2
1090 1092 19 2
1090 1093 33 1
1090 1094 24 6
1090 1095 41 1
1090 1096 22 10
1090 1097 26 1
1090 1098 20 3
1090 1099 43 3
1090 1100 13 5
1090 1101 14 6
1090 1120 39 7
1090 1177 46 9
1091 1092 23 7
1091 1093 44 1
1091 1094 8 10
1091 1095 45 5
1091 1102 36 6
1091 1103 45 7
1091 1104 50 4
1091 1105 28 8
1091 1106 17 9
1091 1107 43 10
1091 1121 31 1
1092 1093 30 5
1092 1094 46 7
1092 1095 20 4
1092 1108 38 3
1092 1160 23 2
1093 1094 1 9
1093 1095 4 2
1093 1109 34 3
1093 1110 5 8
1093 1111 32 9
1093 1112 39 3
1093 1113 18 3
1093 1114 50 8
1093 1131 49 8
1093 1132 32 7
1094 1095 39 7
1094 1115 11 4
1094 1160 21 2
1094 1165 26 5
1095 1116 39 6
1095 1117 45 5
1095 1118 31 8
1095 1119 29 4
1095 1165 25 7
1095 1177 23 3
1120 1121 11 5
1120 1122 50 10
1120 1123 18 3
1120 1124 44 6
1120 1130 35 9
1120 1177 26 9
1121 1125 24 9
1121 1126 26 10
1121 1127 10 7
1121 1128 7 9
1121 1129 38 4
1121 1135 41 3
1121 1160 44 9
1121 1166 2 7
1121 1175 49 2
1130 1131 15 1
1130 1132 34 1
1130 1133 1 2
1130 1134 42 7
1130 1135 12 4
1130 1136 8 8
1130 1137 12 10
1130 1138 30 4
1130 1139 30 5
1130 1140 32 6
1130 1165 35 8
1131 1132 14 6
1131 1133 45 1
1131 1134 11 3
1131 1135 46 8
1131 1141 42 9
1131 1142 15 7
1131 1160 3 7
1131 1176 42 4
1132 1133 15 5
1132 1134 39 9
1132 1135 23 4
1132 1143 41 8
1132 1144 41 6
1132 1166 6 5
1133 1069 7 7
1133 1134 21 5
1133 1135 15 5
1133 1145 32 4
1133 1146 27 8
1133 1147 48 1
1133 1148 40 4
1133 1149 22 7
1134 1135 42 1
1134 1150 10 7
1134 1151 30 7
1134 1152 33 3
1134 1153 40 10
1134 1160 27 8
1135 1154 13 1
1135 1155 32 3
1135 1156 39 3
1135 1157 5 6
1135 1158 17 5
1135 1159 50 5
1135 1178 3 9
1160 1161 3 6
1160 1162 31 4
1160 1163 20 7
1160 1164 46 7
1160 1165 27 4
1160 1166 38 9
1160 1177 12 1
1160 1178 3 7
1165 1166 16 4
1165 1167 29 10
1165 1168 39 1
1165 1169 21 5
1165 1179 7 7
1166 1170 7 8
1166 1171 15 8
1166 1172 47 9
1166 1173 26 4
1166 1174 4 7
1166 1176 21 9
1175 1176 42 4
1175 1177 45 1
1175 1178 40 4
1175 1179 2 10
1175 1180 47 4
1176 1177 5 10
1176 1178 37 4
1176 1179 2 8
1176 1181 32 2
1177 1178 40 3
1177 1179 4 4
1177 1182 17 9
1177 1183 46 6
1177 1184 39 7
1177 1185 9 9
1177 1186 39 9
1177 1187 12 9
1177 1188 26 3
1177 1189 27 5
1178 1179 24 2
1178 1190 7 6
1178 1191 13 8
1178 1192 36 2
1178 1193 29 9
1178 1194 5 5
1178 1195 24 10
1178 1196 42 4
1179 1197 5 3
1179 1198 39 1
1179 1199 30 7

0 1118 18
1 1168 21
2 846 8
3 582 5
4 449 10
5 1145 10
6 936 11
7 67 3
8 613 23
9 944 19
10 804 13
11 47 35
12 704 7
13 28 13
14 678 19
15 458 5
16 562 16
17 656 20
18 937 5
19 844 18
20 766 9
21 611 8
22 7 19
23 1104 33
24 1029 13
25 499 9
26 518 9
27 565 6
28 617 4
29 213 8
30 524 3
31 353 8
32 926 15
33 563 16
34 757 12
35 270 14
36 1087 20
37 1190 2
38 494 17
39 321 34
40 143 7
41 120 8
42 159 27
43 68 10
44 645 11
45 897 25
46 484 3
47 134 19
48 1099 24
49 328 14
50 630 22
51 520 2
52 327 8
53 155 14
54 963 2
55 480 6
56 468 23
57 154 12
58 567 2
59 836 6
60 45 10
61 542 4
62 268 2
63 705 12
64 408 4
65 38 12
66 638 3
67 1078 3
68 103 5
69 921 1
70 251 6
71 674 21
72 1124 20
73 193 21
74 516 27
75 879 8
76 390 16
77 574 12
78 1148 10
79 492 27
80 878 20
81 200 18
82 1164 14
83 1100 4
84 1153 13
85 228 8
86 196 6
87 818 11
88 289 4
89 381 17
90 761 27
91 514 9
92 322 8
93 278 16
94 136 6
95 306 16
96 248 9
97 344 19
98 956 2
99 463 15
100 464 11
101 1199 17
102 1048 4
103 763 3
104 318 16
105 751 9
106 534 12
107 186 18
108 684 19
109 438 18
110 1161 2
111 122 6
112 983 18
113 482 14
114 597 16
115 1171 10
116 857 7
117 772 14
118 117 12
119 83 20
120 461 13
121 797 2
122 966 23
123 899 16
124 23 22
125 767 3
126 495 39
127 859 14
128 393 20
129 98 5
130 707 7
131 1089 6
132 221 10
133 752 2
134 444 9
135 21 3
136 633 23
137 431 21
138 508 9
139 777 20
140 670 2
141 1101 5
142 368 21
143 838 4
144 1198 14
145 447 7
146 865 23
147 14 26
148 309 9
149 1170 3
150 920 18
151 423 7
152 774 12
153 535 5
154 62 5
155 277 25
156 1197 3
157 639 22
158 825 20
159 244 5
160 898 11
161 885 9
162 1067 1
163 605 14
164 882 16
165 1097 9
166 46 13
167 81 5
168 242 7
169 795 9
170 247 17
171 909 27
172 315 14
173 214 6
174 1106 11
175 507 19
176 224 25
177 174 17
178 350 20
179 827 28
180 178 27
181 1196 15
182 833 12
183 618 8
184 1031 8
185 831 6
186 287 19
187 1008 8
188 403 30
189 728 20
190 513 18
191 1051 9
192 1187 9
193 1191 8
194 1169 5
195 652 10
196 417 19
197 943 10
198 163 1
199 386 18
200 440 9
201 855 13
202 102 24
203 875 11
204 1172 27
205 660 4
206 823 5
207 768 17
208 697 2
209 412 13
210 1144 21
211 177 8
212 1192 20
213 1069 6
214 991 6
215 735 24
216 968 23
217 1127 5
218 1163 6
219 1075 1
220 1140 11
221 108 24
222 793 12
223 1159 29
224 119 3
225 672 4
226 310 3
227 1141 22
228 223 10
229 929 12
230 54 13
231 234 14
232 72 14
233 486 28
234 332 26
235 409 3
236 923 30
237 123 3
238 531 4
239 205 10
240 389 20
241 149 10
242 730 18
243 583 8
244 460 24
245 647 25
246 764 8
247 158 15
248 794 12
249 614 6
250 1045 15
251 650 1
252 584 26
253 338 8
254 202 5
255 1119 20
256 131 9
257 1194 2
258 94 16
259 621 13
260 1082 2
261 12 20
262 71 17
263 391 3
264 37 25
265 90 12
266 74 5
267 372 10
268 285 11
269 185 12
270 1122 23
271 664 10
272 1142 9
273 925 24
274 9 6
275 913 7
276 877 7
277 331 11
278 1061 4
279 896 23
280 538 8
281 183 18
282 6 3
283 427 9
284 568 18
285 448 3
286 401 3
287 18 2
288 352 23
289 1036 19
290 985 13
291 175 19
292 962 18
293 1023 3
294 1146 9
295 758 19
296 506 14
297 374 10
298 303 23
299 485 21
300 317 5
301 1086 32
302 267 1
303 396 5
304 489 7
305 132 2
306 1017 11
307 911 18
308 191 24
309 1103 15
310 873 17
311 1076 12
312 25 15
313 1063 18
314 982 23
315 182 25
316 319 4
317 51 10
318 984 24
319 646 9
320 696 10
321 677 14
322 722 14
323 849 6
324 8 24
325 919 3
326 1028 6
327 739 20
328 326 2
329 189 2
330 61 28
331 216 8
332 756 8
333 523 24
334 304 11
335 814 17
336 250 5
337 732 4
338 753 3
339 1060 3
340 786 14
341 701 8
342 960 9
343 917 17
344 1010 4
345 272 12
346 934 4
347 851 6
348 1151 11
349 77 8
350 694 16
351 980 9
352 42 7
353 631 15
354 654 18
355 1152 15
356 682 14
357 693 2
358 75 8
359 1125 12
360 347 8
361 1113 5
362 637 15
363 1186 13
364 577 27
365 199 14
366 1034 2
367 1180 20
368 395 15
369 82 10
370 53 14
371 770 15
372 1068 7
373 616 20
374 65 5
375 1022 13
376 512 3
377 330 4
378 1024 7
379 308 21
380 850 18
381 497 7
382 1117 12
383 370 24
384 651 1
385 469 9
386 1183 18
387 476 1
388 1049 8
389 845 27
390 217 12
391 1013 14
392 348 14
393 819 24
394 129 1
395 434 5
396 510 9
397 254 12
398 428 4
399 1147 11
400 867 8
401 478 10
402 153 24
403 179 3
404 11 8
405 314 13
406 1014 9
407 138 10
408 1155 21
409 64 5
410 397 3
411 1035 10
412 627 7
413 848 1
414 813 22
415 265 12
416 834 24
417 1116 21
418 817 8
419 815 7
420 598 3
421 232 8
422 559 10
423 491 25
424 39 31
425 536 5
426 1136 3
427 623 7
428 241 10
429 945 22
430 414 3
431 483 14
432 269 26
433 1073 20
434 997 15
435 999 33
436 124 21
437 706 13
438 505 20
439 924 10
440 600 18
441 156 17
442 152 28
443 671 2
444 20 14
445 13 3
446 253 3
447 544 16
448 575 9
449 1044 19
450 1143 19
451 893 5
452 539 12
453 399 1
454 759 14
455 564 10
456 604 14
457 280 23
458 996 25
459 1033 9
460 965 11
461 976 30
462 788 6
463 876 21
464 888 22
465 967 20
466 935 19
467 655 14
468 961 8
469 1156 27
470 43 10
471 853 18
472 151 9
473 683 14
474 498 14
475 771 2
476 384 17
477 130 7
478 978 12
479 118 5
