1200 4738 480

0 25 200
1 50 500
2 100 1200
3 150 2800
4 200 4500
5 250 7000

0 1500
1 1500
2 1500
3 1500
4 2000
5 2000
6 1000
7 2000
8 2000
9 1000
10 2000
11 2000
12 2000
13 1000
14 2000
15 1000
16 2000
17 1000
18 2000
19 2000
20 1500
21 1500
22 1500
23 1000
24 2000
25 1000
26 2000
27 1000
28 2000
29 1000
30 2000
31 2000
32 1000
33 1000
34 2000
35 1500
36 1000
37 1000
38 2000
39 2000
40 1500
41 2000
42 1000
43 2000
44 2000
45 1000
46 500
47 500
48 500
49 500
50 1000
51 1500
52 1500
53 500
54 500
55 1000
56 2000
57 1000
58 1000
59 1000
60 2000
61 2000
62 2000
63 1000
64 1000
65 1500
66 1500
67 1500
68 2000
69 1000
70 1000
71 1000
72 2000
73 1000
74 2000
75 2000
76 1000
77 1000
78 1000
79 2000
80 1500
81 1500
82 1000
83 1500
84 1500
85 2000
86 2000
87 2000
88 2000
89 2000
90 2000
91 1000
92 2000
93 2000
94 1000
95 2000
96 1000
97 2000
98 500
99 500
100 2000
101 1000
102 2000
103 1000
104 2000
105 1500
106 1500
107 1500
108 1500
109 1500
110 1500
111 1000
112 2000
113 1000
114 1000
115 1000
116 2000
117 2000
118 1000
119 2000
120 2000
121 1000
122 1000
123 1000
124 2000
125 2000
126 1000
127 2000
128 2000
129 2000
130 2000
131 1000
132 1000
133 1000
134 1000
135 1000
136 2000
137 1000
138 2000
139 500
140 1500
141 1500
142 1500
143 1000
144 1500
145 2000
146 1000
147 1000
148 2000
149 1000
150 1000
151 1000
152 2000
153 2000
154 2000
155 1000
156 1000
157 2000
158 1000
159 500
160 2000
161 1000
162 2000
163 1000
164 1000
165 1500
166 1500
167 1500
168 1500
169 1500
170 1000
171 1000
172 1000
173 1000
174 1000
175 2000
176 1000
177 1000
178 1000
179 2000
180 2000
181 1000
182 1000
183 2000
184 1000
185 2000
186 2000
187 1000
188 2000
189 1000
190 1500
191 1000
192 1000
193 1000
194 1500
195 1500
196 1500
197 1000
198 2000
199 2000
200 2000
201 1000
202 500
203 500
204 500
205 500
206 500
207 1000
208 1000
209 2000
210 2000
211 1000
212 2000
213 1000
214 1000
215 2000
216 2000
217 1000
218 1000
219 2000
220 2000
221 2000
222 2000
223 2000
224 1000
225 1500
226 1500
227 1500
228 1500
229 1500
230 1500
231 2000
232 2000
233 1000
234 2000
235 2000
236 2000
237 1000
238 2000
239 1000
240 2000
241 2000
242 2000
243 1000
244 1000
245 2000
246 1000
247 1000
248 1000
249 2000
250 1000
251 2000
252 2000
253 2000
254 1000
255 1500
256 1500
257 1500
258 1500
259 1500
260 1500
261 1500
262 2000
263 1000
264 2000
265 1000
266 1000
267 1000
268 1000
269 1000
270 1000
271 1000
272 1000
273 2000
274 1000
275 1000
276 2000
277 2000
278 2000
279 1000
280 2000
281 1000
282 2000
283 2000
284 1000
285 2000
286 2000
287 2000
288 1000
289 2000
290 1500
291 1500
292 1500
293 1500
294 1500
295 1500
296 1000
297 2000
298 2000
299 2000
300 2000
301 2000
302 2000
303 1000
304 1000
305 2000
306 1000
307 2000
308 2000
309 1000
310 1000
311 2000
312 1000
313 1000
314 2000
315 1000
316 2000
317 2000
318 2000
319 1000
320 1500
321 2000
322 1000
323 1000
324 2000
325 1500
326 1000
327 2000
328 2000
329 2000
330 1500
331 1500
332 1000
333 1500
334 2000
335 2000
336 1000
337 1000
338 2000
339 500
340 500
341 500
342 500
343 500
344 500
345 2000
346 2000
347 1000
348 1000
349 2000
350 1500
351 1500
352 1500
353 1500
354 1500
355 1500
356 1500
357 1500
358 2000
359 2000
360 1000
361 1000
362 1000
363 2000
364 1000
365 1000
366 1000
367 2000
368 1000
369 2000
370 1000
371 1000
372 2000
373 1000
374 2000
375 1000
376 1000
377 2000
378 1000
379 2000
380 2000
381 2000
382 2000
383 2000
384 2000
385 1000
386 2000
387 1000
388 2000
389 1000
390 1500
391 2000
392 1000
393 1000
394 1000
395 1500
396 1500
397 1500
398 2000
399 2000
400 2000
401 1000
402 1000
403 2000
404 1000
405 1000
406 1000
407 2000
408 2000
409 2000
410 1500
411 1500
412 1500
413 1500
414 1500
415 1000
416 2000
417 1000
418 2000
419 1000
420 2000
421 1000
422 2000
423 1000
424 1000
425 2000
426 1000
427 1000
428 2000
429 2000
430 1000
431 2000
432 2000
433 1000
434 2000
435 1500
436 1500
437 1500
438 1500
439 2000
440 2000
441 1000
442 1000
443 2000
444 2000
445 2000
446 1000
447 1000
448 2000
449 2000
450 2000
451 1000
452 2000
453 2000
454 2000
455 1500
456 1500
457 1000
458 1500
459 1000
460 1500
461 1500
462 1500
463 1500
464 1000
465 2000
466 1000
467 2000
468 500
469 500
470 500
471 2000
472 2000
473 1000
474 1000
475 2000
476 500
477 1000
478 2000
479 2000
480 1000
481 2000
482 2000
483 1000
484 2000
485 1000
486 2000
487 2000
488 1000
489 1000
490 2000
491 1000
492 1000
493 1000
494 2000
495 1000
496 2000
497 1000
498 1000
499 1000
500 1500
501 1500
502 1000
503 2000
504 2000
505 2000
506 1000
507 1000
508 1000
509 2000
510 1500
511 1500
512 1500
513 2000
514 1000
515 1000
516 2000
517 1000
518 1000
519 2000
520 2000
521 2000
522 2000
523 1000
524 1000
525 1500
526 1000
527 1500
528 1500
529 1500
530 1500
531 2000
532 500
533 500
534 500
535 500
536 2000
537 2000
538 1000
539 2000
540 1000
541 1000
542 2000
543 1000
544 2000
545 1000
546 2000
547 2000
548 2000
549 2000
550 1000
551 2000
552 2000
553 2000
554 1000
555 1500
556 1500
557 1000
558 1500
559 2000
560 2000
561 2000
562 1000
563 1000
564 2000
565 2000
566 2000
567 1000
568 1000
569 500
570 500
571 500
572 500
573 1000
574 2000
575 1500
576 1500
577 1500
578 1500
579 1500
580 2000
581 2000
582 2000
583 1000
584 1000
585 1000
586 1000
587 2000
588 2000
589 2000
590 2000
591 2000
592 2000
593 2000
594 2000
595 2000
596 1000
597 1000
598 2000
599 2000
600 1500
601 1500
602 1000
603 1500
604 1500
605 1000
606 2000
607 2000
608 1000
609 2000
610 1000
611 1000
612 500
613 500
614 500
615 2000
616 2000
617 2000
618 1000
619 2000
620 1000
621 1000
622 2000
623 1000
624 2000
625 1500
626 1000
627 1500
628 1500
629 1500
630 1500
631 1000
632 1000
633 1000
634 2000
635 2000
636 500
637 500
638 2000
639 1000
640 2000
641 1000
642 2000
643 2000
644 2000
645 1000
646 1000
647 2000
648 2000
649 1000
650 2000
651 1000
652 2000
653 1000
654 2000
655 1500
656 1000
657 2000
658 1000
659 1000
660 2000
661 1000
662 1000
663 500
664 500
665 1000
666 1500
667 1500
668 1500
669 1500
670 1500
671 500
672 500
673 500
674 500
675 500
676 1000
677 2000
678 1000
679 1000
680 1000
681 1000
682 1000
683 2000
684 2000
685 2000
686 2000
687 2000
688 2000
689 1000
690 2000
691 1000
692 2000
693 1000
694 1000
695 1500
696 1500
697 1500
698 1500
699 1000
700 2000
701 2000
702 1000
703 1000
704 2000
705 1000
706 2000
707 2000
708 1000
709 2000
710 1000
711 1000
712 2000
713 2000
714 2000
715 1500
716 2000
717 2000
718 1000
719 1000
720 1500
721 1500
722 1500
723 1500
724 2000
725 2000
726 2000
727 1000
728 2000
729 1000
730 2000
731 2000
732 2000
733 1000
734 1000
735 2000
736 1000
737 2000
738 1000
739 2000
740 1500
741 2000
742 1000
743 1000
744 2000
745 1000
746 1500
747 1500
748 1500
749 1000
750 500
751 500
752 2000
753 2000
754 1000
755 1000
756 1000
757 2000
758 1000
759 2000
760 1000
761 1000
762 1000
763 2000
764 1000
765 1000
766 2000
767 2000
768 2000
769 500
770 1500
771 1500
772 1500
773 1500
774 1500
775 2000
776 1000
777 2000
778 1000
779 2000
780 2000
781 2000
782 1000
783 2000
784 2000
785 1000
786 1000
787 2000
788 2000
789 2000
790 2000
791 1000
792 2000
793 1000
794 2000
795 1500
796 1000
797 1500
798 1500
799 2000
800 2000
801 2000
802 2000
803 1000
804 2000
805 500
806 2000
807 1000
808 1000
809 1000
810 2000
811 2000
812 2000
813 2000
814 2000
815 1500
816 1500
817 1500
818 1500
819 2000
820 2000
821 1000
822 2000
823 1000
824 2000
825 2000
826 2000
827 2000
828 2000
829 1000
830 2000
831 1000
832 1000
833 2000
834 2000
835 1500
836 1500
837 1000
838 1500
839 1500
840 2000
841 2000
842 2000
843 2000
844 1000
845 2000
846 1000
847 500
848 500
849 500
850 2000
851 2000
852 1000
853 2000
854 1000
855 1000
856 1000
857 2000
858 2000
859 2000
860 1500
861 1500
862 1500
863 1000
864 1000
865 2000
866 1000
867 1000
868 2000
869 2000
870 2000
871 2000
872 1000
873 1000
874 2000
875 1500
876 1500
877 1500
878 1500
879 1500
880 1500
881 1500
882 2000
883 1000
884 2000
885 2000
886 2000
887 1000
888 2000
889 2000
890 2000
891 2000
892 1000
893 1000
894 1000
895 2000
896 1000
897 1000
898 1000
899 2000
900 2000
901 1000
902 1000
903 2000
904 2000
905 1000
906 1000
907 2000
908 2000
909 2000
910 1500
911 1500
912 1500
913 1000
914 1500
915 1500
916 1500
917 1000
918 2000
919 1000
920 2000
921 2000
922 2000
923 2000
924 2000
925 1000
926 2000
927 2000
928 1000
929 1000
930 1000
931 500
932 500
933 2000
934 2000
935 1000
936 2000
937 2000
938 1000
939 1000
940 1000
941 1000
942 2000
943 1000
944 1000
945 1500
946 1500
947 1000
948 2000
949 2000
950 1000
951 2000
952 2000
953 2000
954 2000
955 1500
956 1500
957 1000
958 2000
959 2000
960 2000
961 2000
962 2000
963 2000
964 2000
965 1500
966 1500
967 1500
968 1500
969 1000
970 2000
971 1000
972 1000
973 1000
974 1000
975 2000
976 2000
977 2000
978 1000
979 2000
980 2000
981 1000
982 2000
983 2000
984 1000
985 2000
986 1000
987 2000
988 2000
989 500
990 1500
991 1000
992 1000
993 2000
994 1000
995 1500
996 1500
997 1000
998 1500
999 1500
1000 1000
1001 2000
1002 1000
1003 1000
1004 1000
1005 2000
1006 1000
1007 1000
1008 2000
1009 1000
1010 500
1011 2000
1012 1000
1013 1000
1014 2000
1015 1000
1016 2000
1017 2000
1018 1000
1019 1000
1020 1500
1021 1000
1022 1500
1023 1500
1024 1500
1025 1500
1026 1000
1027 2000
1028 2000
1029 1000
1030 1000
1031 2000
1032 2000
1033 500
1034 500
1035 500
1036 500
1037 500
1038 2000
1039 2000
1040 1000
1041 2000
1042 2000
1043 2000
1044 1000
1045 1000
1046 2000
1047 1000
1048 2000
1049 2000
1050 1500
1051 1500
1052 1500
1053 1000
1054 2000
1055 2000
1056 1000
1057 1000
1058 1000
1059 1000
1060 2000
1061 2000
1062 2000
1063 1000
1064 1000
1065 1500
1066 1500
1067 2000
1068 2000
1069 2000
1070 2000
1071 1000
1072 1000
1073 2000
1074 1000
1075 1500
1076 1500
1077 1500
1078 1500
1079 1000
1080 1500
1081 1000
1082 1000
1083 1000
1084 2000
1085 2000
1086 2000
1087 2000
1088 1000
1089 1000
1090 1000
1091 2000
1092 1000
1093 1000
1094 1000
1095 2000
1096 2000
1097 2000
1098 2000
1099 1000
1100 1000
1101 2000
1102 500
1103 1000
1104 2000
1105 1500
1106 1500
1107 1500
1108 1000
1109 2000
1110 2000
1111 2000
1112 1000
1113 1000
1114 1000
1115 1000
1116 2000
1117 2000
1118 1000
1119 1000
1120 1000
1121 1500
1122 1500
1123 1500
1124 1500
1125 1500
1126 500
1127 1000
1128 1000
1129 1000
1130 2000
1131 2000
1132 1000
1133 2000
1134 1000
1135 2000
1136 2000
1137 1000
1138 1000
1139 2000
1140 1000
1141 1000
1142 1000
1143 2000
1144 2000
1145 1000
1146 2000
1147 2000
1148 1000
1149 2000
1150 1500
1151 2000
1152 1000
1153 2000
1154 1000
1155 1000
1156 500
1157 500
1158 500
1159 500
1160 1500
1161 1500
1162 1000
1163 1500
1164 1000
1165 2000
1166 2000
1167 1000
1168 1000
1169 2000
1170 1000
1171 500
1172 1000
1173 1000
1174 2000
1175 2000
1176 1000
1177 1000
1178 1000
1179 1000
1180 1000
1181 1500
1182 1500
1183 1500
1184 500
1185 2000
1186 1000
1187 2000
1188 1000
1189 2000
1190 2000
1191 1000
1192 1000
1193 1000
1194 2000
1195 1000
1196 2000
1197 2000
1198 1000
1199 1000

0 1 27 9
0 2 35 4
0 3 26 3
0 4 49 10
0 5 18 10
0 6 40 9
0 35 30 3
0 67 49 6
0 81 20 5
0 110 50 3
0 143 44 9
0 191 1 9
0 332 44 2
0 390 23 2
0 396 25 1
0 435 25 6
0 438 8 5
0 501 20 5
0 601 13 6
0 715 23 9
0 771 46 10
0 877 47 7
0 913 42 8
0 945 24 1
0 1065 43 4
0 1076 30 10
0 1079 36 10
0 1105 7 1
0 1124 26 5
0 1155 4 5
0 1180 4 4
1 2 20 3
1 3 36 2
1 7 29 3
1 8 23 5
1 40 28 4
1 45 8 4
1 51 24 7
1 169 46 6
1 193 39 5
1 226 15 4
1 259 9 9
1 320 15 5
1 512 28 2
1 555 26 8
1 578 18 1
1 604 20 4
1 630 36 8
1 655 22 9
1 723 8 9
1 749 40 3
1 770 32 4
1 838 31 2
1 946 7 9
1 956 31 2
1 996 26 6
1 998 32 9
1 1106 9 7
1 1121 7 5
1 1150 17 10
1 1155 25 8
1 1161 32 9
1 1163 29 5
1 1180 34 6
2 3 39 1
2 9 41 3
2 10 29 7
2 11 32 2
2 12 35 9
2 13 12 9
2 14 19 3
2 15 39 6
2 35 5 8
2 82 16 8
2 166 49 1
2 256 49 2
2 290 38 3
2 291 49 6
2 325 42 2
2 333 34 8
2 355 27 5
2 397 14 6
2 500 12 2
2 512 11 7
2 556 12 5
2 655 19 1
2 665 26 8
2 670 22 5
2 698 34 1
2 740 16 3
2 749 27 6
2 817 4 6
2 818 42 10
2 836 40 9
2 877 12 1
2 956 20 10
2 1023 33 8
2 1052 22 7
3 16 1 9
3 17 37 9
3 18 20 2
3 19 29 1
3 20 39 2
3 21 9 5
3 40 8 8
3 45 33 6
3 52 23 2
3 109 28 3
3 143 1 4
3 226 38 6
3 325 36 6
3 351 6 4
3 390 32 9
3 412 34 3
3 457 39 7
3 460 10 7
3 525 49 3
3 527 18 8
3 577 16 8
3 629 42 6
3 697 44 2
3 720 21 5
3 740 41 5
3 797 26 9
3 798 40 6
3 862 44 2
3 912 21 10
3 965 37 6
3 968 33 6
3 990 27 6
3 1020 39 5
3 1051 37 9
3 1066 46 8
20 21 46 10
20 22 13 5
20 23 45 10
20 24 26 5
20 25 10 10
20 26 7 3
20 27 23 8
20 28 25 3
20 29 39 8
20 35 41 8
20 40 42 10
20 45 26 6
20 51 7 9
20 105 2 4
20 110 50 2
20 169 19 7
20 194 11 1
20 229 41 10
20 320 32 2
20 325 14 4
20 332 4 6
20 353 36 7
20 357 38 3
20 390 5 5
20 395 4 10
20 414 12 9
20 435 44 3
20 457 9 10
20 501 23 5
20 526 21 2
20 555 35 6
20 556 19 9
20 577 14 4
20 602 43 8
20 604 30 3
20 655 44 6
20 656 40 2
20 670 29 9
20 696 19 2
20 697 5 8
20 715 41 2
20 740 26 10
20 747 9 9
20 774 18 2
20 798 50 2
20 817 31 4
20 818 36 3
20 837 16 10
20 878 16 3
20 945 27 2
20 946 40 4
20 955 12 1
20 968 27 9
20 990 27 6
20 995 47 1
20 1051 9 10
20 1076 26 10
20 1107 11 9
20 1125 37 6
20 1155 38 6
20 1162 13 5
21 22 45 3
21 30 33 8
21 31 20 5
21 32 35 1
21 33 6 3
21 35 3 10
21 40 24 2
21 52 25 3
21 65 32 4
21 81 37 5
21 230 14 1
21 294 16 10
21 333 16 2
21 390 9 7
21 462 4 5
21 530 13 9
21 578 46 6
21 627 27 10
21 628 48 10
21 666 48 7
21 722 50 8
21 740 43 6
21 796 2 1
21 836 44 6
21 860 11 10
21 880 34 9
21 966 29 2
21 995 20 10
21 1021 18 2
21 1023 49 7
21 1066 40 7
21 1075 8 1
21 1150 11 4
21 1155 14 7
21 1180 7 8
22 34 9 2
22 45 2 10
22 66 32 8
22 81 15 10
22 142 26 5
22 143 43 7
22 194 44 4
22 255 29 1
22 258 33 10
22 320 4 3
22 395 38 10
22 411 33 2
22 438 26 6
22 510 40 7
22 512 35 6
22 715 24 4
22 720 26 6
22 745 30 9
22 770 12 10
22 910 35 1
22 911 45 2
22 956 42 7
22 990 7 6
22 1051 50 1
22 1065 38 1
22 1150 25 5
22 1161 50 7
22 1182 43 6
35 36 47 10
35 37 5 2
35 38 17 2
35 39 36 7
35 40 28 1
35 45 2 7
35 50 50 8
35 52 5 3
35 65 48 5
35 66 40 5
35 81 28 3
35 82 50 6
35 106 2 2
35 108 28 7
35 140 1 5
35 142 48 8
35 166 50 7
35 168 1 2
35 193 4 6
35 196 49 7
35 225 38 10
35 229 4 2
35 258 42 6
35 259 7 5
35 293 37 8
35 295 19 3
35 320 5 6
35 325 14 8
35 333 33 5
35 357 41 3
35 390 29 2
35 396 1 4
35 397 39 4
35 412 11 5
35 413 14 2
35 435 11 8
35 438 49 1
35 457 34 6
35 500 39 1
35 501 43 6
35 511 39 6
35 527 28 3
35 530 3 4
35 555 45 3
35 556 38 7
35 575 3 4
35 579 15 5
35 601 1 2
35 603 21 8
35 625 13 10
35 630 21 2
35 655 7 8
35 667 49 2
35 669 4 1
35 697 36 5
35 698 37 2
35 715 4 7
35 720 5 8
35 721 40 7
35 740 20 7
35 745 1 2
35 749 50 8
35 773 33 9
35 795 17 9
35 796 17 4
35 816 25 6
35 817 16 1
35 839 23 9
35 861 33 8
35 862 28 9
35 880 31 2
35 881 31 9
35 910 41 4
35 911 25 8
35 945 14 1
35 946 13 8
35 956 49 8
35 966 49 5
35 968 4 4
35 990 36 7
35 997 39 4
35 999 40 2
35 1021 16 2
35 1024 23 2
35 1051 46 4
35 1065 14 9
35 1066 8 5
35 1076 14 2
35 1105 15 7
35 1107 39 3
35 1123 17 3
35 1150 43 3
35 1155 41 3
35 1160 26 8
35 1161 50 4
35 1181 41 5
35 1182 29 7
40 41 10 6
40 42 42 2
40 43 15 4
40 44 29 5
40 45 27 9
40 50 41 4
40 51 7 8
40 65 39 8
40 67 34 6
40 80 20 7
40 83 35 8
40 105 45 4
40 106 6 4
40 140 9 2
40 144 35 8
40 167 4 8
40 169 1 10
40 191 40 3
40 192 7 8
40 228 8 6
40 260 34 4
40 291 24 4
40 293 30 3
40 320 22 10
40 325 28 9
40 332 24 1
40 333 36 4
40 351 40 7
40 355 17 1
40 390 26 3
40 395 32 1
40 397 16 5
40 412 39 8
40 414 40 1
40 435 23 2
40 438 31 4
40 456 15 7
40 460 45 3
40 501 21 9
40 510 31 10
40 512 31 1
40 526 50 8
40 528 7 6
40 555 12 2
40 556 34 3
40 575 14 4
40 579 29 5
40 601 13 2
40 602 13 7
40 625 14 6
40 627 37 7
40 656 47 10
40 666 19 8
40 667 30 6
40 697 45 4
40 698 20 6
40 715 17 4
40 723 3 5
40 740 28 10
40 747 7 10
40 748 21 6
40 772 27 5
40 774 3 3
40 796 32 5
40 797 19 9
40 818 9 4
40 838 17 2
40 839 23 1
40 861 6 1
40 879 35 7
40 913 40 3
40 945 39 2
40 946 40 3
40 956 29 9
40 966 43 10
40 969 14 10
40 990 32 3
40 998 7 6
40 999 6 8
40 1023 40 3
40 1025 13 5
40 1050 1 5
40 1051 13 6
40 1065 19 10
40 1066 37 5
40 1076 37 7
40 1105 40 4
40 1106 22 1
40 1125 18 1
40 1150 7 5
40 1155 19 2
40 1162 28 8
40 1163 48 10
40 1183 39 8
45 46 49 6
45 47 50 8
45 48 2 1
45 49 40 2
45 50 24 4
45 51 45 9
45 65 31 5
45 66 38 2
45 80 1 6
45 81 19 3
45 108 15 9
45 110 13 3
45 140 6 2
45 143 41 5
45 168 18 1
45 194 9 1
45 195 6 7
45 226 13 10
45 227 31 7
45 255 37 4
45 257 36 3
45 293 41 3
45 294 23 4
45 320 12 5
45 325 46 8
45 330 30 4
45 332 20 3
45 350 20 1
45 355 23 9
45 390 25 6
45 396 7 8
45 397 15 4
45 412 35 5
45 414 7 8
45 437 18 7
45 438 38 1
45 457 20 10
45 463 12 4
45 500 5 4
45 501 26 8
45 511 45 1
45 512 46 1
45 530 25 1
45 556 30 7
45 557 45 3
45 578 19 9
45 579 49 5
45 600 5 10
45 603 37 10
45 627 38 1
45 628 20 6
45 655 43 1
45 666 24 10
45 670 22 6
45 695 23 7
45 698 24 6
45 715 48 3
45 721 17 10
45 722 32 3
45 740 49 2
45 745 12 4
45 746 6 1
45 771 19 10
45 795 29 7
45 798 23 5
45 815 18 3
45 818 43 1
45 835 41 3
45 860 35 1
45 862 39 9
45 879 41 4
45 881 45 6
45 911 14 3
45 946 35 5
45 956 25 6
45 969 38 1
45 990 48 4
45 995 48 5
45 996 30 2
45 1020 30 5
45 1025 40 8
45 1050 35 9
45 1051 43 1
45 1066 24 4
45 1077 27 10
45 1079 48 4
45 1105 42 8
45 1107 43 4
45 1123 48 8
45 1124 37 8
45 1150 44 9
45 1155 5 3
45 1161 9 3
45 1163 12 6
45 1182 4 2
45 1183 35 9
50 51 14 6
50 52 38 3
50 53 6 1
50 54 44 6
50 81 17 9
50 230 13 6
50 320 39 2
50 325 10 4
50 356 11 4
50 390 35 10
50 397 49 4
50 463 17 9
50 512 42 7
50 529 18 7
50 555 22 7
50 558 14 6
50 577 23 3
50 668 39 5
50 720 36 1
50 748 20 10
50 797 32 8
50 816 42 3
50 836 16 8
50 879 25 3
50 956 13 1
50 965 25 10
50 968 10 3
50 990 36 9
50 995 44 7
50 1050 24 9
50 1122 11 5
50 1150 21 3
50 1155 3 9
51 52 21 5
51 55 38 7
51 56 35 2
51 57 15 1
51 58 29 3
51 59 27 5
51 60 43 10
51 81 22 1
51 167 47 6
51 191 6 2
51 225 37 10
51 259 27 1
51 292 27 7
51 320 6 1
51 331 50 8
51 352 6 5
51 438 15 9
51 461 15 2
51 575 38 9
51 656 29 2
51 698 24 10
51 740 3 10
51 747 15 9
51 770 26 10
51 837 23 7
51 861 14 3
51 862 5 2
51 945 39 8
51 946 36 3
51 955 18 3
51 990 5 8
51 998 1 4
51 1021 38 1
51 1022 18 5
51 1106 2 6
51 1123 21 1
51 1155 42 8
51 1160 14 2
52 61 34 10
52 62 39 10
52 63 42 2
52 64 35 4
52 65 27 9
52 67 4 10
52 106 33 7
52 110 50 1
52 143 50 2
52 144 14 5
52 168 8 5
52 193 21 7
52 261 41 2
52 292 6 8
52 331 30 7
52 396 11 4
52 412 24 9
52 413 11 1
52 438 1 9
52 500 3 8
52 512 50 7
52 527 42 2
52 603 43 1
52 604 14 1
52 626 15 10
52 628 15 9
52 655 5 7
52 667 1 8
52 696 3 5
52 715 1 9
52 721 50 1
52 772 35 7
52 795 35 7
52 817 50 10
52 879 26 4
52 914 7 8
52 916 44 9
52 1065 48 9
52 1077 6 7
52 1080 24 8
52 1105 25 4
52 1150 1 10
52 1160 41 2
52 1181 46 3
52 1182 27 1
65 66 48 3
65 67 14 8
65 68 3 6
65 69 27 10
65 80 43 1
65 106 36 5
65 190 36 1
65 229 12 3
65 320 19 5
65 325 32 2
65 331 35 10
65 332 28 1
65 357 30 4
65 390 35 2
65 397 11 1
65 414 24 4
65 436 12 8
65 500 30 6
65 604 20 3
65 666 34 10
65 695 5 7
65 715 22 4
65 740 42 6
65 772 1 9
65 835 21 8
65 860 17 2
65 946 26 3
65 956 24 5
65 990 9 9
65 1052 11 2
65 1078 42 9
65 1107 32 7
65 1155 6 4
66 67 38 2
66 70 13 5
66 71 49 9
66 72 24 7
66 73 29 2
66 74 42 2
66 75 49 7
66 76 19 1
66 142 31 5
66 167 37 8
66 196 26 7
66 229 9 2
66 260 28 9
66 412 50 10
66 455 22 9
66 461 27 6
66 511 49 10
66 525 15 10
66 528 39 8
66 576 8 6
66 578 39 9
66 625 10 9
66 628 6 9
66 655 37 9
66 666 15 1
66 698 31 8
66 715 27 2
66 720 47 1
66 740 34 1
66 745 44 4
66 770 16 6
66 797 50 2
66 860 25 1
66 876 28 1
66 913 32 1
66 956 16 6
66 967 42 7
66 990 28 5
66 997 36 6
66 1022 28 2
66 1051 24 10
66 1122 26 10
66 1161 10 4
66 1180 18 7
66 1181 35 8
67 77 29 8
67 78 44 8
67 79 20 10
67 81 13 6
67 108 4 3
67 144 1 3
67 167 20 4
67 258 29 10
67 293 34 9
67 295 18 5
67 320 44 9
67 325 38 9
67 356 6 4
67 390 13 4
67 395 6 1
67 435 13 9
67 511 8 2
67 556 19 9
67 558 40 6
67 602 14 2
67 656 4 8
67 749 1 1
67 796 32 1
67 815 24 8
67 816 20 4
67 839 45 7
67 910 25 10
67 946 10 10
67 966 17 2
67 997 30 2
67 1020 34 7
67 1065 4 9
67 1066 10 2
67 1078 1 8
67 1106 8 1
67 1121 38 3
67 1150 2 5
67 1163 50 5
80 81 3 6
80 82 49 8
80 83 50 9
80 84 16 9
80 85 10 8
80 86 25 5
80 87 27 3
80 88 38 6
80 89 6 9
80 90 16 2
80 91 26 1
80 92 17 8
80 93 7 4
80 167 33 7
80 168 17 5
80 192 43 7
80 295 25 4
80 320 7 3
80 332 34 3
80 413 4 6
80 510 20 6
80 525 6 6
80 579 37 3
80 600 46 10
80 669 43 1
80 715 44 10
80 720 46 1
80 772 49 3
80 796 4 1
80 818 46 5
80 837 48 10
80 838 4 10
80 877 35 3
80 878 13 3
80 969 34 4
80 1107 30 8
80 1121 37 5
80 1150 47 3
81 82 24 4
81 83 22 2
81 84 45 7
81 94 5 1
81 95 15 8
81 96 28 9
81 97 25 10
81 106 47 8
81 140 24 7
81 142 7 1
81 227 24 3
81 320 17 5
81 325 2 1
81 390 40 9
81 397 2 4
81 414 32 6
81 555 20 1
81 558 45 6
81 602 42 9
81 696 2 6
81 745 24 3
81 749 37 10
81 795 3 9
81 910 33 9
81 911 5 1
81 1023 46 3
81 1050 48 10
81 1052 31 4
81 1106 16 6
81 1155 17 5
81 1162 36 5
82 83 46 4
82 84 2 3
82 98 41 10
82 99 44 7
82 191 20 2
82 255 29 5
82 357 4 3
82 395 46 6
82 460 28 9
82 501 29 10
82 510 17 3
82 578 38 8
82 697 2 3
82 720 44 7
82 772 47 5
82 862 32 3
82 956 1 1
82 965 24 9
82 990 7 7
82 1066 39 2
82 1150 36 8
82 1163 35 8
82 1183 9 2
83 84 17 6
83 100 6 4
83 227 9 3
83 325 4 10
83 501 12 6
83 529 4 10
83 625 42 3
83 656 19 5
83 715 48 10
83 740 21 9
83 818 4 2
83 946 30 3
83 990 36 3
83 998 44 6
83 1021 17 4
83 1066 42 2
83 1079 18 10
83 1155 24 2
84 101 20 4
84 102 8 1
84 103 21 10
84 104 34 8
84 108 1 5
84 259 44 5
84 291 47 6
84 331 44 6
84 354 12 8
84 436 26 4
84 438 4 10
84 462 34 2
84 630 38 10
84 655 12 2
84 669 30 3
84 740 39 3
84 860 3 3
84 946 11 3
84 956 44 8
84 1076 3 7
84 1121 2 2
84 1183 11 1
105 106 24 6
105 107 41 1
105 108 16 5
105 109 17 3
105 110 48 8
105 111 23 2
105 112 1 4
105 168 33 9
105 196 28 1
105 229 15 4
105 320 5 7
105 325 3 6
105 576 1 10
105 669 37 9
105 795 24 3
105 798 40 10
105 818 47 6
106 107 24 9
106 108 6 10
106 109 11 10
106 110 30 8
106 111 30 10
106 113 25 4
106 114 47 2
106 115 16 6
106 116 27 10
106 117 26 1
106 118 19 5
106 167 7 5
106 410 17 5
106 500 41 1
106 512 19 8
106 527 4 4
106 604 15 1
106 669 44 4
106 748 8 6
106 772 10 5
106 835 32 1
106 860 29 2
106 955 34 5
106 990 48 5
106 995 46 8
106 1025 2 7
106 1105 8 2
106 1150 11 4
106 1162 17 1
106 1183 6 5
107 108 17 5
107 109 14 6
107 110 44 4
107 111 23 9
107 119 33 6
107 120 6 1
107 121 48 2
107 122 18 6
107 123 1 5
107 124 32 6
107 325 12 1
107 395 14 3
107 412 3 3
107 437 32 5
107 458 30 9
107 460 35 6
107 655 12 10
107 697 45 8
107 740 34 10
107 816 21 6
107 913 21 3
107 945 6 8
107 998 40 3
107 1065 14 1
107 1124 3 1
108 109 36 9
108 110 10 2
108 111 20 2
108 125 11 6
108 126 2 1
108 127 1 1
108 128 45 8
108 129 44 4
108 130 32 4
108 144 20 4
108 261 1 4
108 356 11 7
108 395 48 10
108 558 15 10
108 629 21 4
108 630 21 9
108 697 42 8
108 715 10 8
108 749 3 5
108 836 19 5
108 878 37 3
108 946 49 8
108 1022 40 4
108 1160 25 4
108 1181 17 3
109 110 12 9
109 111 35 2
109 131 15 4
109 132 33 5
109 133 24 7
109 134 26 8
109 135 39 8
109 136 16 9
109 194 36 2
109 294 36 8
109 331 2 4
109 333 21 9
109 601 33 9
109 715 45 8
109 721 49 6
109 880 46 4
109 965 29 1
109 1150 2 9
110 111 41 7
110 137 23 10
110 138 11 3
110 143 16 8
110 293 47 6
110 435 24 7
110 510 50 1
110 723 1 2
110 912 48 1
110 955 20 8
110 968 24 1
110 990 13 3
110 1052 14 4
110 1080 30 5
110 1105 12 5
110 1155 45 4
111 139 8 5
111 225 15 2
111 256 16 6
111 320 8 10
111 357 18 6
111 390 30 2
111 500 34 2
111 526 37 9
111 577 8 10
111 656 25 1
111 740 49 4
111 771 36 9
111 860 48 5
111 1050 16 4
111 1066 2 8
111 1078 28 2
111 1124 35 10
140 141 44 10
140 142 45 8
140 143 29 7
140 144 8 5
140 145 10 2
140 146 40 2
140 147 5 2
140 148 13 1
140 166 1 3
140 192 10 2
140 195 36 9
140 320 8 2
140 325 46 9
140 330 40 8
140 390 12 4
140 438 3 9
140 500 38 4
140 530 46 5
140 556 16 10
140 602 44 4
140 722 41 8
140 770 50 10
140 774 3 4
140 818 46 7
140 836 3 5
140 911 34 3
140 945 37 10
140 955 16 10
140 1050 22 7
140 1155 37 4
141 142 23 4
141 143 8 6
141 144 14 8
141 149 40 10
141 150 35 3
141 151 13 9
141 152 44 9
141 153 5 7
141 154 27 1
141 257 23 4
141 414 49 1
141 500 11 5
141 579 36 3
141 669 31 2
141 696 39 7
141 715 2 6
141 720 45 9
141 740 22 2
141 795 50 5
141 861 8 7
141 875 11 7
141 915 36 1
141 990 16 8
141 997 43 7
141 1065 23 5
141 1080 16 1
141 1155 41 8
142 143 41 6
142 144 46 6
142 155 20 10
142 156 13 5
142 157 43 2
142 158 17 8
142 229 18 1
142 293 3 6
142 320 46 10
142 330 21 3
142 352 29 1
142 438 14 10
142 511 42 3
142 512 13 2
142 601 14 8
142 715 35 1
142 747 8 10
142 748 9 5
142 835 45 9
142 862 2 1
142 965 23 7
142 969 18 1
142 990 50 9
142 1050 37 8
142 1125 46 9
142 1150 20 10
142 1161 33 2
143 144 24 9
143 159 8 2
143 167 50 2
143 258 16 6
143 294 28 1
143 390 22 4
143 413 46 1
143 457 25 4
143 530 47 6
143 557 9 8
143 576 22 10
143 655 13 10
143 656 44 4
143 665 11 3
143 697 34 4
143 878 16 9
143 945 38 9
143 999 19 8
143 1066 13 7
143 1105 15 5
143 1180 8 6
143 1182 19 10
144 160 21 2
144 161 35 3
144 162 31 10
144 163 46 9
144 164 31 10
144 225 35 7
144 325 6 3
144 351 50 7
144 396 33 4
144 397 44 1
144 457 35 3
144 626 7 1
144 630 32 5
144 740 31 6
144 798 48 3
144 1021 39 7
144 1022 44 2
144 1075 8 3
144 1107 21 8
144 1123 8 2
144 1163 13 8
165 166 47 2
165 167 5 4
165 168 13 6
165 169 16 8
165 170 34 3
165 171 49 7
165 172 10 2
165 173 3 5
165 174 19 2
165 175 33 3
165 176 44 10
165 177 25 4
165 178 12 1
165 228 40 6
165 330 35 7
165 331 1 6
165 356 50 2
165 395 42 9
165 414 46 1
165 630 16 4
165 740 4 9
165 748 12 1
165 836 24 4
165 880 46 7
165 946 29 4
165 955 50 10
165 967 8 5
165 1065 24 3
166 167 32 7
166 168 22 9
166 169 31 7
166 179 44 7
166 180 44 6
166 181 2 3
166 182 45 10
166 192 30 10
166 229 26 7
166 260 24 4
166 292 36 9
166 397 29 4
166 435 17 10
166 461 29 10
166 528 43 4
166 558 39 8
166 603 29 9
166 796 44 1
166 797 8 6
166 861 39 9
166 956 1 8
166 1051 5 5
166 1106 26 3
166 1124 17 6
166 1180 7 10
167 168 47 8
167 169 2 9
167 183 33 8
167 184 31 5
167 185 11 9
167 195 4 10
167 259 16 1
167 320 23 8
167 390 21 7
167 500 44 3
167 529 47 9
167 555 46 5
167 604 50 3
167 627 38 6
167 655 11 7
167 695 44 5
167 697 38 9
167 715 9 5
167 722 45 1
167 740 39 2
167 745 34 2
167 818 30 10
167 912 19 5
167 915 33 7
167 945 18 2
167 967 47 8
167 998 47 7
167 1066 50 1
167 1155 13 9
167 1160 27 2
168 169 17 7
168 186 4 5
168 187 6 8
168 356 30 4
168 390 27 2
168 412 47 7
168 510 31 9
168 511 20 1
168 655 23 5
168 667 47 10
168 990 21 8
168 1025 44 9
168 1050 29 5
168 1155 8 9
168 1160 27 10
169 188 12 2
169 189 16 8
169 292 27 5
169 320 33 3
169 325 33 4
169 437 5 5
169 460 26 6
169 501 35 7
169 576 43 6
169 667 41 3
169 715 40 7
169 721 11 5
169 772 42 7
169 774 40 4
169 815 50 1
169 836 3 9
169 860 27 2
169 880 47 1
169 990 38 2
169 999 12 10
169 1024 46 4
169 1076 24 4
169 1078 25 5
169 1150 44 4
169 1182 24 4
190 191 40 3
190 192 15 6
190 193 33 3
190 194 42 9
190 195 29 7
190 196 6 1
190 197 24 4
190 198 49 3
190 199 23 3
190 200 35 5
190 201 34 7
190 259 29 9
190 292 45 4
190 320 49 1
190 331 6 8
190 333 30 4
190 525 48 1
190 578 26 6
190 666 49 10
190 721 1 4
190 740 9 10
190 817 6 8
190 875 45 2
190 946 27 10
190 955 18 2
190 1020 10 10
190 1106 20 6
190 1163 11 3
191 192 29 9
191 193 38 7
191 194 24 7
191 195 25 2
191 196 32 3
191 202 41 2
191 396 2 2
191 410 27 7
191 457 26 9
191 512 24 2
191 556 34 3
191 557 24 2
191 655 3 6
191 771 49 6
191 839 39 6
191 913 3 7
191 965 24 4
191 998 27 2
191 1065 17 1
192 193 12 1
192 194 21 8
192 195 35 9
192 196 16 5
192 203 10 9
192 204 8 5
192 205 22 2
192 257 45 10
192 291 44 10
192 325 26 8
192 390 44 7
192 628 6 8
192 655 20 9
192 696 43 10
192 698 9 4
192 715 8 7
192 990 49 6
192 1051 1 7
192 1105 22 6
193 194 15 8
193 195 30 9
193 196 36 9
193 206 22 3
193 352 26 9
193 357 3 8
193 436 27 10
193 601 48 5
193 629 2 9
193 665 43 6
193 835 22 7
193 861 22 7
193 969 7 4
193 1150 24 1
193 1155 47 3
193 1163 6 3
194 195 3 7
194 196 15 7
194 207 6 4
194 208 46 9
194 209 4 8
194 390 47 7
194 397 26 4
194 500 41 8
194 528 25 2
194 715 43 4
194 748 45 4
194 797 9 2
194 798 2 7
194 913 44 5
194 1078 16 10
194 1150 22 7
194 1155 14 8
194 1183 35 10
195 196 44 9
195 210 30 5
195 211 46 8
195 212 22 2
195 213 7 10
195 214 26 1
195 215 22 9
195 216 31 4
195 217 11 6
195 218 30 10
195 219 19 6
195 220 1 5
195 225 35 10
195 229 2 10
195 437 48 4
195 459 5 1
195 500 37 5
195 512 42 3
195 579 11 2
195 603 7 1
195 740 9 10
195 773 15 2
195 816 7 2
195 880 5 7
195 956 25 7
195 1021 16 9
195 1050 27 1
195 1065 33 7
195 1075 41 9
195 1125 45 4
196 221 17 7
196 222 41 7
196 223 39 4
196 224 1 3
196 325 37 10
196 414 44 9
196 720 44 2
196 748 50 8
196 861 37 1
196 946 19 2
196 990 6 10
196 996 43 5
196 1182 28 8
225 226 1 9
225 227 37 5
225 228 17 7
225 229 2 9
225 230 38 3
225 231 48 9
225 232 7 2
225 233 2 3
225 234 26 8
225 261 14 7
225 320 2 5
225 325 33 6
225 353 11 7
225 396 7 9
225 397 10 10
225 435 33 1
225 455 22 7
225 512 24 1
225 578 45 8
225 630 49 8
225 669 29 7
225 715 9 9
225 797 25 4
225 815 25 9
225 878 39 4
225 913 28 5
225 1050 43 2
225 1155 46 9
226 227 37 1
226 228 36 10
226 229 40 4
226 230 20 9
226 235 38 3
226 236 32 4
226 237 1 6
226 320 12 5
226 332 8 5
226 333 17 8
226 501 15 3
226 556 10 8
226 557 44 4
226 656 1 3
226 723 12 5
226 740 10 5
226 795 43 1
226 836 1 1
226 860 42 2
226 956 37 2
226 969 29 5
226 1066 44 6
226 1107 48 8
226 1124 33 8
227 228 44 3
227 229 50 3
227 230 50 6
227 238 48 6
227 239 12 5
227 240 32 7
227 241 24 8
227 242 14 6
227 243 4 8
227 357 8 1
227 390 42 3
227 510 41 1
227 603 22 4
227 715 44 7
227 722 23 1
227 745 30 8
227 945 27 10
227 1052 21 4
227 1107 5 3
227 1155 6 10
227 1162 50 2
228 229 43 6
228 230 3 6
228 244 10 1
228 245 15 8
228 246 26 5
228 247 33 10
228 248 2 2
228 249 5 5
228 250 48 5
228 292 27 10
228 325 49 5
228 578 9 6
228 601 48 1
228 655 17 9
228 695 25 3
228 914 23 1
228 946 26 5
228 955 34 1
228 1122 8 4
228 1150 18 10
229 230 8 6
229 251 11 2
229 252 33 1
229 259 48 8
229 390 6 9
229 411 33 5
229 412 48 6
229 435 15 7
229 500 34 6
229 529 26 6
229 630 49 1
229 666 39 6
229 698 35 8
229 771 46 3
229 774 39 10
229 862 17 1
229 990 30 10
229 1024 7 4
229 1025 22 2
229 1065 23 5
229 1076 49 3
229 1080 3 9
229 1181 29 1
230 253 19 5
230 254 37 6
230 295 12 6
230 525 48 8
230 747 14 4
230 815 12 3
230 839 4 10
230 876 34 3
230 965 34 6
230 990 14 1
230 995 32 3
230 999 43 8
230 1160 17 8
230 1183 16 2
255 256 23 6
255 257 10 4
255 258 24 1
255 259 18 7
255 260 11 4
255 261 41 8
255 262 5 6
255 325 11 5
255 556 32 7
255 578 29 4
255 656 30 9
255 720 47 4
255 740 7 6
255 745 25 3
255 837 21 2
255 881 5 7
255 946 34 5
255 965 32 2
255 999 15 1
255 1066 16 1
255 1075 9 1
255 1079 35 5
255 1124 5 2
255 1150 45 6
255 1161 27 4
255 1180 17 10
256 257 16 2
256 258 18 8
256 259 43 6
256 260 39 1
256 261 39 5
256 263 35 6
256 264 33 1
256 265 45 7
256 266 22 1
256 267 44 3
256 268 15 1
256 291 26 9
256 351 4 6
256 395 46 4
256 413 22 3
256 459 21 7
256 511 37 9
256 556 9 2
256 601 15 8
256 796 23 10
256 816 16 4
256 861 44 1
256 955 18 6
256 1050 13 3
256 1155 41 1
257 258 23 5
257 259 22 8
257 260 45 5
257 261 18 6
257 269 38 1
257 270 12 9
257 271 14 10
257 272 18 3
257 273 41 6
257 330 48 5
257 352 16 7
257 438 35 2
257 462 7 3
257 839 39 5
257 881 8 5
257 990 3 1
257 996 11 8
257 1066 13 10
257 1155 15 9
258 259 27 6
258 260 13 1
258 261 13 1
258 274 27 1
258 275 40 10
258 276 6 8
258 295 19 8
258 390 45 3
258 397 25 2
258 414 48 8
258 655 41 8
258 667 42 4
258 696 32 10
258 911 35 2
258 913 17 5
258 1022 10 5
258 1124 30 5
258 1160 45 3
259 260 23 4
259 261 45 7
259 277 42 4
259 278 26 6
259 279 14 8
259 280 19 9
259 320 34 2
259 325 14 9
259 436 10 5
259 722 2 2
259 770 25 10
259 798 11 8
259 1025 13 5
259 1150 3 4
259 1181 47 8
260 261 12 8
260 281 35 7
260 282 5 7
260 283 25 1
260 284 33 6
260 285 27 6
260 286 20 3
260 287 20 4
260 288 15 9
260 500 2 10
260 510 22 8
260 526 46 3
260 579 17 6
260 601 6 7
260 626 10 6
260 666 1 2
260 770 9 3
260 860 45 9
260 956 41 5
260 965 46 10
260 990 16 1
261 289 16 6
261 320 21 8
261 331 5 8
261 390 49 4
261 530 13 7
261 629 47 1
261 698 23 4
261 715 43 9
261 740 44 8
261 815 49 8
261 946 40 1
261 1050 3 1
261 1107 46 8
290 291 2 6
290 292 4 7
290 293 44 3
290 294 28 5
290 295 4 9
290 296 22 4
290 297 19 2
290 298 35 6
290 299 13 7
290 300 32 1
290 320 39 4
290 390 21 5
290 501 22 1
290 740 31 3
290 956 12 9
290 998 15 5
290 1065 48 6
290 1106 25 4
290 1124 42 1
291 292 8 7
291 293 11 8
291 294 28 7
291 295 20 3
291 301 27 9
291 325 33 7
291 395 44 9
291 396 11 6
291 413 23 4
291 437 25 2
291 455 24 5
291 555 30 9
291 579 9 6
291 601 1 1
291 628 29 5
291 715 34 2
291 722 40 6
291 740 12 4
291 748 35 9
291 798 43 7
291 860 14 7
291 945 14 10
291 965 13 8
291 1022 45 1
291 1050 11 6
291 1079 48 5
291 1150 13 2
291 1181 9 3
292 293 46 10
292 294 3 9
292 295 8 2
292 302 40 9
292 320 21 1
292 331 25 2
292 698 33 9
292 746 39 6
292 774 44 3
292 861 22 1
292 945 43 5
292 990 27 7
292 999 22 5
292 1077 32 3
292 1107 30 1
292 1180 38 8
293 294 22 4
293 295 13 10
293 303 16 4
293 304 27 1
293 305 17 6
293 306 29 1
293 307 10 8
293 308 14 6
293 355 47 2
293 457 34 1
293 510 29 8
293 530 8 4
293 696 31 3
293 817 28 2
293 915 49 10
293 955 38 4
293 990 26 4
293 1065 14 3
293 1121 10 8
293 1161 31 7
294 295 23 6
294 309 34 4
294 310 38 7
294 311 2 4
294 312 16 10
294 325 9 4
294 350 17 9
294 435 21 3
294 500 2 5
294 510 10 2
294 579 23 1
294 600 9 10
294 669 43 4
294 796 41 8
294 877 4 2
294 1052 27 3
294 1150 26 9
294 1155 14 9
294 1163 17 10
295 313 33 5
295 314 21 3
295 315 13 7
295 316 49 3
295 317 22 4
295 318 30 5
295 319 12 7
295 332 50 3
295 413 20 1
295 525 16 9
295 558 16 10
295 630 37 4
295 655 32 8
295 669 11 7
295 715 21 8
295 722 35 10
295 774 9 1
295 818 50 10
295 836 31 2
295 839 14 8
295 879 37 5
295 915 47 10
295 969 8 1
295 1024 27 9
295 1155 25 6
320 321 40 5
320 322 50 6
320 323 23 7
320 324 2 7
320 325 15 1
320 332 39 8
320 333 26 3
320 352 29 2
320 354 36 8
320 390 36 3
320 395 33 3
320 397 3 4
320 410 27 1
320 411 37 6
320 438 24 4
320 455 12 10
320 460 33 5
320 500 15 2
320 501 7 7
320 511 16 5
320 527 7 3
320 555 28 7
320 558 16 3
320 575 23 2
320 579 24 5
320 601 27 3
320 604 4 6
320 625 39 6
320 629 16 3
320 655 28 4
320 656 20 9
320 665 38 1
320 667 26 3
320 695 24 4
320 696 35 3
320 715 31 9
320 723 4 5
320 740 26 1
320 745 50 10
320 772 43 4
320 774 21 3
320 796 17 3
320 798 13 7
320 815 45 1
320 816 40 1
320 837 11 2
320 838 25 7
320 860 22 8
320 861 10 8
320 877 8 2
320 880 41 2
320 910 33 2
320 913 50 9
320 945 14 4
320 946 35 8
320 955 28 6
320 956 22 4
320 965 18 6
320 966 27 6
320 990 32 7
320 995 8 4
320 996 36 1
320 1022 11 9
320 1024 43 1
320 1050 17 2
320 1051 26 4
320 1065 40 6
320 1066 40 7
320 1075 36 10
320 1076 21 6
320 1105 5 10
320 1106 7 9
320 1122 30 1
320 1123 21 7
320 1150 46 9
320 1155 13 4
320 1160 23 2
320 1163 45 3
320 1180 4 7
325 326 15 8
325 327 16 7
325 328 42 7
325 329 3 7
325 330 9 9
325 331 18 7
325 351 30 5
325 357 6 9
325 390 23 6
325 396 49 6
325 397 31 1
325 411 6 1
325 413 38 1
325 435 12 5
325 436 30 4
325 457 36 8
325 458 30 8
325 501 46 9
325 510 17 6
325 511 23 2
325 527 29 8
325 528 44 6
325 555 13 2
325 556 18 7
325 575 48 1
325 576 50 5
325 600 43 6
325 604 30 3
325 628 16 6
325 656 27 2
325 669 21 8
325 670 3 2
325 697 45 3
325 715 1 7
325 721 26 10
325 723 49 10
325 740 21 5
325 748 23 7
325 749 29 6
325 770 41 7
325 774 6 3
325 795 48 7
325 796 31 4
325 817 40 1
325 818 21 2
325 838 38 9
325 839 32 2
325 861 19 3
325 876 50 7
325 880 24 9
325 912 42 6
325 914 48 8
325 946 36 9
325 956 46 7
325 966 25 5
325 990 26 2
325 998 23 10
325 999 19 10
325 1020 26 3
325 1022 46 10
325 1050 2 5
325 1052 47 3
325 1065 23 8
325 1066 30 8
325 1075 9 1
325 1080 35 5
325 1105 5 7
325 1107 47 1
325 1121 37 7
325 1125 38 3
325 1150 13 4
325 1155 50 3
325 1160 30 3
325 1161 1 10
325 1180 39 2
325 1182 36 10
330 331 35 10
330 332 31 2
330 333 7 3
330 334 17 4
330 335 18 2
330 336 19 1
330 350 41 9
330 390 20 9
330 395 41 9
330 435 4 9
330 463 28 7
330 501 29 5
330 510 3 7
330 511 4 4
330 556 48 9
330 601 17 10
330 656 8 10
330 667 21 3
330 740 5 6
330 745 22 6
330 876 20 5
330 996 23 8
330 1106 28 4
330 1107 48 9
330 1125 36 1
330 1183 40 2
331 332 21 4
331 333 8 5
331 337 2 7
331 338 38 10
331 435 9 8
331 501 18 7
331 656 50 7
331 715 33 3
331 796 4 1
331 818 1 7
331 836 20 2
331 838 33 5
331 861 6 8
331 879 33 4
331 916 24 7
331 945 7 2
331 955 37 7
331 990 50 3
331 999 50 5
331 1065 32 7
331 1155 13 8
331 1161 16 2
331 1163 48 10
332 333 8 2
332 339 32 5
332 340 41 9
332 341 13 5
332 342 39 2
332 343 9 4
332 344 31 9
332 390 31 8
332 397 2 5
332 414 4 3
332 461 50 5
332 526 35 6
332 527 9 3
332 555 49 5
332 576 35 2
332 697 47 4
332 715 22 10
332 721 28 5
332 723 6 1
332 745 9 10
332 772 42 7
332 774 29 5
332 816 24 7
332 916 23 10
332 945 6 5
332 990 44 6
332 1021 6 2
332 1023 14 8
332 1052 5 5
332 1066 42 8
332 1075 7 8
332 1150 1 5
333 345 48 6
333 346 29 2
333 347 18 10
333 348 26 6
333 349 22 8
333 353 15 3
333 414 2 5
333 576 3 7
333 625 38 10
333 628 43 4
333 669 10 10
333 697 46 9
333 795 44 9
333 860 22 7
333 956 21 3
333 967 1 1
333 968 17 6
333 1051 11 10
333 1076 3 9
333 1121 1 4
333 1155 19 6
333 1180 39 10
350 351 34 3
350 352 50 10
350 353 6 1
350 354 8 7
350 355 5 7
350 356 8 9
350 357 14 5
350 358 29 1
350 359 40 5
350 360 48 9
350 723 28 3
350 797 20 6
350 1052 42 5
350 1076 41 10
350 1078 48 7
351 352 4 7
351 353 37 3
351 354 14 9
351 355 24 8
351 356 35 4
351 357 44 3
351 361 48 6
351 362 8 10
351 363 13 7
351 500 34 10
351 655 38 9
351 665 28 3
351 715 36 9
351 740 9 8
351 774 25 3
351 837 43 8
351 968 5 1
351 997 29 5
351 1124 15 6
352 353 9 8
352 354 38 1
352 355 43 8
352 356 14 6
352 357 24 6
352 364 12 4
352 365 27 8
352 366 4 3
352 367 38 10
352 368 33 10
352 369 13 8
352 370 1 5
352 411 9 4
352 436 50 9
352 457 12 7
352 511 45 7
352 747 6 6
352 748 26 1
352 862 49 8
352 1155 24 3
352 1182 46 3
353 354 2 4
353 355 32 4
353 356 14 10
353 357 34 4
353 371 34 4
353 372 27 2
353 373 5 7
353 374 45 5
353 390 16 9
353 603 42 9
353 697 41 8
353 797 16 3
353 817 37 6
353 1025 46 2
353 1051 18 5
353 1161 18 9
354 355 46 2
354 356 1 2
354 357 14 3
354 375 34 9
354 376 19 1
354 377 41 1
354 378 14 1
354 438 41 8
354 579 9 10
354 600 2 3
354 695 42 8
354 740 12 7
354 946 23 3
354 990 10 5
354 1106 35 2
354 1107 11 2
354 1181 38 5
355 356 18 2
355 357 20 1
355 379 11 8
355 390 23 9
355 395 34 1
355 397 5 1
355 460 4 5
355 501 7 4
355 511 10 6
355 557 10 2
355 655 30 1
355 665 21 3
355 945 46 8
355 956 8 8
355 969 27 8
355 996 31 10
355 1125 46 7
355 1150 8 6
355 1155 12 6
356 357 47 4
356 380 25 9
356 381 24 6
356 382 43 8
356 383 48 2
356 384 46 1
356 385 29 10
356 386 41 2
356 410 15 2
356 526 46 4
356 529 39 5
356 576 27 7
356 629 49 6
356 715 8 2
356 772 6 10
356 815 13 3
356 835 33 1
356 876 35 9
356 878 15 2
356 916 16 5
356 1021 20 6
356 1065 44 7
356 1150 26 10
356 1162 16 10
357 387 34 3
357 388 12 5
357 389 25 10
357 558 26 3
357 627 3 8
357 720 45 4
357 861 10 6
357 912 47 2
357 990 26 3
357 1066 37 5
390 391 19 6
390 392 44 9
390 393 48 5
390 394 41 7
390 397 34 8
390 413 15 7
390 414 6 2
390 437 19 9
390 438 47 7
390 461 50 7
390 463 24 8
390 500 28 3
390 510 9 1
390 511 3 9
390 528 32 1
390 530 15 2
390 555 5 4
390 575 46 5
390 577 39 2
390 602 33 6
390 604 19 8
390 625 17 7
390 629 1 9
390 656 44 1
390 667 19 3
390 670 25 6
390 697 46 10
390 698 36 3
390 715 32 10
390 721 7 4
390 723 49 5
390 740 4 3
390 745 43 10
390 748 30 7
390 771 3 10
390 774 34 7
390 797 15 9
390 816 24 10
390 838 44 9
390 839 32 1
390 862 6 9
390 881 36 9
390 913 18 5
390 916 30 5
390 945 33 1
390 946 6 8
390 956 41 9
390 968 10 6
390 990 5 7
390 997 4 1
390 999 50 10
390 1020 50 5
390 1024 10 7
390 1050 35 2
390 1052 4 6
390 1066 50 8
390 1077 3 4
390 1105 3 3
390 1106 29 10
390 1122 44 3
390 1150 41 2
390 1155 25 6
390 1161 9 5
390 1163 40 8
390 1180 27 2
390 1183 46 5
395 396 46 1
395 397 11 2
395 398 17 4
395 501 11 6
395 512 49 2
395 555 20 4
395 577 28 5
395 604 22 2
395 625 5 2
395 656 1 4
395 665 33 10
395 770 10 9
395 773 35 2
395 860 27 3
395 946 23 2
395 955 33 10
395 968 4 1
395 969 26 9
395 990 28 4
395 996 17 9
395 997 17 3
395 1052 40 2
395 1065 32 8
395 1078 26 3
395 1123 15 9
395 1155 35 8
396 397 49 9
396 399 50 4
396 400 20 5
396 436 15 9
396 500 8 5
396 512 18 3
396 558 33 1
396 601 30 10
396 630 31 9
396 698 41 10
396 715 9 1
396 722 12 6
396 740 33 5
396 816 3 4
396 862 1 7
396 915 19 1
396 955 11 1
396 990 3 10
396 1150 19 7
396 1183 41 9
397 401 1 7
397 402 45 9
397 403 29 8
397 404 24 5
397 405 29 2
397 406 22 8
397 407 8 3
397 408 18 9
397 409 30 7
397 412 21 6
397 413 6 3
397 435 26 1
397 457 8 1
397 462 4 5
397 528 43 2
397 579 37 1
397 656 28 3
397 668 16 10
397 696 40 10
397 715 35 7
397 723 5 8
397 740 25 10
397 748 36 7
397 749 5 7
397 796 31 8
397 797 10 10
397 816 28 3
397 835 14 4
397 836 8 4
397 877 11 3
397 911 4 5
397 945 20 3
397 1020 39 8
397 1021 30 7
397 1050 12 1
397 1077 44 9
397 1105 8 7
397 1107 23 5
397 1121 48 7
397 1155 16 9
397 1160 1 5
397 1161 13 1
397 1181 35 4
410 411 40 8
410 412 27 7
410 413 40 7
410 414 46 7
410 415 18 8
410 416 40 3
410 417 17 10
410 418 34 1
410 419 22 9
410 420 32 9
410 421 4 5
410 526 12 6
410 578 19 7
410 604 44 8
410 665 20 1
410 669 28 10
410 740 20 1
410 879 50 10
410 990 16 10
410 1051 11 5
410 1105 38 10
410 1120 46 10
410 1155 34 4
411 412 21 6
411 413 5 9
411 414 19 5
411 422 21 2
411 423 11 4
411 601 13 5
411 627 17 9
411 628 6 1
411 656 45 2
411 697 41 9
411 698 36 10
411 745 37 6
411 817 19 9
411 818 13 2
411 839 14 7
411 945 21 8
411 955 6 7
411 990 32 8
411 1022 15 10
411 1066 28 1
411 1150 20 6
411 1163 12 4
412 413 47 10
412 414 46 5
412 424 23 6
412 425 18 5
412 437 17 6
412 458 3 9
412 501 12 10
412 511 17 3
412 526 26 2
412 556 30 2
412 577 46 3
412 721 15 7
412 748 29 6
412 862 3 8
412 880 26 7
412 945 30 5
412 956 8 7
412 967 26 4
412 997 35 9
412 1052 17 8
412 1077 23 6
412 1150 22 8
412 1160 37 1
412 1180 10 4
413 414 45 4
413 426 12 6
413 427 13 2
413 428 11 6
413 429 27 9
413 435 24 3
413 500 28 2
413 556 48 2
413 656 48 2
413 715 2 8
413 771 33 2
413 796 13 2
413 839 46 10
413 1155 25 3
414 430 45 10
414 431 20 4
414 432 14 6
414 433 2 9
414 434 6 6
414 462 38 1
414 722 32 10
414 772 5 5
414 795 25 3
414 861 40 8
414 911 33 2
414 915 35 5
414 966 43 5
414 1023 22 6
414 1066 33 5
414 1079 5 4
414 1106 8 4
414 1124 22 4
414 1183 50 10
435 436 5 10
435 437 37 6
435 438 11 4
435 439 31 5
435 440 28 10
435 455 22 5
435 511 16 10
435 575 14 7
435 603 24 4
435 656 26 6
435 722 43 5
435 740 2 1
435 773 38 7
435 879 44 8
435 990 44 10
435 999 50 8
435 1161 29 10
435 1183 33 3
436 437 48 5
436 438 43 2
436 441 49 5
436 442 17 10
436 443 37 1
436 444 30 7
436 445 33 10
436 446 14 2
436 447 11 5
436 455 15 1
436 501 5 1
436 557 15 4
436 558 5 2
436 576 13 6
436 665 17 6
436 669 27 7
436 715 18 6
436 740 4 4
436 749 32 4
436 771 50 5
436 796 24 8
436 816 6 3
436 860 45 4
436 916 16 6
436 945 12 1
436 946 18 10
436 969 15 9
436 997 8 10
436 1022 8 1
436 1050 10 4
436 1065 7 3
436 1124 40 10
436 1150 20 1
436 1181 44 4
437 438 9 10
437 448 15 5
437 449 26 4
437 450 45 6
437 451 2 10
437 500 35 10
437 528 45 7
437 604 21 2
437 629 22 6
437 721 35 5
437 749 41 2
437 796 8 8
437 838 36 2
437 916 7 4
437 955 5 8
437 956 39 4
437 966 44 1
437 1025 44 7
437 1051 17 3
437 1075 11 9
437 1155 9 3
438 452 6 5
438 453 36 8
438 454 33 3
438 511 1 1
438 526 21 1
438 629 18 1
438 655 19 8
438 695 6 1
438 696 43 7
438 836 50 5
438 861 16 4
438 878 15 5
438 990 4 1
438 1065 15 1
438 1080 35 5
438 1106 35 2
438 1107 44 9
438 1125 31 3
438 1155 28 5
438 1163 41 4
455 456 5 3
455 457 5 8
455 458 48 1
455 459 41 8
455 460 23 3
455 461 17 3
455 462 41 8
455 463 29 3
455 464 14 4
455 465 9 3
455 466 32 10
455 528 23 6
455 557 20 3
455 655 5 2
455 668 34 1
455 715 40 4
455 796 6 6
455 966 25 3
455 1052 46 6
455 1122 20 1
455 1180 42 1
456 350 8 6
456 457 50 3
456 458 43 5
456 459 12 2
456 460 18 8
456 461 20 4
456 462 44 2
456 463 20 6
456 467 32 6
456 579 42 2
456 601 4 8
456 740 18 3
456 839 43 6
456 915 46 10
456 997 6 6
456 1068 25 7
457 458 8 7
457 459 19 4
457 460 5 9
457 461 43 4
457 462 36 5
457 463 42 6
457 468 10 9
457 469 44 5
457 470 18 10
457 500 7 1
457 715 30 8
457 862 37 7
457 879 41 4
457 945 8 10
457 967 43 2
457 990 46 10
458 459 5 10
458 460 35 5
458 461 32 2
458 462 22 5
458 463 19 4
458 471 40 8
458 472 14 2
458 473 10 2
458 474 22 8
458 475 46 9
458 555 19 4
458 627 31 8
458 670 50 3
458 723 36 7
458 818 16 7
458 990 40 9
458 1021 9 10
458 1076 33 7
458 1078 15 3
459 460 2 4
459 461 14 3
459 462 24 10
459 463 22 8
459 476 11 9
459 500 43 6
459 526 42 8
459 696 34 9
459 876 7 3
459 955 1 6
459 1050 26 7
459 1106 16 1
459 1123 10 10
459 1160 14 1
460 461 30 1
460 462 14 4
460 463 39 1
460 477 26 1
460 478 7 4
460 479 36 7
460 480 37 2
460 481 12 2
460 626 20 4
460 862 45 9
460 912 25 9
460 956 27 7
460 1065 10 1
460 1162 18 4
461 462 8 2
461 463 29 4
461 482 40 5
461 483 47 7
461 484 13 5
461 485 6 6
461 486 12 3
461 487 5 5
461 511 49 3
461 577 36 5
461 656 25 7
461 697 44 2
461 745 9 6
461 771 28 10
461 835 7 8
461 996 42 4
461 1107 39 8
461 1150 45 9
461 1180 6 7
462 463 3 5
462 488 16 7
462 489 23 5
462 490 15 3
462 491 21 2
462 512 19 6
462 600 29 2
462 770 15 6
462 795 10 7
462 1066 48 9
462 1155 21 5
463 492 46 5
463 493 27 10
463 494 43 7
463 495 41 7
463 496 21 3
463 497 36 5
463 498 38 10
463 499 48 10
463 746 38 2
500 501 15 1
500 502 4 6
500 503 17 3
500 504 5 10
500 510 46 9
500 526 44 6
500 577 28 10
500 578 43 3
500 600 46 2
500 625 14 5
500 628 5 1
500 715 30 9
500 720 22 9
500 723 22 9
500 771 40 10
500 773 21 6
500 816 45 9
500 838 50 5
500 916 18 1
500 956 49 1
500 990 44 3
500 996 1 4
500 1020 2 6
500 1065 35 9
500 1078 25 4
500 1079 26 5
500 1150 28 7
500 1155 16 5
500 1180 33 1
501 505 19 1
501 506 8 9
501 507 2 8
501 508 9 5
501 509 23 7
501 510 19 5
501 557 24 2
501 558 25 1
501 604 3 9
501 655 17 3
501 656 7 7
501 668 37 9
501 670 27 7
501 697 12 4
501 740 4 2
501 746 1 10
501 747 33 1
501 795 45 6
501 796 49 2
501 836 14 8
501 860 45 7
501 862 35 10
501 877 50 9
501 879 38 1
501 914 34 1
501 946 36 1
501 955 12 4
501 965 18 2
501 990 27 3
501 996 10 4
501 1020 11 8
501 1051 3 4
501 1106 39 3
501 1121 20 8
501 1122 37 5
501 1155 24 10
501 1161 49 1
501 1163 33 9
501 1181 40 5
510 511 1 6
510 512 13 10
510 513 27 6
510 514 22 10
510 515 6 4
510 516 21 6
510 630 7 10
510 656 35 2
510 715 42 5
510 740 9 4
510 818 4 4
510 835 1 4
510 861 28 8
510 881 29 4
510 913 19 4
510 946 10 2
510 956 15 10
510 1023 41 9
510 1052 34 8
510 1080 21 2
510 1122 48 5
510 1150 38 1
510 1155 49 10
510 1162 18 1
511 512 40 4
511 517 4 6
511 518 18 9
511 519 15 7
511 529 17 1
511 577 33 4
511 601 5 5
511 665 5 9
511 666 7 9
511 695 30 6
511 697 48 10
511 721 3 5
511 748 11 1
511 770 49 7
511 773 11 7
511 795 22 1
511 797 1 2
511 816 25 8
511 969 7 10
511 990 41 4
511 999 26 5
511 1021 27 6
511 1066 30 1
511 1106 45 1
511 1150 2 4
511 1155 8 6
512 520 7 7
512 521 48 2
512 522 21 1
512 523 13 2
512 524 17 6
512 529 13 1
512 557 30 10
512 578 44 6
512 601 35 6
512 627 14 8
512 655 14 9
512 723 5 10
512 740 47 10
512 748 29 1
512 835 19 4
512 862 15 2
512 876 32 10
512 915 19 3
512 945 16 5
512 955 17 3
512 965 45 4
512 990 19 10
512 998 22 3
512 1051 19 6
512 1065 25 5
512 1105 34 9
512 1120 19 9
512 1161 46 5
512 1182 40 1
512 1183 4 1
525 526 13 6
525 527 4 1
525 528 50 5
525 529 19 8
525 530 29 8
525 531 1 8
525 558 45 10
525 604 47 5
525 670 23 9
525 696 25 4
525 715 8 2
525 817 15 2
525 861 40 5
525 879 10 5
525 914 49 9
525 945 46 8
525 995 27 10
525 1080 10 9
525 1124 14 1
525 1150 46 1
525 1182 24 3
526 527 32 10
526 528 22 5
526 529 20 2
526 530 48 5
526 532 34 3
526 533 6 2
526 534 4 8
526 535 20 5
526 557 20 8
526 655 6 8
526 656 22 9
526 669 23 10
526 773 50 4
526 835 49 7
526 837 44 4
526 955 41 10
526 966 13 9
526 999 17 9
526 1066 47 9
526 1075 34 8
526 1155 22 10
527 528 16 6
527 529 35 4
527 530 11 6
527 536 21 9
527 537 48 8
527 538 35 4
527 539 29 1
527 540 7 10
527 541 46 6
527 575 45 4
527 628 33 5
527 740 33 5
527 956 36 9
527 990 19 10
527 1020 49 10
527 1123 40 8
527 1182 7 9
528 529 4 8
528 530 9 10
528 542 2 1
528 543 23 7
528 544 5 10
528 545 21 7
528 546 5 1
528 723 18 1
528 748 36 4
528 880 13 9
528 1050 20 8
528 1065 9 8
529 530 41 3
529 547 4 2
529 548 36 3
529 576 39 3
529 602 37 3
529 630 7 4
529 697 22 4
529 722 7 2
529 774 16 2
529 796 3 1
529 946 11 5
529 968 25 6
529 1051 28 1
529 1105 41 4
529 1162 9 1
530 549 44 8
530 550 10 3
530 551 16 2
530 552 26 1
530 553 15 10
530 554 41 7
530 715 8 6
530 740 38 4
530 749 33 3
530 796 18 1
530 816 48 9
530 860 29 7
530 916 32 8
530 990 22 6
530 1023 9 9
530 1105 6 6
530 1150 27 9
530 1155 31 1
555 556 42 5
555 557 21 9
555 558 19 1
555 559 26 8
555 560 48 1
555 561 14 2
555 579 22 2
555 602 36 5
555 656 31 6
555 670 18 3
555 747 40 2
555 772 26 4
555 797 31 10
555 817 17 1
555 838 44 9
555 861 20 2
555 955 48 1
555 997 44 1
555 1051 39 5
555 1162 15 8
555 1180 9 9
556 557 47 4
556 558 29 7
556 562 45 9
556 563 42 9
556 564 26 2
556 565 6 5
556 566 39 9
556 567 11 6
556 568 42 3
556 604 42 2
556 625 21 8
556 627 1 3
556 668 25 9
556 697 49 4
556 722 27 6
556 740 34 1
556 946 3 1
556 955 43 2
556 990 35 9
556 1065 49 7
556 1077 2 9
556 1107 3 9
556 1120 47 10
556 1155 33 6
557 558 43 6
557 569 30 3
557 570 4 4
557 571 7 1
557 572 42 8
557 697 40 1
557 715 40 7
557 740 16 1
557 818 3 7
557 875 27 6
557 911 45 7
557 945 13 1
557 996 25 9
557 1023 25 9
557 1124 5 4
557 1150 27 3
558 573 2 3
558 574 9 3
558 575 24 9
558 655 47 10
558 715 33 3
558 721 28 10
558 746 27 4
558 774 50 4
558 797 10 5
558 838 15 8
558 878 39 3
558 910 49 1
558 966 40 9
558 968 3 9
558 990 34 10
558 1024 22 10
558 1052 39 8
558 1065 11 2
558 1076 38 6
558 1106 22 4
558 1150 47 4
558 1162 7 9
558 1181 27 9
573 495 14 8
575 576 32 9
575 577 29 6
575 578 32 10
575 579 10 2
575 580 49 8
575 581 30 4
575 582 26 5
575 602 21 1
575 625 28 4
575 656 47 7
575 668 50 2
575 695 17 8
575 747 17 8
575 773 43 5
575 815 37 6
575 835 46 4
575 876 29 3
575 914 43 2
575 990 48 8
575 997 49 6
575 1024 24 8
576 577 25 4
576 578 48 8
576 579 40 6
576 583 37 3
576 584 6 10
576 585 20 3
576 586 15 1
576 587 32 10
576 588 48 10
576 589 15 7
576 715 2 4
576 723 37 4
576 798 41 8
576 817 35 7
576 945 16 5
576 956 10 3
576 969 5 8
576 998 49 1
576 1025 44 6
576 1052 27 9
576 1150 23 1
576 1155 19 3
576 1183 42 7
577 578 4 1
577 579 24 10
577 590 46 6
577 667 24 7
577 740 16 1
577 746 21 4
577 774 20 4
577 861 15 6
577 862 12 10
577 880 35 10
577 912 27 7
577 967 4 3
577 1050 31 2
577 1066 50 9
577 1105 50 2
577 1124 37 6
577 1150 35 9
577 1161 30 1
578 579 36 10
578 591 11 2
578 592 41 4
578 593 18 7
578 594 3 1
578 595 12 1
578 596 34 7
578 698 31 4
578 798 36 7
578 838 28 10
578 990 35 10
578 1078 45 4
578 1106 21 5
578 1161 7 7
578 1180 13 7
579 597 34 7
579 598 32 3
579 599 27 7
579 602 2 6
579 628 16 10
579 655 44 2
579 720 37 3
579 740 34 4
579 946 1 2
579 1065 34 7
579 1075 45 7
579 1120 29 9
579 1155 7 7
600 601 18 3
600 602 19 9
600 603 15 3
600 604 27 4
600 605 6 8
600 606 30 3
600 607 2 6
600 627 23 10
600 722 30 10
600 740 31 9
600 773 36 4
600 817 24 8
600 818 14 9
600 912 18 10
600 990 24 6
600 995 29 2
600 1065 28 5
600 1124 19 5
600 1150 6 3
600 1160 38 5
600 1161 38 5
601 602 35 8
601 603 48 5
601 604 2 10
601 608 36 10
601 609 35 6
601 610 4 7
601 611 45 4
601 656 31 3
601 698 18 5
601 715 2 7
601 747 18 5
601 772 32 10
601 795 13 5
601 861 28 8
601 879 39 7
601 990 36 1
601 1078 12 9
601 1105 17 3
601 1155 34 3
602 603 21 6
602 604 37 5
602 612 43 4
602 613 29 1
602 614 2 3
602 656 10 1
602 666 47 8
602 696 32 7
602 946 14 2
602 955 44 8
602 1051 17 9
602 1052 43 3
602 1065 48 8
602 1124 32 6
602 1183 38 3
603 604 6 10
603 615 29 3
603 616 27 8
603 617 26 2
603 618 50 3
603 666 48 2
603 740 37 4
603 745 1 9
603 797 47 5
603 836 34 3
603 879 45 3
603 912 24 7
603 945 33 2
603 955 18 5
603 998 19 3
603 1105 32 10
603 1150 9 7
603 1155 10 5
604 619 11 8
604 620 36 2
604 621 40 3
604 622 6 6
604 623 13 2
604 624 8 9
604 625 28 4
604 715 39 8
604 720 20 5
604 836 8 4
604 862 28 5
604 967 8 2
604 969 7 1
604 1024 29 9
604 1025 45 3
604 1076 7 8
604 1182 43 4
625 626 43 8
625 627 27 7
625 628 5 5
625 629 47 4
625 630 45 3
625 631 6 5
625 632 29 3
625 633 20 9
625 634 34 6
625 635 22 10
625 670 2 3
625 715 50 3
625 862 29 6
625 956 16 5
625 997 13 2
625 1022 12 4
625 1065 13 2
625 1066 3 5
625 1105 6 3
625 1155 16 3
626 627 27 2
626 628 40 1
626 629 15 7
626 630 43 7
626 636 16 6
626 637 7 6
626 696 27 9
626 722 15 5
626 797 36 3
626 945 36 1
626 966 38 8
626 1051 45 9
626 1075 21 6
626 1078 46 3
626 1125 7 9
627 628 47 3
627 629 11 9
627 630 32 8
627 638 42 1
627 639 21 10
627 640 48 3
627 641 7 3
627 656 1 4
627 666 1 6
627 723 34 10
627 740 36 4
627 773 15 8
627 816 22 7
627 817 36 10
627 878 41 1
627 914 23 8
627 990 45 3
627 1160 2 2
628 629 25 4
628 630 14 3
628 642 48 3
628 643 48 10
628 644 26 9
628 645 30 3
628 646 1 9
628 698 15 7
628 749 10 9
628 772 22 1
628 837 24 8
628 877 45 4
628 956 25 5
628 995 14 8
628 1020 16 4
628 1120 13 5
628 1160 30 10
628 1183 15 7
629 630 6 3
629 647 20 4
629 648 11 4
629 649 26 5
629 650 34 9
629 651 41 3
629 652 29 6
629 653 46 8
629 715 11 5
629 745 7 6
629 913 20 2
629 990 3 9
629 1050 19 4
629 1150 43 1
629 1155 13 1
630 654 14 1
630 656 30 1
630 796 14 4
630 836 39 4
630 860 50 2
630 945 32 9
630 967 21 1
630 1105 19 9
630 1150 46 1
630 1181 23 8
655 656 45 6
655 657 37 3
655 658 8 1
655 659 22 10
655 660 17 1
655 661 36 4
655 662 38 1
655 669 44 10
655 695 16 10
655 697 35 6
655 715 11 9
655 722 12 7
655 740 32 7
655 770 33 6
655 797 3 9
655 815 14 10
655 817 50 8
655 835 48 5
655 878 32 9
655 911 4 10
655 912 1 5
655 945 17 9
655 946 9 10
655 956 20 6
655 966 19 2
655 990 18 2
655 996 42 9
655 997 22 6
655 1051 37 3
655 1065 14 10
655 1066 33 6
655 1106 5 10
655 1121 37 1
655 1150 7 1
655 1155 6 1
655 1163 42 2
655 1181 18 4
656 663 16 7
656 664 23 9
656 668 17 6
656 715 17 4
656 721 24 9
656 745 26 9
656 749 6 9
656 771 21 10
656 797 44 9
656 836 48 5
656 862 30 1
656 879 13 7
656 955 22 1
656 968 48 6
656 1020 30 4
656 1023 39 8
656 1050 34 7
656 1077 20 2
656 1078 47 5
656 1107 30 9
656 1122 30 1
656 1155 31 6
656 1162 36 4
656 1182 41 6
665 666 25 6
665 667 11 5
665 668 30 1
665 669 20 5
665 670 41 8
665 671 5 1
665 672 20 9
665 673 26 3
665 674 32 2
665 675 10 7
665 698 10 4
665 721 47 9
665 746 37 2
665 749 21 7
665 837 38 4
665 877 32 4
665 969 7 7
665 1065 27 4
666 667 2 5
666 668 15 7
666 669 19 9
666 670 10 5
666 676 20 7
666 677 10 9
666 678 47 9
666 679 26 8
666 695 39 3
666 715 45 5
666 740 41 9
666 774 40 8
666 816 29 3
666 876 8 9
666 911 23 7
666 912 4 10
666 990 37 9
666 1080 33 7
667 668 26 6
667 669 25 5
667 670 15 5
667 680 39 2
667 681 30 2
667 682 5 5
667 683 48 7
667 861 12 6
667 969 1 2
667 1020 23 8
667 1065 30 7
667 1105 39 1
667 1124 12 5
668 669 25 9
668 670 36 4
668 684 46 6
668 685 33 9
668 686 3 10
668 687 37 5
668 688 26 4
668 689 38 7
668 715 37 7
668 740 10 9
668 861 46 10
668 946 30 4
668 999 42 3
668 1155 36 9
668 1163 19 1
669 670 46 10
669 690 12 3
669 723 41 2
669 818 26 6
669 946 24 6
669 955 32 2
669 1022 19 5
669 1077 18 2
669 1123 5 2
669 1150 34 2
669 1155 5 2
670 691 34 2
670 692 9 2
670 693 49 3
670 694 42 6
670 772 33 9
670 795 41 3
670 796 31 7
670 990 23 4
670 995 42 10
670 1050 14 8
670 1051 37 10
670 1107 18 9
670 1163 36 5
670 1182 4 3
670 1183 19 9
695 696 48 9
695 697 27 8
695 698 4 4
695 699 41 2
695 700 26 5
695 701 37 2
695 702 4 7
695 703 18 1
695 704 40 2
695 715 46 5
695 740 42 3
695 746 25 7
695 876 38 5
695 913 44 7
695 916 36 9
695 956 29 5
695 1022 42 6
695 1051 8 1
695 1121 10 8
695 1155 46 9
695 1182 2 4
696 697 28 2
696 698 23 10
696 705 19 8
696 706 10 3
696 707 2 10
696 708 23 6
696 720 29 2
696 740 35 4
696 773 5 3
696 817 18 7
696 838 44 9
696 861 32 5
696 878 2 9
696 956 22 1
696 968 27 10
696 990 34 8
696 1025 6 3
696 1052 24 10
696 1106 33 4
697 698 1 10
697 709 12 10
697 710 36 5
697 711 45 10
697 712 41 8
697 713 13 8
697 721 9 10
697 748 50 1
697 774 29 7
697 798 1 2
697 862 9 7
697 969 38 2
697 990 38 6
697 996 19 5
697 999 43 5
697 1065 26 4
697 1079 2 10
697 1107 43 3
697 1122 34 3
697 1150 2 4
697 1155 44 1
697 1160 29 6
698 714 17 2
698 715 22 4
698 795 12 3
698 815 22 9
698 838 17 1
698 945 27 10
698 946 1 7
698 1075 37 4
698 1150 3 3
698 1163 30 9
698 1183 8 5
715 716 19 3
715 717 3 6
715 718 24 6
715 719 40 10
715 723 9 1
715 740 29 7
715 748 47 6
715 749 40 10
715 771 19 5
715 772 39 8
715 795 3 4
715 796 26 1
715 817 15 7
715 836 38 1
715 838 27 5
715 860 13 3
715 861 2 1
715 876 32 1
715 878 11 10
715 912 40 7
715 945 22 4
715 946 36 3
715 956 8 1
715 966 40 1
715 968 5 8
715 990 29 10
715 997 23 6
715 998 34 2
715 1021 6 8
715 1024 19 6
715 1051 6 8
715 1052 19 9
715 1065 37 3
715 1078 33 4
715 1079 4 9
715 1106 5 8
715 1107 22 6
715 1121 22 8
715 1122 47 5
715 1150 13 2
715 1155 1 1
715 1160 35 4
715 1161 10 9
715 1181 27 9
715 1182 13 4
720 721 8 3
720 722 23 7
720 723 41 1
720 724 7 5
720 725 18 8
720 726 37 5
720 727 26 10
720 728 15 2
720 729 6 6
720 745 16 4
720 770 13 6
720 835 5 4
720 838 28 7
720 861 41 7
720 880 15 6
720 915 11 10
720 990 42 1
720 997 29 4
720 1105 45 7
720 1183 38 6
721 722 40 9
721 723 41 6
721 730 44 5
721 731 46 9
721 732 18 5
721 817 39 1
721 877 13 3
721 945 33 9
721 956 37 8
721 969 19 3
721 997 26 2
721 1021 26 2
721 1065 15 1
721 1079 42 2
721 1120 41 4
721 1155 38 5
722 723 6 10
722 733 4 3
722 734 42 7
722 735 28 6
722 736 6 5
722 737 40 6
722 740 33 10
722 862 44 9
722 910 32 10
722 946 17 1
722 1025 23 4
722 1050 44 6
722 1066 44 6
722 1077 16 1
722 1123 36 1
722 1150 48 1
722 1162 41 1
723 738 29 9
723 739 4 4
723 747 36 3
723 774 22 8
723 796 42 7
723 798 47 10
723 815 41 10
723 956 33 9
723 966 20 9
723 990 42 2
723 1051 3 3
723 1105 24 6
723 1150 43 6
723 1180 29 5
740 741 26 8
740 742 13 9
740 743 43 2
740 744 5 7
740 745 9 8
740 746 38 9
740 771 39 10
740 772 46 7
740 796 4 7
740 797 38 3
740 815 24 2
740 817 41 3
740 835 18 4
740 839 20 7
740 860 49 9
740 861 10 10
740 875 45 6
740 877 29 4
740 912 9 4
740 916 21 10
740 945 6 9
740 946 18 9
740 955 29 2
740 966 7 9
740 967 24 5
740 990 5 7
740 998 11 10
740 999 1 9
740 1020 15 8
740 1021 45 1
740 1050 12 4
740 1052 23 9
740 1065 34 9
740 1066 44 10
740 1076 9 5
740 1077 43 1
740 1105 40 6
740 1122 18 7
740 1123 39 6
740 1150 17 5
740 1155 9 7
740 1160 28 6
740 1163 15 2
740 1180 50 6
745 746 24 7
745 747 9 10
745 748 16 9
745 749 31 2
745 750 17 5
745 751 50 7
745 773 36 8
745 798 46 9
745 817 48 7
745 967 4 3
745 968 46 9
745 990 35 9
745 1065 22 8
745 1076 35 7
745 1124 38 5
746 747 1 10
746 748 48 6
746 749 24 7
746 752 43 1
746 753 10 5
746 754 9 3
746 755 22 7
746 756 31 4
746 817 8 6
746 861 50 1
746 1020 36 4
746 1023 15 1
746 1106 2 6
746 1121 39 5
746 1150 26 4
746 1155 33 4
746 1181 10 9
747 748 23 4
747 749 13 7
747 757 46 4
747 758 49 7
747 759 8 9
747 760 41 10
747 839 9 6
747 880 48 8
747 1051 46 3
747 1066 16 2
747 1077 48 4
747 1150 48 4
747 1163 18 4
748 749 26 5
748 761 42 9
748 762 11 3
748 763 41 4
748 764 15 3
748 765 49 1
748 766 41 1
748 767 6 1
748 768 37 2
748 798 24 2
748 837 41 10
748 862 8 8
748 875 30 8
748 913 44 5
748 916 3 7
748 956 36 9
748 999 19 1
748 1052 21 3
748 1107 18 4
748 1162 6 2
749 769 14 6
749 770 9 7
749 945 4 10
749 955 45 2
749 996 24 5
749 1180 48 5
770 771 32 1
770 772 20 1
770 773 47 10
770 774 12 8
770 775 1 2
770 776 4 1
770 777 49 3
770 778 49 8
770 779 16 9
770 780 20 1
770 781 21 4
770 797 19 3
770 860 18 10
770 877 50 4
770 916 3 10
770 946 5 7
770 955 20 3
770 1120 26 4
770 1155 31 7
770 1163 7 3
771 772 28 10
771 773 12 1
771 774 45 7
771 782 15 8
771 783 6 7
771 784 30 6
771 785 11 3
771 786 13 6
771 787 4 7
771 945 50 3
771 990 19 2
771 1051 9 9
771 1065 26 7
771 1106 28 2
771 1107 45 8
771 1120 15 2
771 1150 31 9
771 1160 31 9
771 1183 49 4
772 773 34 8
772 774 20 3
772 788 8 10
772 817 50 5
772 818 25 8
772 880 31 2
772 967 24 9
772 990 44 3
772 999 8 4
772 1051 39 5
772 1065 48 3
772 1077 7 8
772 1150 6 1
773 774 49 5
773 789 33 1
773 790 49 1
773 791 46 3
773 792 15 10
773 793 32 7
773 861 36 5
773 966 26 10
773 1021 16 6
773 1077 21 9
774 794 32 8
774 795 49 2
774 838 12 10
774 839 28 7
774 912 40 2
774 956 10 1
774 997 25 1
774 1021 26 2
774 1182 24 5
795 796 27 9
795 797 1 10
795 798 14 2
795 799 22 6
795 800 2 1
795 801 46 7
795 802 31 7
795 803 48 5
795 804 43 8
795 816 26 6
795 881 17 10
795 912 46 8
795 990 10 9
795 1050 45 2
795 1066 28 5
795 1120 7 3
795 1124 31 8
795 1150 23 4
795 1155 26 6
796 797 41 4
796 798 25 2
796 805 3 9
796 816 3 8
796 838 23 2
796 955 42 7
796 966 42 4
796 995 38 5
796 1024 25 9
796 1077 4 3
796 1105 35 10
796 1106 3 10
796 1150 8 10
796 1155 27 2
796 1162 38 1
796 1163 12 4
797 798 23 1
797 806 20 6
797 807 49 10
797 808 3 9
797 809 46 7
797 810 31 10
797 811 3 2
797 861 50 6
797 876 20 7
797 911 22 6
797 946 25 4
797 965 33 3
797 990 32 4
797 1023 24 7
797 1052 32 1
797 1079 31 1
797 1183 43 7
798 812 9 6
798 813 28 6
798 814 27 10
798 835 7 3
798 861 19 4
798 945 36 5
798 956 38 5
798 995 49 2
798 1065 35 7
798 1182 19 9
815 816 40 1
815 817 17 10
815 818 5 9
815 819 42 5
815 820 45 1
815 910 5 7
815 945 44 7
815 968 39 2
815 969 43 7
815 1024 32 8
815 1050 26 5
815 1150 17 9
815 1155 4 9
816 817 22 3
816 818 17 6
816 821 11 6
816 822 4 4
816 823 11 4
816 824 1 1
816 825 21 10
816 826 10 8
816 835 20 9
816 862 46 5
816 875 38 6
816 955 47 7
816 990 43 4
816 999 18 7
816 1052 37 9
816 1066 2 9
816 1076 25 5
816 1124 38 4
816 1162 13 8
816 1182 6 3
817 818 17 7
817 827 26 1
817 828 33 10
817 861 9 10
817 915 26 10
817 946 46 4
817 956 17 6
817 990 35 5
817 1150 33 8
817 1160 1 2
818 829 48 1
818 830 43 2
818 831 9 5
818 832 16 9
818 833 45 9
818 834 13 7
818 836 9 4
818 881 3 4
818 996 11 8
818 1023 9 2
818 1066 1 3
818 1076 4 5
818 1106 9 3
818 1121 10 2
818 1155 8 7
818 1181 41 10
835 836 8 2
835 837 23 2
835 838 36 9
835 839 4 1
835 840 44 1
835 841 4 7
835 842 20 7
835 843 11 9
835 844 12 5
835 880 12 3
835 915 15 2
835 945 42 1
835 967 42 9
835 990 17 3
835 1023 7 6
835 1120 36 2
835 1155 25 3
836 837 34 9
836 838 28 10
836 839 26 9
836 845 1 9
836 846 25 2
836 945 19 8
836 998 3 10
836 1150 12 10
836 1162 7 3
836 1182 39 10
837 838 48 5
837 839 49 1
837 847 3 7
837 848 6 10
837 849 14 1
837 990 46 4
837 1065 11 8
837 1155 45 7
837 1162 45 10
837 1183 28 1
838 839 45 6
838 850 14 6
838 851 36 8
838 852 39 3
838 853 16 1
838 854 4 9
838 855 39 4
838 856 48 10
838 857 43 8
838 858 9 6
838 861 10 3
838 879 41 8
838 966 31 7
838 999 39 2
838 1052 12 7
838 1065 3 3
838 1075 8 4
838 1078 3 5
838 1120 28 6
839 859 10 6
839 861 35 9
839 916 26 2
839 955 27 2
839 956 13 8
839 1023 14 1
839 1052 38 8
839 1105 13 2
839 1107 42 3
839 1150 34 1
860 861 28 1
860 862 17 1
860 863 18 2
860 864 44 1
860 865 46 8
860 866 37 9
860 867 4 6
860 868 40 4
860 945 31 3
860 956 50 7
860 1051 36 5
860 1066 18 7
860 1105 50 1
860 1150 26 10
860 1183 18 2
861 862 35 1
861 869 47 3
861 875 28 8
861 878 7 4
861 913 37 9
861 946 41 10
861 955 49 9
861 965 12 2
861 1022 18 3
861 1066 26 1
861 1080 9 5
861 1150 16 5
861 1155 5 5
861 1161 23 9
862 870 18 5
862 871 36 5
862 872 34 4
862 873 2 6
862 874 26 7
862 914 50 1
862 967 6 9
862 990 12 7
862 998 27 10
862 1051 14 8
862 1106 27 3
862 1121 14 2
862 1124 50 9
862 1161 36 3
862 1183 33 9
875 876 45 9
875 877 23 3
875 878 30 7
875 879 6 5
875 880 19 9
875 881 35 2
875 882 49 5
875 883 11 10
875 884 49 6
875 990 35 6
875 997 11 2
875 1025 50 5
875 1120 5 1
875 1183 9 1
876 877 9 1
876 878 21 5
876 879 35 7
876 880 47 9
876 881 44 9
876 885 42 1
876 886 32 7
876 887 45 4
876 888 22 1
876 956 42 10
876 1051 49 10
876 1107 43 3
876 1150 19 10
876 1161 45 3
876 1181 28 2
877 878 24 6
877 879 40 6
877 880 43 5
877 881 12 8
877 889 21 10
877 890 5 4
877 891 36 7
877 892 23 7
877 893 23 3
877 995 26 8
877 1065 43 6
877 1078 5 6
877 1155 44 3
878 879 39 6
878 880 37 1
878 881 32 6
878 894 45 2
878 895 8 7
878 896 6 7
878 897 23 6
878 966 32 8
878 1024 15 9
878 1050 18 9
878 1077 23 8
878 1150 45 5
878 1161 25 9
879 880 29 7
879 881 47 6
879 898 48 4
879 899 43 9
879 900 23 7
879 901 48 5
879 902 16 1
879 912 4 8
879 945 12 1
879 1065 49 3
879 1125 13 2
879 1155 40 1
880 881 10 2
880 903 18 5
880 904 35 5
880 905 33 6
880 906 49 6
880 907 46 9
880 955 14 1
880 969 25 5
880 990 1 9
880 1105 34 7
881 908 13 7
881 909 5 10
881 914 47 9
881 945 24 6
910 911 44 10
910 912 42 10
910 913 24 2
910 914 32 8
910 915 37 7
910 916 4 3
910 917 16 7
910 918 48 4
910 919 5 10
910 996 7 9
910 1076 34 10
910 1150 27 7
910 1155 43 6
911 912 18 6
911 913 34 1
911 914 4 1
911 915 1 10
911 916 46 6
911 920 7 6
911 921 33 1
911 922 47 9
911 969 45 2
911 990 25 8
911 1050 41 7
911 1150 8 1
912 913 34 10
912 914 13 2
912 915 39 3
912 916 48 1
912 923 44 8
912 924 22 3
912 925 9 3
912 926 2 10
912 927 2 6
912 928 24 4
912 929 40 4
912 930 30 8
912 945 25 9
912 968 22 9
913 914 32 9
913 915 38 1
913 916 38 2
913 931 35 1
913 932 39 4
913 956 15 5
913 990 17 1
913 999 25 5
913 1065 46 6
913 1066 2 7
913 1155 37 1
913 1181 20 10
914 915 18 6
914 916 2 5
914 933 35 7
914 934 46 8
914 935 21 5
914 936 39 9
914 945 1 9
914 1022 4 1
914 1124 31 6
914 1125 23 6
914 1181 26 1
915 916 50 1
915 937 18 6
915 938 35 8
915 939 42 1
915 1022 28 7
915 1105 36 1
915 1160 18 1
915 1161 14 6
916 940 40 10
916 941 31 10
916 942 29 4
916 943 37 9
916 944 13 9
916 955 4 6
916 1051 1 8
916 1075 3 3
945 946 2 4
945 947 33 6
945 948 11 6
945 949 37 9
945 955 7 8
945 966 50 6
945 996 50 4
945 1021 4 10
945 1050 29 6
945 1065 30 5
945 1107 11 9
945 1123 47 4
945 1150 20 8
945 1155 20 10
945 1181 2 1
946 950 21 2
946 951 4 6
946 952 49 1
946 953 18 1
946 954 8 9
946 956 6 7
946 965 22 1
946 990 17 1
946 999 3 10
946 1025 8 10
946 1052 10 9
946 1066 12 8
946 1077 43 7
946 1080 4 10
946 1105 11 2
946 1124 10 6
946 1155 3 6
946 1162 14 7
946 1181 40 5
955 956 27 3
955 957 40 10
955 958 13 7
955 965 43 10
955 999 48 10
955 1052 11 1
955 1065 35 7
955 1075 34 3
955 1079 14 10
955 1107 31 4
955 1150 43 10
955 1155 47 6
955 1162 3 5
955 1182 47 10
955 1183 9 5
956 959 23 8
956 960 8 1
956 961 37 5
956 962 5 4
956 963 38 1
956 964 35 2
956 968 13 8
956 990 45 3
956 999 48 1
956 1021 36 7
956 1024 42 8
956 1050 11 5
956 1066 41 7
956 1105 18 6
956 1121 47 2
956 1124 19 7
956 1150 2 7
956 1163 26 4
965 966 9 8
965 967 31 9
965 968 8 3
965 969 19 6
965 970 37 2
965 971 12 6
965 998 15 9
965 1020 37 10
965 1052 49 6
965 1120 5 10
965 1150 7 8
966 967 28 9
966 968 49 3
966 969 37 6
966 972 7 8
966 973 45 3
966 974 5 7
966 975 46 9
966 990 29 10
966 1120 24 5
966 1155 44 1
966 1160 10 3
967 968 4 5
967 969 40 7
967 976 9 10
967 977 44 5
967 978 3 2
967 979 2 5
967 980 49 2
967 981 17 6
967 1024 38 6
967 1065 30 1
967 1076 36 3
967 1155 21 5
967 1182 23 4
968 969 31 3
968 982 23 5
968 983 12 3
968 984 13 8
968 985 23 6
968 986 5 3
968 987 27 4
968 988 37 3
968 990 36 1
968 999 42 4
968 1106 25 7
968 1150 23 10
969 989 34 7
969 1050 36 3
969 1066 9 6
969 1078 2 7
969 1105 4 4
969 1161 30 6
969 1180 4 4
990 991 11 3
990 992 2 5
990 993 43 6
990 994 22 4
990 995 22 9
990 997 29 9
990 1020 4 6
990 1050 15 5
990 1051 1 5
990 1065 6 10
990 1079 43 6
990 1080 21 4
990 1105 46 5
990 1107 40 6
990 1122 40 10
990 1124 33 7
990 1150 3 1
990 1155 12 10
990 1161 41 5
990 1163 22 2
990 1181 42 6
990 1182 2 10
995 996 50 3
995 997 42 10
995 998 22 7
995 999 38 4
995 1000 45 8
995 1001 17 8
995 1002 42 10
995 1003 1 4
995 1004 3 7
995 1005 19 8
995 1022 13 6
995 1066 17 9
995 1107 24 3
995 1150 5 9
995 1155 31 1
995 1163 2 8
995 1180 9 2
995 1182 21 8
996 997 5 1
996 998 16 8
996 999 49 1
996 1006 11 10
996 1007 26 2
996 1008 36 10
996 1009 13 4
997 998 31 5
997 999 34 5
997 1010 13 8
997 1050 47 9
997 1077 23 10
998 999 13 5
998 1011 17 8
998 1022 5 8
998 1080 29 7
998 1107 9 7
998 1123 42 8
999 1012 14 3
999 1013 18 6
999 1014 4 9
999 1015 34 2
999 1016 50 3
999 1017 15 10
999 1018 2 10
999 1019 21 2
999 1051 15 8
999 1125 37 1
999 1150 37 4
999 1155 48 8
999 1161 22 7
1020 1021 26 6
1020 1022 3 5
1020 1023 26 9
1020 1024 38 3
1020 1025 42 3
1020 1026 43 7
1020 1027 22 10
1020 1028 35 1
1020 1029 30 9
1020 1030 25 7
1020 1031 47 9
1020 1032 1 9
1020 1051 1 9
1020 1120 45 7
1020 1160 19 7
1021 1022 12 10
1021 1023 47 1
1021 1024 2 6
1021 1025 43 7
1021 1033 34 8
1021 1034 5 1
1021 1035 7 6
1021 1036 17 3
1021 1037 15 7
1021 1077 29 3
1021 1105 48 4
1021 1124 37 8
1022 1023 3 8
1022 1024 6 2
1022 1025 44 8
1022 1038 10 9
1022 1039 1 2
1022 1040 14 1
1022 1052 2 6
1022 1065 22 6
1022 1105 24 4
1022 1150 19 3
1022 1155 46 9
1022 1180 4 3
1022 1183 41 5
1023 1024 33 10
1023 1025 2 9
1023 1041 15 9
1023 1042 22 3
1023 1043 26 3
1023 1044 50 8
1023 1045 22 3
1024 1025 23 5
1024 1046 14 2
1024 1066 20 6
1024 1079 47 9
1024 1155 28 2
1025 1047 13 4
1025 1048 44 3
1025 1049 10 2
1025 1150 33 2
1025 1163 16 9
1050 1051 44 6
1050 1052 46 6
1050 1053 46 7
1050 1054 11 9
1050 1055 33 5
1050 1065 43 5
1050 1079 10 1
1050 1106 47 5
1050 1121 1 1
1051 1052 44 3
1051 1056 40 1
1051 1057 41 7
1051 1058 42 4
1051 1059 18 8
1051 1060 28 4
1051 1061 1 1
1051 1150 38 5
1051 1155 18 8
1051 1183 1 3
1052 1062 30 4
1052 1063 13 6
1052 1064 4 7
1052 1065 23 3
1052 1078 10 1
1052 1107 45 2
1052 1120 36 2
1052 1150 31 6
1052 1155 9 7
1052 1162 6 9
1052 1180 49 4
1065 1066 29 10
1065 1067 10 9
1065 1124 1 3
1065 1125 34 1
1065 1182 45 1
1066 1068 48 1
1066 1069 15 7
1066 1070 20 3
1066 1071 12 6
1066 1072 45 6
1066 1073 38 3
1066 1074 24 3
1066 1079 42 7
1066 1106 31 7
1066 1150 11 5
1066 1155 26 4
1066 1160 18 8
1066 1161 50 3
1066 1182 10 2
1075 1076 16 2
1075 1077 43 3
1075 1078 8 5
1075 1079 31 8
1075 1080 21 9
1075 1081 35 6
1075 1082 15 3
1075 1083 17 5
1075 1084 1 3
1075 1125 27 7
1075 1150 26 2
1076 1077 6 5
1076 1078 9 2
1076 1079 46 6
1076 1080 7 7
1076 1085 22 1
1076 1086 26 3
1076 1087 20 10
1076 1088 10 3
1076 1089 13 8
1076 1090 50 10
1076 1091 17 4
1076 1163 11 9
1077 1078 40 4
1077 1079 1 3
1077 1080 48 9
1077 1092 9 3
1077 1093 39 5
1077 1094 42 3
1077 1095 35 10
1077 1096 32 3
1077 1097 13 6
1077 1098 29 5
1077 1099 50 9
1077 1124 8 3
1077 1150 41 6
1077 1155 26 9
1078 1079 25 1
1078 1080 22 9
1078 1100 8 4
1078 1101 16 6
1078 1105 17 10
1078 1107 19 10
1078 1183 38 5
1079 1080 39 10
1079 1102 37 6
1079 1155 4 10
1079 1181 19 3
1080 1103 2 10
1080 1104 19 7
1080 1161 50 9
1105 1106 50 2
1105 1107 49 6
1105 1108 13 1
1105 1109 9 4
1105 1161 16 2
1105 1183 37 4
1106 1107 39 1
1106 1110 6 9
1106 1111 20 5
1106 1112 5 6
1106 1113 39 5
1106 1114 4 4
1106 1115 22 6
1106 1116 5 4
1106 1123 14 3
1106 1162 50 10
1106 1182 4 1
1107 1117 7 2
1107 1118 14 4
1107 1119 32 9
1107 1120 2 3
1107 1150 3 3
1107 1155 7 8
1120 1121 35 7
1120 1122 30 1
1120 1123 33 5
1120 1124 9 10
1120 1125 16 5
1120 1126 46 8
1120 1182 31 3
1121 1122 23 2
1121 1123 12 5
1121 1124 7 4
1121 1125 6 10
1121 1127 20 10
1121 1128 17 10
1121 1129 28 8
1121 1130 24 8
1121 1131 43 6
1121 1150 38 9
1121 1155 37 9
1122 1123 13 2
1122 1124 34 6
1122 1125 23 5
1122 1132 27 7
1122 1133 35 3
1122 1134 3 6
1122 1135 19 8
1122 1150 41 10
1123 1124 36 4
1123 1125 44 1
1123 1136 25 1
1123 1137 9 10
1123 1138 22 9
1123 1139 11 3
1123 1155 9 6
1124 1125 40 2
1124 1140 21 7
1124 1141 50 9
1124 1142 11 6
1124 1143 42 2
1124 1144 47 1
1124 1145 18 7
1125 1146 41 10
1125 1147 21 4
1125 1148 10 7
1125 1149 5 4
1125 1162 1 5
1125 1163 33 4
1125 1181 16 2
1150 1151 33 3
1150 1152 10 3
1150 1153 42 2
1150 1154 4 5
1150 1155 26 3
1150 1161 3 5
1150 1163 17 6
1150 1180 41 3
1150 1182 35 4
1155 1156 42 6
1155 1157 21 10
1155 1158 6 5
1155 1159 26 10
1155 1160 14 1
1155 1161 46 3
1155 1182 43 7
1155 1183 4 4
1160 1161 45 4
1160 1162 36 3
1160 1163 45 10
1160 1164 14 5
1160 1165 43 7
1160 1180 43 2
1161 1162 47 4
1161 1163 27 10
1161 1166 29 4
1161 1167 5 6
1161 1168 11 8
1161 1169 19 2
1161 1170 37 7
1162 1163 8 1
1162 1171 40 2
1162 1182 43 2
1163 1172 25 5
1163 1173 36 8
1163 1174 5 1
1163 1175 14 8
1163 1176 10 3
1163 1177 42 5
1163 1178 32 6
1163 1179 18 7
1180 1181 3 7
1180 1182 33 7
1180 1183 50 9
1180 1184 8 6
1181 1182 32 8
1181 1183 27 2
1181 1185 45 5
1181 1186 31 9
1181 1187 39 6
1181 1188 29 10
1181 1189 47 7
1181 1190 3 10
1182 1183 44 6
1182 1191 32 9
1182 1192 46 7
1182 1193 20 9
1182 1194 47 3
1182 1195 4 2
1183 1196 10 8
1183 1197 35 1
1183 1198 24 5
1183 1199 4 7

0 19 9
1 757 19
2 677 7
3 717 3
4 471 22
5 830 16
6 253 11
7 516 5
8 273 11
9 899 22
10 827 13
11 116 11
12 869 33
13 235 16
14 44 14
15 963 16
16 635 12
17 327 4
18 606 16
19 834 7
20 1149 4
21 964 12
22 1087 6
23 117 15
24 1187 18
25 316 19
26 948 7
27 1146 17
28 188 5
29 452 4
30 72 9
31 277 21
32 56 20
33 1194 29
34 112 1
35 153 3
36 890 3
37 1130 13
38 324 1
39 1169 9
40 962 4
41 701 24
42 648 7
43 865 11
44 763 21
45 599 9
46 1190 2
47 286 12
48 449 9
49 810 14
50 234 11
51 503 6
52 607 2
53 486 9
54 544 3
55 475 17
56 252 17
57 124 16
58 222 18
59 909 3
60 148 9
61 768 19
62 185 5
63 536 11
64 241 9
65 199 10
66 138 4
67 162 12
68 903 11
69 732 7
70 804 25
71 650 14
72 643 21
73 97 8
74 799 13
75 79 8
76 927 2
77 654 8
78 871 23
79 68 1
80 591 7
81 850 7
82 238 24
83 959 6
84 1143 18
85 951 2
86 660 4
87 429 18
88 811 2
89 787 3
90 559 11
91 595 7
92 1136 13
93 209 3
94 128 27
95 301 13
96 564 7
97 300 15
98 440 15
99 921 23
100 1038 4
101 1073 27
102 443 26
103 593 8
104 314 12
105 1048 21
106 924 12
107 753 7
108 100 3
109 454 8
110 859 4
111 439 10
112 1096 8
113 937 8
114 428 3
115 800 1
116 130 13
117 420 13
118 450 23
119 820 32
120 39 24
121 644 11
122 399 26
123 372 16
124 766 21
125 789 8
126 431 9
127 801 10
128 953 13
129 843 5
130 581 18
131 26 5
132 1070 12
133 34 6
134 509 9
135 41 4
136 739 3
137 922 21
138 14 7
139 448 7
140 75 28
141 236 7
142 145 3
143 522 9
144 1117 4
145 960 6
146 813 7
147 580 32
148 521 25
149 1061 1
150 652 19
151 1032 1
152 976 3
153 386 22
154 400 8
155 10 11
156 539 13
157 282 2
158 349 9
159 858 4
160 363 3
161 868 27
162 542 1
163 90 11
164 16 1
165 1001 6
166 444 11
167 119 9
168 200 12
169 1111 9
170 725 7
171 358 19
172 961 11
173 933 19
174 519 8
175 219 9
176 245 4
177 1069 8
178 198 19
179 152 25
180 520 3
181 828 19
182 298 19
183 28 16
184 1041 9
185 216 9
186 547 2
187 287 5
188 346 9
189 684 29
190 87 14
191 374 30
192 12 10
193 1110 4
194 588 27
195 1095 22
196 391 13
197 819 24
198 88 15
199 276 2
200 825 13
201 566 28
202 408 7
203 89 3
204 308 8
205 484 4
206 949 16
207 958 9
208 1135 5
209 479 14
210 478 5
211 345 22
212 1027 15
213 706 5
214 318 9
215 1185 30
216 904 22
217 531 1
218 979 1
219 638 10
220 1174 2
221 841 3
222 1014 2
223 687 9
224 1133 19
225 982 10
226 504 4
227 806 12
228 619 4
229 425 12
230 759 3
231 794 18
232 381 6
233 74 12
234 1189 33
235 952 34
236 977 27
237 496 11
238 490 6
239 885 29
240 7 20
241 249 2
242 688 9
243 1131 28
244 407 6
245 120 3
246 129 11
247 617 9
248 741 17
249 594 1
250 1085 9
251 307 4
252 4 20
253 975 31
254 283 7
255 231 18
256 888 11
257 1067 6
258 895 5
259 730 21
260 1151 10
261 726 15
262 1062 12
263 1039 1
264 1153 28
265 62 26
266 908 5
267 359 22
268 278 8
269 1175 9
270 453 20
271 8 9
272 1017 10
273 716 5
274 379 5
275 302 19
276 582 12
277 737 12
278 212 12
279 814 15
280 783 3
281 900 9
282 970 21
283 822 2
284 180 11
285 752 29
286 709 9
287 546 3
288 409 19
289 85 4
290 980 18
291 1101 9
292 1054 7
293 1060 20
294 1042 12
295 43 10
296 380 10
297 812 6
298 988 11
299 882 28
300 465 6
301 157 17
302 467 17
303 634 17
304 305 12
305 712 25
306 987 15
307 1031 18
308 886 12
309 328 24
310 775 1
311 735 7
312 418 12
313 136 7
314 367 10
315 1084 1
316 731 12
317 993 22
318 920 5
319 1068 18
320 640 31
321 942 11
322 1147 8
323 870 4
324 700 8
325 781 12
326 61 17
327 551 4
328 592 21
329 384 23
330 321 17
331 552 10
332 683 16
333 289 4
334 1144 27
335 93 5
336 285 18
337 1028 9
338 154 8
339 280 5
340 383 34
341 553 5
342 537 14
343 11 7
344 125 5
345 714 8
346 744 3
347 60 18
348 918 10
349 728 7
350 1097 9
351 1197 8
352 18 10
353 692 6
354 242 7
355 505 10
356 179 30
357 432 6
358 833 12
359 884 22
360 382 18
361 780 10
362 317 16
363 777 18
364 589 7
365 92 6
366 574 6
367 792 4
368 690 8
369 548 24
370 240 18
371 907 17
372 851 13
373 642 29
374 713 3
375 784 7
376 1011 10
377 985 13
378 232 4
379 824 1
380 934 22
381 1086 17
382 338 16
383 86 6
384 487 2
385 802 12
386 104 20
387 183 11
388 472 10
389 1046 8
390 311 2
391 616 17
392 299 8
393 38 5
394 513 14
395 1008 20
396 788 3
397 31 13
398 707 1
399 223 16
400 422 5
401 565 2
402 936 15
403 891 18
404 590 16
405 220 1
406 251 5
407 874 16
408 1166 17
409 221 10
410 1196 6
411 779 5
412 845 1
413 403 13
414 377 12
415 826 6
416 840 14
417 561 3
418 175 9
419 186 2
420 30 21
421 624 4
422 724 3
423 1098 7
424 1043 15
425 587 23
426 1091 8
427 704 15
428 102 4
429 767 3
430 215 14
431 889 13
432 482 22
433 857 13
434 609 9
435 335 9
436 1104 12
437 95 8
438 842 5
439 445 13
440 983 7
441 560 25
442 1165 11
443 334 10
444 549 25
445 598 7
446 954 4
447 494 9
448 685 13
449 297 7
450 1049 5
451 160 6
452 24 16
453 1055 9
454 1139 5
455 416 28
456 1109 5
457 1116 2
458 264 11
459 434 3
460 926 2
461 622 4
462 388 9
463 398 8
464 481 3
465 853 9
466 1016 34
467 210 19
468 1005 6
469 790 14
470 127 1
471 329 1
472 686 2
473 923 11
474 369 6
475 5 5
476 615 15
477 262 2
478 657 19
479 647 5
