1200 4740 480

0 25 200
1 50 500
2 100 1200
3 150 2800
4 200 4500
5 250 7000

0 1500
1 1500
2 1500
3 1000
4 1000
5 1000
6 2000
7 1000
8 2000
9 2000
10 1000
11 2000
12 2000
13 2000
14 2000
15 1500
16 1500
17 1500
18 1500
19 1000
20 1000
21 1000
22 1000
23 1000
24 2000
25 2000
26 2000
27 1000
28 1000
29 2000
30 1000
31 2000
32 1000
33 2000
34 2000
35 2000
36 500
37 500
38 500
39 500
40 1500
41 1500
42 1500
43 1500
44 1000
45 1000
46 1000
47 2000
48 1000
49 2000
50 2000
51 1000
52 1000
53 2000
54 2000
55 1000
56 2000
57 1000
58 1000
59 1000
60 2000
61 500
62 500
63 500
64 500
65 1500
66 2000
67 1000
68 2000
69 2000
70 1500
71 1500
72 1500
73 2000
74 1000
75 2000
76 1000
77 1000
78 2000
79 2000
80 2000
81 1000
82 1000
83 2000
84 2000
85 1500
86 1500
87 1000
88 1500
89 1000
90 1500
91 1500
92 1500
93 1500
94 1000
95 2000
96 1000
97 2000
98 2000
99 500
100 500
101 2000
102 1000
103 2000
104 1000
105 1000
106 500
107 1000
108 2000
109 2000
110 2000
111 1000
112 2000
113 2000
114 2000
115 2000
116 2000
117 2000
118 2000
119 2000
120 1000
121 1000
122 1000
123 2000
124 1000
125 2000
126 2000
127 1000
128 1000
129 2000
130 1500
131 1500
132 1500
133 2000
134 2000
135 2000
136 2000
137 1000
138 1000
139 1000
140 2000
141 2000
142 2000
143 1000
144 1000
145 1500
146 1500
147 1500
148 1500
149 1000
150 2000
151 1000
152 1000
153 2000
154 2000
155 1000
156 1000
157 2000
158 2000
159 1000
160 2000
161 1000
162 1000
163 2000
164 1000
165 1500
166 1500
167 1500
168 1500
169 1500
170 1500
171 2000
172 2000
173 1000
174 1000
175 1000
176 2000
177 2000
178 2000
179 1000
180 1000
181 2000
182 2000
183 1000
184 1000
185 2000
186 1000
187 2000
188 2000
189 1000
190 1000
191 1000
192 2000
193 1000
194 2000
195 1500
196 1500
197 1500
198 1500
199 1500
200 1500
201 1500
202 1500
203 1000
204 2000
205 2000
206 1000
207 2000
208 2000
209 2000
210 2000
211 2000
212 1000
213 2000
214 2000
215 2000
216 1000
217 2000
218 1000
219 1000
220 2000
221 1000
222 1000
223 1000
224 1000
225 2000
226 1000
227 1000
228 2000
229 2000
230 2000
231 2000
232 2000
233 1000
234 2000
235 1500
236 2000
237 1000
238 2000
239 2000
240 1500
241 1000
242 1500
243 2000
244 1000
245 1000
246 1000
247 500
248 500
249 500
250 500
251 2000
252 2000
253 2000
254 2000
255 1500
256 1500
257 1500
258 1000
259 2000
260 2000
261 2000
262 1000
263 2000
264 1000
265 2000
266 2000
267 2000
268 1000
269 2000
270 1500
271 1500
272 2000
273 2000
274 2000
275 1000
276 2000
277 2000
278 2000
279 2000
280 1500
281 1000
282 1500
283 1000
284 1500
285 1500
286 2000
287 2000
288 2000
289 1000
290 2000
291 500
292 500
293 1000
294 1000
295 2000
296 500
297 1000
298 2000
299 2000
300 2000
301 2000
302 2000
303 2000
304 2000
305 1000
306 2000
307 1000
308 2000
309 1000
310 1500
311 1500
312 1500
313 1000
314 1000
315 1500
316 2000
317 2000
318 1000
319 1000
320 1000
321 1000
322 2000
323 2000
324 2000
325 1000
326 1000
327 2000
328 500
329 500
330 500
331 500
332 500
333 2000
334 2000
335 2000
336 1000
337 2000
338 1000
339 1000
340 1500
341 1500
342 1500
343 1500
344 2000
345 1000
346 2000
347 2000
348 1000
349 1000
350 1000
351 2000
352 2000
353 2000
354 1000
355 1000
356 2000
357 2000
358 2000
359 2000
360 1500
361 1000
362 1000
363 1000
364 2000
365 1500
366 1500
367 1500
368 1500
369 1500
370 1000
371 1500
372 1000
373 1000
374 1000
375 2000
376 1000
377 2000
378 1000
379 2000
380 1000
381 2000
382 1000
383 1000
384 1000
385 1000
386 1000
387 2000
388 2000
389 2000
390 1000
391 2000
392 1000
393 2000
394 1000
395 2000
396 500
397 2000
398 1000
399 2000
400 1500
401 1500
402 1500
403 1500
404 1000
405 2000
406 2000
407 1000
408 2000
409 2000
410 1000
411 2000
412 1000
413 2000
414 1000
415 1000
416 2000
417 1000
418 1000
419 2000
420 1000
421 500
422 500
423 500
424 500
425 1500
426 1500
427 1500
428 2000
429 2000
430 2000
431 1000
432 2000
433 1000
434 1000
435 1000
436 2000
437 1000
438 2000
439 2000
440 1500
441 1500
442 1500
443 1000
444 1000
445 2000
446 1000
447 1000
448 2000
449 2000
450 1000
451 2000
452 2000
453 2000
454 2000
455 2000
456 1000
457 2000
458 1000
459 500
460 1000
461 1500
462 1500
463 1500
464 1500
465 500
466 500
467 500
468 2000
469 2000
470 1000
471 1000
472 1000
473 2000
474 1000
475 2000
476 2000
477 1000
478 1000
479 2000
480 1000
481 2000
482 1000
483 2000
484 1000
485 1500
486 1000
487 1000
488 2000
489 2000
490 1500
491 1500
492 1500
493 1000
494 1000
495 2000
496 2000
497 1000
498 2000
499 2000
500 2000
501 1000
502 2000
503 1000
504 1000
505 1500
506 1500
507 1500
508 2000
509 1000
510 2000
511 1000
512 2000
513 2000
514 1000
515 2000
516 1000
517 2000
518 1000
519 2000
520 1500
521 1500
522 1500
523 1500
524 2000
525 1000
526 2000
527 1000
528 1000
529 1000
530 1000
531 1000
532 2000
533 1000
534 2000
535 1000
536 1000
537 1000
538 2000
539 1000
540 1500
541 1500
542 1500
543 2000
544 1000
545 2000
546 1000
547 1000
548 1000
549 2000
550 2000
551 1000
552 1000
553 2000
554 1000
555 1500
556 1500
557 1000
558 1500
559 1500
560 2000
561 1000
562 2000
563 1000
564 1000
565 1000
566 2000
567 2000
568 2000
569 1000
570 1000
571 2000
572 500
573 1000
574 2000
575 2000
576 2000
577 2000
578 2000
579 2000
580 1500
581 2000
582 2000
583 1000
584 1000
585 1500
586 1000
587 2000
588 1000
589 2000
590 2000
591 1000
592 1000
593 500
594 500
595 1500
596 1500
597 1500
598 1500
599 1500
600 1000
601 2000
602 1000
603 1000
604 1000
605 2000
606 2000
607 2000
608 1000
609 1000
610 2000
611 2000
612 2000
613 2000
614 1000
615 2000
616 1000
617 2000
618 2000
619 2000
620 2000
621 2000
622 500
623 500
624 500
625 1500
626 1500
627 1000
628 1000
629 2000
630 2000
631 2000
632 1000
633 2000
634 1000
635 1000
636 2000
637 500
638 500
639 500
640 1000
641 1500
642 1500
643 1500
644 1500
645 1500
646 1500
647 500
648 1000
649 2000
650 1000
651 2000
652 2000
653 2000
654 1000
655 2000
656 2000
657 2000
658 1000
659 2000
660 1000
661 2000
662 2000
663 2000
664 1000
665 2000
666 2000
667 1000
668 2000
669 2000
670 1000
671 2000
672 2000
673 1000
674 2000
675 1500
676 1000
677 2000
678 1000
679 1000
680 1500
681 1000
682 2000
683 1000
684 2000
685 2000
686 500
687 500
688 500
689 500
690 1500
691 1500
692 1500
693 1500
694 1500
695 1500
696 1000
697 2000
698 1000
699 1000
700 2000
701 1000
702 2000
703 1000
704 2000
705 1000
706 2000
707 1000
708 1000
709 1000
710 1000
711 1000
712 2000
713 1000
714 1000
715 2000
716 1000
717 2000
718 2000
719 1000
720 1500
721 1500
722 1500
723 1500
724 1500
725 1500
726 1000
727 2000
728 1000
729 2000
730 1000
731 2000
732 1000
733 2000
734 2000
735 2000
736 1000
737 1000
738 1000
739 1000
740 2000
741 1000
742 2000
743 2000
744 1000
745 2000
746 2000
747 1000
748 2000
749 2000
750 1500
751 1000
752 1500
753 1000
754 2000
755 1000
756 1000
757 2000
758 2000
759 500
760 1000
761 1000
762 2000
763 1000
764 2000
765 1500
766 1000
767 1500
768 1500
769 2000
770 1000
771 1000
772 1000
773 1000
774 500
775 500
776 500
777 500
778 2000
779 2000
780 1000
781 1000
782 2000
783 2000
784 1000
785 1500
786 1500
787 1500
788 1500
789 1500
790 1500
791 1500
792 1000
793 2000
794 1000
795 2000
796 1000
797 2000
798 2000
799 1000
800 1000
801 2000
802 1000
803 2000
804 1000
805 2000
806 1000
807 2000
808 2000
809 2000
810 1000
811 2000
812 1000
813 2000
814 1000
815 2000
816 1000
817 1000
818 2000
819 2000
820 1500
821 1500
822 1500
823 1500
824 1000
825 2000
826 2000
827 1000
828 2000
829 1000
830 1000
831 1000
832 1000
833 2000
834 2000
835 1000
836 2000
837 1000
838 2000
839 1000
840 1000
841 1500
842 1500
843 1500
844 500
845 1000
846 2000
847 1000
848 1000
849 1000
850 1000
851 2000
852 2000
853 1000
854 1000
855 1000
856 2000
857 2000
858 2000
859 2000
860 1500
861 1000
862 1000
863 2000
864 2000
865 1500
866 1500
867 1500
868 1000
869 1500
870 1000
871 1500
872 1500
873 1500
874 2000
875 1000
876 2000
877 1000
878 2000
879 2000
880 1000
881 1000
882 1000
883 1000
884 2000
885 1000
886 1000
887 1000
888 2000
889 500
890 500
891 500
892 1000
893 2000
894 2000
895 2000
896 1000
897 500
898 500
899 500
900 500
901 500
902 2000
903 2000
904 2000
905 2000
906 1000
907 1000
908 2000
909 2000
910 1500
911 1500
912 1500
913 1500
914 1500
915 1000
916 1500
917 1500
918 2000
919 1000
920 2000
921 2000
922 1000
923 1000
924 2000
925 1000
926 1000
927 2000
928 1000
929 2000
930 2000
931 1000
932 2000
933 2000
934 2000
935 2000
936 2000
937 2000
938 1000
939 1000
940 500
941 500
942 2000
943 2000
944 1000
945 2000
946 2000
947 2000
948 2000
949 2000
950 1500
951 1500
952 1500
953 2000
954 1000
955 2000
956 1000
957 2000
958 1000
959 2000
960 1000
961 1000
962 2000
963 2000
964 1000
965 1500
966 1500
967 1500
968 1500
969 1500
970 1500
971 1500
972 1000
973 2000
974 2000
975 2000
976 2000
977 1000
978 2000
979 2000
980 1000
981 2000
982 2000
983 1000
984 2000
985 1000
986 2000
987 2000
988 2000
989 2000
990 1000
991 1000
992 2000
993 2000
994 1000
995 1000
996 2000
997 1000
998 2000
999 1000
1000 1000
1001 1500
1002 500
1003 2000
1004 1000
1005 2000
1006 1000
1007 2000
1008 1000
1009 1000
1010 1500
1011 1500
1012 1500
1013 1500
1014 1000
1015 2000
1016 2000
1017 2000
1018 1000
1019 2000
1020 1000
1021 1000
1022 2000
1023 1000
1024 2000
1025 1000
1026 2000
1027 1000
1028 2000
1029 2000
1030 1500
1031 1500
1032 1000
1033 2000
1034 2000
1035 2000
1036 1000
1037 2000
1038 1000
1039 1000
1040 2000
1041 1000
1042 1000
1043 2000
1044 500
1045 1000
1046 1500
1047 1500
1048 500
1049 500
1050 2000
1051 2000
1052 2000
1053 2000
1054 2000
1055 2000
1056 1000
1057 2000
1058 2000
1059 1000
1060 1000
1061 500
1062 500
1063 500
1064 500
1065 1000
1066 1500
1067 1500
1068 1500
1069 1500
1070 1500
1071 1500
1072 500
1073 2000
1074 1000
1075 1000
1076 2000
1077 1000
1078 2000
1079 1000
1080 2000
1081 1000
1082 1000
1083 1000
1084 2000
1085 2000
1086 2000
1087 2000
1088 2000
1089 2000
1090 2000
1091 1000
1092 2000
1093 1000
1094 1000
1095 1000
1096 1000
1097 1000
1098 1000
1099 2000
1100 1500
1101 1000
1102 1500
1103 1500
1104 1500
1105 1000
1106 1000
1107 2000
1108 2000
1109 500
1110 500
1111 500
1112 500
1113 2000
1114 2000
1115 2000
1116 1000
1117 2000
1118 1000
1119 2000
1120 1000
1121 1000
1122 2000
1123 2000
1124 1000
1125 1500
1126 1500
1127 1500
1128 1000
1129 1500
1130 1500
1131 1500
1132 1500
1133 2000
1134 1000
1135 2000
1136 2000
1137 1000
1138 1000
1139 1000
1140 1000
1141 2000
1142 1000
1143 2000
1144 2000
1145 2000
1146 500
1147 2000
1148 2000
1149 2000
1150 2000
1151 1000
1152 1000
1153 2000
1154 1000
1155 1000
1156 2000
1157 2000
1158 2000
1159 2000
1160 1000
1161 1000
1162 2000
1163 1000
1164 2000
1165 1500
1166 1500
1167 1500
1168 1500
1169 2000
1170 1000
1171 2000
1172 2000
1173 1000
1174 1000
1175 2000
1176 1000
1177 1000
1178 2000
1179 1000
1180 2000
1181 1000
1182 2000
1183 1000
1184 1000
1185 1500
1186 1000
1187 1000
1188 2000
1189 1000
1190 2000
1191 2000
1192 500
1193 500
1194 500
1195 1500
1196 2000
1197 1000
1198 1000
1199 1000

0 1 25 7
0 2 23 4
0 3 16 9
0 4 8 3
0 5 27 10
0 6 16 8
0 7 46 1
0 8 41 9
0 17 45 4
0 43 37 8
0 44 40 4
0 65 42 10
0 88 11 1
0 91 18 10
0 130 1 2
0 169 13 9
0 202 44 8
0 235 33 2
0 270 46 10
0 281 48 5
0 282 5 2
0 369 25 7
0 420 35 5
0 426 7 2
0 462 43 2
0 485 17 5
0 491 16 8
0 555 3 5
0 558 10 6
0 586 23 8
0 627 44 9
0 643 21 6
0 681 45 4
0 723 35 3
0 821 16 9
0 841 6 6
0 860 16 2
0 951 20 8
0 1001 25 10
0 1031 13 9
0 1060 2 5
0 1195 12 8
1 2 16 5
1 9 45 1
1 10 8 9
1 146 42 7
1 241 39 2
1 255 48 4
1 256 38 4
1 271 30 6
1 314 40 8
1 340 41 6
1 360 37 4
1 400 25 9
1 420 28 4
1 426 25 7
1 443 20 8
1 491 20 10
1 506 40 10
1 521 8 6
1 540 10 8
1 541 20 2
1 580 38 7
1 625 50 9
1 643 20 10
1 675 21 2
1 693 42 9
1 721 41 8
1 789 46 9
1 820 48 2
1 867 22 5
1 910 11 4
1 950 43 4
1 965 41 6
1 966 28 2
1 1013 12 8
1 1031 50 1
1 1045 11 1
1 1047 43 10
1 1065 30 2
1 1070 16 1
1 1100 42 4
1 1125 19 7
1 1132 21 8
1 1166 33 4
2 11 45 5
2 12 6 3
2 13 36 1
2 14 37 9
2 16 6 8
2 71 10 9
2 132 28 6
2 166 42 9
2 202 21 4
2 242 40 8
2 314 16 1
2 360 21 6
2 366 21 1
2 402 36 8
2 441 35 5
2 462 8 8
2 506 3 5
2 522 4 10
2 580 25 7
2 585 6 10
2 597 26 6
2 599 45 4
2 675 28 8
2 680 4 6
2 750 40 10
2 751 3 4
2 766 16 8
2 768 34 2
2 789 39 8
2 860 29 8
2 868 20 6
2 917 40 9
2 1001 24 9
2 1013 27 4
2 1060 40 6
2 1101 49 2
2 1168 20 1
2 1185 37 6
2 1186 28 3
15 16 28 1
15 17 18 8
15 18 22 6
15 19 48 3
15 20 24 1
15 21 28 6
15 22 14 2
15 23 19 8
15 24 19 9
15 65 15 8
15 70 14 7
15 146 13 4
15 235 19 1
15 255 44 5
15 366 2 10
15 371 40 2
15 443 34 7
15 492 30 8
15 540 23 6
15 681 3 9
15 725 41 2
15 750 4 8
15 860 4 10
15 951 30 1
15 969 40 4
15 1001 15 10
15 1031 39 10
15 1060 32 2
15 1070 31 2
15 1071 2 5
15 1103 9 8
15 1195 5 2
16 17 44 7
16 18 32 2
16 19 35 8
16 25 48 7
16 26 24 3
16 27 36 6
16 28 33 9
16 29 22 5
16 30 48 4
16 65 31 1
16 85 25 4
16 132 50 3
16 147 26 7
16 167 10 3
16 197 14 5
16 242 46 2
16 255 9 5
16 271 2 6
16 341 42 8
16 425 2 2
16 440 14 4
16 464 40 5
16 558 40 10
16 580 11 2
16 598 15 5
16 694 23 7
16 788 16 9
16 870 1 3
16 1001 45 7
16 1010 34 4
16 1032 27 1
16 1046 50 10
16 1103 48 3
16 1166 6 8
16 1185 38 9
16 1195 41 6
17 18 46 5
17 19 6 8
17 31 27 3
17 32 15 8
17 41 35 7
17 132 45 3
17 242 15 4
17 283 8 5
17 360 22 8
17 491 32 2
17 542 18 6
17 580 19 1
17 586 30 7
17 675 2 3
17 695 7 10
17 820 49 5
17 823 12 9
17 916 26 2
17 951 12 9
17 1060 41 1
18 19 31 1
18 33 34 7
18 34 35 7
18 35 9 3
18 71 20 9
18 85 37 7
18 195 14 10
18 235 46 4
18 282 46 4
18 311 2 7
18 313 16 4
18 342 1 2
18 400 15 9
18 427 2 9
18 505 7 4
18 520 29 5
18 522 13 8
18 598 12 9
18 625 10 5
18 646 41 4
18 675 45 8
18 725 3 8
18 752 9 8
18 765 19 7
18 788 35 10
18 841 45 2
18 842 21 7
18 913 3 4
18 966 10 2
18 1011 23 6
18 1046 42 9
18 1126 27 6
18 1167 42 2
18 1186 18 3
19 36 40 1
19 37 24 9
19 38 49 1
19 39 47 4
19 166 50 7
19 271 37 1
19 360 41 9
19 400 18 3
19 420 10 6
19 461 41 3
19 485 37 4
19 507 43 1
19 558 25 5
19 586 50 4
19 625 20 10
19 643 43 8
19 680 38 10
19 767 10 3
19 866 34 7
19 1128 19 7
40 41 20 7
40 42 47 9
40 43 20 3
40 44 34 5
40 45 36 9
40 46 47 10
40 47 6 6
40 48 27 1
40 65 3 5
40 72 23 6
40 130 33 2
40 167 41 1
40 202 13 8
40 271 45 1
40 284 29 2
40 311 15 6
40 340 9 4
40 402 10 1
40 425 37 10
40 462 48 5
40 521 3 1
40 626 42 6
40 680 32 10
40 766 32 10
40 790 32 8
40 843 49 5
40 860 7 8
40 868 21 7
40 915 8 6
40 971 3 4
40 1060 19 8
41 42 37 10
41 43 34 10
41 44 38 7
41 49 12 2
41 50 15 3
41 51 6 9
41 52 15 6
41 53 35 5
41 195 38 3
41 240 10 9
41 257 42 4
41 271 38 3
41 311 38 1
41 360 18 5
41 426 26 2
41 462 45 10
41 491 1 10
41 506 39 3
41 540 33 10
41 580 13 7
41 680 32 6
41 725 10 8
41 750 36 7
41 860 1 1
41 1045 31 10
41 1100 10 4
41 1168 28 6
41 1185 9 9
42 43 18 1
42 44 20 10
42 54 31 10
42 55 46 9
42 56 39 2
42 57 48 8
42 65 6 3
42 87 4 5
42 147 17 1
42 240 21 3
42 403 45 10
42 420 17 5
42 443 34 6
42 490 27 9
42 507 20 7
42 520 26 5
42 540 26 6
42 556 18 1
42 580 21 10
42 598 48 4
42 643 50 3
42 675 23 9
42 751 9 1
42 950 4 1
42 952 9 2
42 966 8 6
42 1000 10 6
42 1011 33 4
42 1032 39 3
42 1060 5 4
42 1126 26 2
42 1195 14 10
43 44 22 7
43 58 10 8
43 59 7 9
43 60 25 7
43 70 21 3
43 91 38 1
43 130 6 1
43 146 46 9
43 167 23 8
43 255 39 10
43 366 6 4
43 585 33 5
43 692 42 7
43 725 35 7
43 791 2 7
43 821 28 2
43 865 13 1
43 1010 11 6
43 1030 35 7
43 1068 27 4
43 1104 50 4
43 1130 28 5
44 61 2 1
44 62 50 8
44 63 5 5
44 64 23 6
44 235 33 9
44 285 5 1
44 343 17 5
44 365 23 8
44 442 20 2
44 485 7 9
44 559 13 6
44 599 21 7
44 627 23 10
44 643 8 7
44 690 29 1
44 767 45 5
44 823 17 8
44 842 2 8
44 916 43 3
44 1000 25 2
44 1047 17 7
44 1070 39 1
44 1168 11 9
65 66 36 7
65 67 5 4
65 68 42 3
65 69 7 7
65 70 24 4
65 72 7 2
65 86 5 8
65 89 45 7
65 130 43 5
65 132 49 6
65 145 5 2
65 165 9 6
65 169 44 6
65 201 17 10
65 202 4 3
65 235 27 10
65 241 6 8
65 242 36 3
65 257 27 8
65 270 33 8
65 271 27 6
65 283 4 8
65 285 44 5
65 313 21 2
65 314 19 10
65 340 7 5
65 343 34 2
65 360 3 8
65 365 43 1
65 370 37 2
65 400 38 3
65 401 7 9
65 420 13 7
65 425 30 1
65 441 13 7
65 460 43 5
65 463 21 4
65 485 9 5
65 490 23 9
65 505 50 3
65 507 42 8
65 523 43 5
65 541 33 9
65 556 47 9
65 558 11 8
65 580 17 4
65 585 8 9
65 586 7 5
65 598 30 3
65 600 41 5
65 625 32 2
65 627 34 1
65 641 3 8
65 675 29 8
65 680 8 1
65 681 39 4
65 691 16 8
65 693 49 8
65 722 30 8
65 725 12 4
65 750 32 5
65 752 24 8
65 765 49 6
65 767 37 7
65 786 15 9
65 823 14 10
65 841 4 7
65 860 46 6
65 867 11 7
65 869 15 2
65 912 40 8
65 915 28 7
65 951 2 2
65 965 14 8
65 971 39 5
65 1001 37 10
65 1010 2 5
65 1030 25 6
65 1032 24 7
65 1045 8 6
65 1047 17 5
65 1060 35 10
65 1069 4 8
65 1070 17 5
65 1101 49 2
65 1103 27 9
65 1129 31 1
65 1166 14 2
65 1167 42 8
65 1185 25 8
65 1186 7 5
65 1195 44 7
70 71 26 3
70 72 15 1
70 73 38 6
70 74 2 6
70 75 48 7
70 76 17 8
70 77 31 6
70 89 19 2
70 199 6 9
70 241 14 1
70 255 49 2
70 270 11 10
70 341 17 6
70 342 10 2
70 360 36 6
70 370 32 4
70 420 37 2
70 442 39 2
70 485 15 1
70 507 44 4
70 522 30 9
70 523 11 5
70 540 26 9
70 559 7 9
70 580 34 4
70 585 38 1
70 596 30 1
70 681 32 8
70 692 43 4
70 720 33 7
70 790 45 4
70 822 38 9
70 860 15 7
70 873 39 2
70 917 43 2
70 1001 44 7
70 1045 7 10
70 1060 43 6
70 1132 6 8
70 1168 19 2
71 72 37 9
71 78 48 3
71 79 29 1
71 80 44 1
71 81 36 3
71 82 47 10
71 131 7 6
71 132 9 7
71 146 35 10
71 167 30 7
71 170 36 6
71 197 2 3
71 270 44 4
71 280 8 6
71 283 5 1
71 313 48 10
71 401 32 4
71 403 31 8
71 460 16 7
71 485 46 7
71 492 15 4
71 555 20 9
71 625 20 10
71 640 14 8
71 646 19 8
71 675 47 7
71 681 36 6
71 692 35 4
71 752 40 6
71 766 19 5
71 789 26 6
71 823 5 6
71 869 12 1
71 914 44 5
71 950 10 7
71 1011 35 5
71 1031 15 10
71 1045 3 9
71 1070 11 6
71 1100 25 8
71 1102 19 9
71 1185 1 3
71 1195 40 2
72 83 6 9
72 84 5 2
72 93 33 7
72 145 44 2
72 235 3 5
72 241 43 8
72 257 46 5
72 310 15 9
72 360 22 3
72 371 20 6
72 420 19 2
72 425 27 9
72 440 19 9
72 464 46 9
72 490 7 10
72 506 34 2
72 542 27 6
72 580 14 9
72 585 8 6
72 596 1 6
72 627 13 8
72 675 33 3
72 721 6 8
72 752 24 4
72 768 41 1
72 842 29 4
72 843 6 6
72 860 18 9
72 951 46 8
72 966 29 8
72 971 16 5
72 1000 2 5
72 1012 10 3
72 1032 2 5
72 1060 10 3
72 1069 9 10
72 1127 49 8
72 1165 17 6
72 1195 3 1
85 86 13 3
85 87 23 8
85 88 45 9
85 89 2 9
85 90 29 8
85 91 22 4
85 92 38 3
85 93 31 7
85 94 16 6
85 95 11 8
85 96 48 1
85 145 40 10
85 241 38 3
85 257 41 7
85 271 20 10
85 310 36 1
85 360 24 7
85 441 7 4
85 442 16 9
85 462 15 1
85 627 46 4
85 680 40 3
85 767 2 1
85 822 3 6
85 950 1 4
85 1001 37 5
85 1047 9 7
86 87 26 4
86 88 34 8
86 89 9 4
86 90 20 10
86 91 2 5
86 92 16 8
86 93 49 5
86 97 12 6
86 98 33 7
86 280 2 7
86 281 44 6
86 485 9 3
86 585 20 3
86 644 23 10
86 694 4 9
86 912 29 7
86 1060 31 6
87 88 1 9
87 89 23 3
87 90 17 5
87 91 7 9
87 92 39 7
87 93 50 6
87 99 22 1
87 100 34 8
87 167 26 8
87 195 47 4
87 270 22 8
87 400 42 1
87 540 26 1
87 597 29 5
87 642 20 5
87 821 43 4
87 965 38 6
87 1045 20 8
87 1102 24 5
87 1104 25 4
87 1127 9 10
88 89 13 2
88 90 33 3
88 91 9 8
88 92 21 6
88 93 15 5
88 101 8 1
88 102 36 1
88 103 39 7
88 104 10 1
88 105 7 9
88 130 17 1
88 145 37 3
88 241 26 2
88 370 43 1
88 520 30 8
88 585 34 4
88 675 47 9
88 691 2 3
88 950 20 2
88 1069 34 8
89 90 40 1
89 91 40 7
89 92 36 1
89 93 47 8
89 106 38 5
89 235 44 5
89 313 13 8
89 425 39 5
89 506 44 3
89 556 15 7
89 597 30 4
89 917 38 6
89 1030 11 2
90 91 31 9
90 92 33 4
90 93 47 5
90 107 7 8
90 108 46 5
90 109 13 3
90 366 20 5
90 402 10 8
90 420 20 10
90 425 31 10
90 464 3 9
90 485 34 3
90 559 38 1
90 680 46 8
90 751 22 1
90 867 46 3
90 966 45 6
90 1012 5 7
90 1060 1 10
90 1186 6 4
90 1195 45 5
91 92 3 8
91 93 38 3
91 110 3 1
91 111 17 3
91 112 8 2
91 113 44 10
91 114 9 8
91 115 25 9
91 116 43 1
91 117 26 5
91 235 7 4
91 342 29 4
91 505 48 2
91 580 25 5
91 788 27 2
91 873 17 10
91 1165 37 5
91 1166 36 10
92 93 23 3
92 118 19 1
92 119 32 4
92 120 35 9
92 121 28 1
92 122 39 1
92 165 10 8
92 341 8 1
92 521 44 7
92 580 27 1
92 626 40 1
92 675 31 7
92 723 15 10
92 785 16 8
92 841 49 8
92 860 34 6
92 1000 50 9
92 1012 29 4
92 1126 31 5
92 1186 35 7
93 123 2 1
93 124 26 1
93 125 49 5
93 126 34 10
93 127 21 10
93 128 21 5
93 129 10 7
93 196 4 4
93 256 32 8
93 492 2 10
93 540 19 10
93 724 14 1
93 750 46 1
93 841 18 8
93 860 12 10
93 1066 13 4
93 1195 50 5
130 131 13 1
130 132 9 2
130 133 40 9
130 134 18 8
130 146 18 8
130 168 16 10
130 255 42 2
130 271 16 1
130 282 39 7
130 312 22 3
130 360 45 3
130 401 38 8
130 420 31 5
130 426 47 6
130 443 8 6
130 460 47 4
130 461 10 1
130 485 8 7
130 492 40 2
130 586 48 3
130 646 25 5
130 675 41 9
130 680 25 8
130 695 25 1
130 767 9 9
130 822 37 7
130 843 7 4
130 860 50 10
130 950 32 1
130 967 30 4
130 1100 30 8
130 1186 48 8
130 1195 19 3
131 132 36 9
131 135 18 7
131 136 44 4
131 137 43 8
131 138 10 1
131 145 44 1
131 167 42 7
131 196 19 4
131 235 6 3
131 271 25 6
131 340 38 9
131 343 18 10
131 369 29 5
131 371 49 8
131 426 11 2
131 491 12 2
131 506 47 8
131 507 10 5
131 522 42 10
131 555 26 10
131 599 32 3
131 627 29 1
131 751 11 6
131 787 3 9
131 860 15 4
131 868 10 2
131 950 43 6
131 1000 31 5
131 1010 44 7
131 1012 50 10
131 1045 4 3
131 1060 19 10
131 1125 12 2
131 1167 17 8
131 1168 35 3
132 139 26 2
132 140 14 10
132 141 42 6
132 142 39 9
132 143 18 8
132 144 12 2
132 199 5 9
132 235 24 8
132 241 32 1
132 256 46 9
132 281 21 9
132 310 9 2
132 360 36 5
132 402 10 6
132 420 46 6
132 440 46 8
132 523 48 7
132 540 36 6
132 558 21 1
132 580 18 4
132 600 14 10
132 626 45 4
132 641 15 10
132 675 30 4
132 681 3 5
132 694 15 5
132 720 17 1
132 752 44 10
132 765 25 1
132 785 17 10
132 820 46 3
132 843 19 5
132 865 38 4
132 911 15 9
132 913 45 4
132 971 7 3
132 1001 23 3
132 1030 1 7
132 1046 42 2
132 1060 35 10
132 1069 37 10
132 1125 24 7
132 1186 13 6
145 146 30 9
145 147 20 4
145 148 32 1
145 149 33 7
145 150 45 1
145 151 15 10
145 235 2 3
145 256 9 6
145 312 28 8
145 340 39 6
145 427 3 7
145 462 17 2
145 492 16 7
145 506 22 7
145 542 48 4
145 555 44 2
145 580 29 5
145 585 47 9
145 586 22 2
145 767 35 9
145 787 1 8
145 823 32 7
145 916 40 10
145 951 24 8
145 1013 49 9
145 1047 9 7
145 1060 31 9
145 1065 5 8
145 1126 43 8
145 1168 12 9
145 1186 16 8
146 147 13 7
146 148 30 5
146 152 28 2
146 153 19 4
146 154 4 10
146 170 1 1
146 360 35 3
146 369 37 1
146 371 5 10
146 420 8 9
146 425 43 7
146 440 3 7
146 441 43 6
146 492 1 10
146 520 20 8
146 580 38 10
146 600 6 2
146 675 39 5
146 691 9 1
146 722 46 6
146 750 44 2
146 751 29 5
146 788 14 3
146 822 10 7
146 840 15 9
146 860 1 2
146 952 48 7
146 971 23 7
146 1010 24 1
146 1030 9 10
146 1101 39 1
146 1195 39 10
147 148 5 2
147 155 31 2
147 156 42 6
147 157 49 2
147 158 6 2
147 159 2 2
147 160 49 4
147 199 41 2
147 201 13 10
147 235 47 2
147 241 13 2
147 255 16 9
147 271 41 5
147 281 48 2
147 282 24 5
147 313 9 10
147 342 47 7
147 401 9 10
147 403 30 3
147 461 29 2
147 485 43 1
147 507 18 2
147 542 6 5
147 555 38 1
147 595 43 4
147 641 38 8
147 646 26 7
147 675 46 5
147 680 39 9
147 691 22 1
147 720 12 8
147 842 41 5
147 860 13 3
147 873 17 5
147 1060 18 1
147 1068 31 9
147 1102 42 10
147 1186 10 4
148 161 20 10
148 162 49 8
148 163 8 10
148 164 18 4
148 166 1 4
148 242 46 10
148 270 13 3
148 360 16 10
148 420 45 8
148 485 28 10
148 520 13 4
148 626 34 3
148 681 38 8
148 768 21 7
148 865 17 8
148 911 22 2
148 965 4 9
148 1000 21 10
148 1001 25 3
148 1046 1 7
148 1125 33 1
148 1166 49 9
165 166 28 7
165 167 33 7
165 168 16 5
165 169 17 8
165 170 32 2
165 171 37 10
165 242 40 8
165 360 31 6
165 365 20 1
165 491 23 9
165 585 13 9
165 627 46 8
165 641 25 3
165 675 41 6
165 952 27 1
165 968 15 7
165 1103 39 3
165 1186 31 9
165 1195 22 7
166 167 1 4
166 168 1 1
166 169 6 2
166 170 27 3
166 172 13 6
166 173 28 5
166 174 48 1
166 175 50 4
166 242 40 10
166 280 26 2
166 427 10 10
166 463 4 6
166 485 45 9
166 491 6 6
166 542 2 7
166 580 47 9
166 586 1 5
166 645 18 9
166 675 44 10
166 695 2 8
166 791 33 4
166 841 29 5
166 842 20 9
166 860 22 3
166 1001 23 5
166 1011 11 5
166 1060 25 7
166 1065 8 5
166 1126 9 4
166 1129 36 3
166 1165 40 5
167 168 33 6
167 169 38 3
167 170 33 10
167 176 14 10
167 177 46 8
167 178 28 8
167 179 28 2
167 180 14 2
167 181 18 5
167 182 48 6
167 235 33 10
167 341 43 7
167 420 16 8
167 426 39 4
167 507 12 5
167 541 49 6
167 555 41 3
167 597 45 3
167 600 8 10
167 681 38 10
167 768 26 3
167 860 10 1
167 865 1 5
167 911 33 8
167 1000 36 9
167 1060 31 10
167 1070 47 3
167 1102 43 9
168 169 6 7
168 170 10 7
168 183 23 1
168 184 40 3
168 185 42 1
168 186 37 5
168 235 33 3
168 256 19 8
168 280 13 10
168 401 35 9
168 505 40 6
168 681 2 3
168 695 9 3
168 751 3 7
168 752 35 7
168 765 32 2
168 820 25 9
168 865 46 8
168 970 11 10
168 1032 25 4
168 1046 15 5
169 170 31 7
169 187 19 10
169 188 1 4
169 189 25 8
169 190 30 1
169 197 22 2
169 315 22 1
169 343 23 2
169 360 24 1
169 400 23 3
169 462 47 2
169 522 42 2
169 523 30 3
169 580 35 6
169 625 42 6
169 823 2 3
169 1013 41 8
169 1032 9 4
169 1167 5 4
169 1186 46 6
170 191 20 7
170 192 19 1
170 193 31 4
170 194 23 3
170 195 3 2
170 255 21 8
170 270 14 7
170 271 16 9
170 310 11 4
170 366 13 10
170 442 14 2
170 485 16 10
170 556 14 4
170 725 13 2
170 786 10 3
170 915 38 5
170 952 40 4
170 1045 5 6
170 1195 43 6
195 196 41 1
195 197 41 1
195 198 4 6
195 199 22 9
195 200 13 7
195 201 7 6
195 202 48 10
195 203 33 9
195 204 21 8
195 205 12 4
195 206 37 8
195 207 39 6
195 235 3 6
195 281 46 7
195 340 36 5
195 360 40 5
195 420 46 10
195 425 34 2
195 540 34 4
195 768 36 2
195 785 14 9
195 842 42 8
195 871 44 6
195 951 1 4
195 1065 25 9
195 1102 31 9
195 1103 28 7
195 1166 41 6
196 197 2 6
196 198 22 8
196 199 4 6
196 200 49 9
196 201 28 1
196 202 45 4
196 208 4 9
196 209 9 8
196 210 20 6
196 310 13 2
196 442 17 2
196 485 49 6
196 580 25 5
196 691 29 10
196 823 8 8
196 1073 23 1
197 198 14 6
197 199 43 10
197 200 32 10
197 201 24 10
197 202 4 5
197 211 17 3
197 212 15 9
197 213 13 9
197 214 13 2
197 215 34 4
197 235 1 2
197 257 25 2
197 491 39 5
197 542 20 2
197 557 4 2
197 627 20 10
197 680 50 6
197 823 47 1
197 870 17 6
197 910 41 3
197 1069 17 4
197 1126 31 3
197 1195 2 8
198 199 14 1
198 200 29 3
198 201 9 8
198 202 7 1
198 216 27 4
198 217 1 8
198 218 42 10
198 219 42 2
198 270 32 5
198 341 46 9
198 403 38 4
198 443 46 4
198 463 41 2
198 522 28 8
198 586 28 5
198 595 8 4
198 646 8 4
198 725 46 3
198 1030 46 10
198 1047 36 4
198 1185 33 2
199 200 20 9
199 201 33 3
199 202 47 6
199 220 29 6
199 221 35 2
199 222 21 9
199 240 3 3
199 360 18 2
199 369 24 5
199 485 46 10
199 490 1 2
199 558 13 2
199 675 35 3
199 751 24 6
199 767 46 9
199 789 34 6
199 914 20 7
199 1000 48 3
199 1031 43 1
199 1060 10 10
199 1132 40 9
200 201 45 6
200 202 43 2
200 223 22 7
200 224 36 10
200 225 10 6
200 226 6 7
200 227 8 6
200 228 29 8
200 256 39 1
200 426 47 4
200 505 18 10
200 522 26 6
200 580 29 8
200 625 19 8
200 750 44 10
200 860 50 7
200 966 27 9
200 1001 2 4
200 1013 28 5
200 1045 13 8
200 1186 48 10
200 1195 21 7
201 202 48 7
201 229 43 1
201 230 32 5
201 231 38 4
201 271 19 2
201 314 23 5
201 365 20 3
201 420 22 4
201 586 10 9
201 969 1 4
201 1166 9 6
202 232 24 6
202 233 31 10
202 234 40 7
202 240 26 1
202 282 40 6
202 402 38 2
202 464 8 7
202 595 21 3
202 646 45 4
202 675 3 9
202 681 9 6
202 692 12 10
202 723 2 3
202 860 3 9
202 952 37 8
202 1011 50 2
202 1060 23 7
235 236 12 4
235 237 35 3
235 238 25 6
235 239 7 4
235 242 27 8
235 255 19 3
235 257 23 5
235 271 9 2
235 280 24 5
235 282 47 5
235 310 40 6
235 314 31 1
235 341 47 3
235 343 13 7
235 360 20 7
235 365 33 6
235 366 47 7
235 403 29 8
235 420 28 10
235 427 35 4
235 441 27 7
235 442 31 5
235 460 8 10
235 463 14 4
235 485 6 6
235 491 3 9
235 492 49 9
235 505 41 3
235 506 16 10
235 521 35 3
235 523 19 4
235 540 35 7
235 541 23 4
235 557 2 8
235 559 14 6
235 580 8 9
235 586 23 5
235 596 48 7
235 599 35 4
235 625 34 3
235 626 14 6
235 640 18 5
235 645 27 9
235 675 19 5
235 680 5 9
235 691 10 5
235 694 6 3
235 720 44 6
235 724 49 10
235 750 17 5
235 752 3 5
235 767 1 1
235 768 38 5
235 790 42 4
235 791 19 3
235 821 44 6
235 841 46 9
235 843 5 10
235 860 38 5
235 873 40 10
235 911 31 10
235 915 4 8
235 950 4 5
235 952 9 5
235 966 20 6
235 969 19 7
235 1001 27 5
235 1010 39 6
235 1012 24 3
235 1030 13 6
235 1045 44 10
235 1046 19 3
235 1060 46 5
235 1065 16 6
235 1066 48 8
235 1103 38 6
235 1127 9 3
235 1130 5 6
235 1166 36 7
235 1168 2 4
235 1185 13 2
235 1186 41 8
235 1195 48 9
240 241 22 9
240 242 48 5
240 243 11 8
240 244 34 8
240 245 1 1
240 246 40 8
240 310 47 8
240 314 5 8
240 343 35 3
240 360 50 8
240 369 30 9
240 420 18 10
240 427 28 6
240 440 30 7
240 523 44 6
240 580 45 10
240 586 26 7
240 627 46 4
240 643 36 8
240 680 40 7
240 692 49 1
240 766 46 6
240 787 13 4
240 790 39 9
240 820 50 3
240 840 33 9
240 865 27 10
240 916 34 10
240 951 36 9
240 952 38 10
240 967 49 10
240 1045 39 7
240 1185 29 6
240 1186 36 5
240 1195 18 10
241 242 40 6
241 247 44 3
241 248 17 5
241 249 21 3
241 250 50 8
241 270 46 6
241 271 10 4
241 342 14 8
241 366 47 1
241 401 45 4
241 403 37 6
241 460 4 6
241 490 25 4
241 492 22 2
241 507 14 8
241 521 33 9
241 541 43 8
241 557 2 3
241 580 42 10
241 644 40 9
241 675 22 6
241 722 39 6
241 752 13 7
241 820 40 3
241 860 17 7
241 872 15 5
241 1000 22 8
241 1001 33 4
241 1013 5 6
241 1031 2 10
241 1032 42 3
241 1071 46 9
241 1103 18 4
241 1130 2 10
241 1165 34 4
242 251 6 3
242 252 27 5
242 253 23 7
242 254 45 5
242 255 8 7
242 257 29 2
242 284 4 2
242 285 41 5
242 360 13 5
242 420 26 4
242 427 45 8
242 443 28 4
242 462 38 7
242 485 25 4
242 507 41 1
242 540 42 4
242 559 27 9
242 586 19 9
242 600 34 3
242 675 7 5
242 680 46 4
242 692 45 9
242 720 1 1
242 750 22 2
242 842 34 8
242 913 15 4
242 966 4 6
242 1012 27 3
242 1046 21 7
242 1060 43 4
242 1071 18 6
242 1104 50 2
242 1129 10 2
242 1167 41 8
255 256 49 10
255 257 28 6
255 258 28 5
255 259 28 3
255 260 24 6
255 261 35 8
255 262 14 6
255 270 47 8
255 282 45 3
255 360 42 5
255 369 22 1
255 427 8 4
255 443 22 1
255 485 5 9
255 520 48 9
255 542 39 4
255 559 31 4
255 580 32 4
255 585 49 10
255 599 13 5
255 625 44 5
255 627 26 6
255 675 27 3
255 680 10 8
255 695 48 7
255 788 20 3
255 791 35 7
255 840 34 2
255 860 35 2
255 952 44 2
255 965 39 6
255 1000 12 3
255 1031 23 2
255 1047 5 8
255 1060 15 2
255 1067 13 6
255 1068 19 3
255 1102 44 7
255 1126 37 8
255 1165 34 7
255 1166 11 9
255 1186 40 6
256 257 49 9
256 263 1 5
256 264 15 1
256 270 38 6
256 283 23 2
256 310 8 1
256 341 20 1
256 342 44 5
256 371 16 7
256 400 11 3
256 427 34 2
256 460 2 2
256 492 18 6
256 520 11 9
256 555 47 9
256 580 29 3
256 585 47 4
256 600 15 3
256 640 21 8
256 690 3 10
256 723 1 1
256 751 35 4
256 752 31 8
256 767 8 8
256 768 2 6
256 823 4 2
256 840 12 3
256 871 23 3
256 913 15 3
256 1000 48 2
256 1010 28 3
256 1012 8 2
256 1047 2 10
256 1129 39 2
256 1195 21 1
257 265 34 3
257 266 39 9
257 267 47 1
257 268 25 5
257 269 25 4
257 311 29 5
257 402 27 6
257 420 37 4
257 442 4 1
257 464 35 10
257 485 50 3
257 490 48 4
257 505 36 1
257 541 21 7
257 640 45 4
257 675 16 5
257 681 22 5
257 725 2 8
257 821 46 2
257 868 31 9
257 914 42 3
257 950 49 7
257 968 30 6
257 1031 41 1
257 1104 38 2
257 1195 4 8
270 271 16 2
270 272 31 4
270 273 23 10
270 274 12 3
270 275 1 5
270 283 35 8
270 315 6 6
270 360 4 10
270 367 33 5
270 400 14 3
270 420 1 2
270 426 7 9
270 427 5 3
270 443 32 3
270 485 7 2
270 490 19 4
270 492 33 5
270 505 39 5
270 522 3 2
270 542 8 3
270 556 6 4
270 558 50 6
270 580 47 9
270 586 31 9
270 598 15 5
270 625 13 5
270 675 21 8
270 690 50 9
270 720 32 4
270 752 2 10
270 820 30 6
270 821 35 3
270 842 39 5
270 860 31 10
270 914 41 1
270 917 12 1
270 950 35 3
270 951 18 1
270 965 33 6
270 1001 48 10
270 1011 10 3
270 1101 24 9
270 1131 35 2
270 1185 40 6
270 1186 44 10
270 1195 23 9
271 276 50 6
271 277 8 2
271 278 21 1
271 279 10 8
271 285 36 1
271 312 11 10
271 340 47 3
271 341 8 7
271 360 29 2
271 366 46 1
271 401 1 7
271 420 33 7
271 441 34 7
271 460 13 1
271 463 36 6
271 507 33 3
271 520 12 6
271 580 26 3
271 586 34 3
271 596 34 10
271 627 25 1
271 640 39 5
271 644 3 2
271 675 35 7
271 681 3 2
271 690 37 8
271 725 23 2
271 751 30 3
271 765 4 9
271 768 31 8
271 786 44 8
271 788 36 8
271 860 29 4
271 868 18 10
271 872 46 7
271 966 37 8
271 1010 41 1
271 1030 35 3
271 1031 38 8
271 1045 13 5
271 1046 46 9
271 1060 48 10
271 1068 28 10
271 1071 33 9
271 1100 30 5
271 1128 47 1
271 1167 16 3
280 281 15 10
280 282 36 7
280 283 16 5
280 284 9 9
280 285 4 5
280 286 22 1
280 287 18 5
280 288 39 6
280 289 23 3
280 290 1 4
280 360 18 1
280 426 41 6
280 442 25 4
280 463 27 8
280 491 26 6
280 506 17 7
280 559 22 2
280 585 34 7
280 599 12 4
280 646 12 3
280 752 40 8
280 843 44 4
280 952 41 2
280 970 45 5
280 1011 40 3
280 1032 28 10
280 1047 16 1
280 1102 2 5
280 1167 28 10
281 282 22 6
281 283 44 3
281 284 17 10
281 285 30 5
281 291 4 5
281 292 42 8
281 341 25 9
281 441 8 5
281 541 29 8
281 680 30 9
281 723 27 1
281 752 12 4
281 768 6 9
281 870 15 1
281 873 32 4
281 1013 39 2
281 1047 37 8
281 1068 22 6
281 1131 2 1
281 1165 23 3
281 1186 2 7
282 283 17 1
282 284 48 9
282 285 21 1
282 293 24 7
282 294 21 4
282 295 45 9
282 402 20 3
282 420 24 4
282 460 26 5
282 520 33 3
282 540 13 9
282 597 15 6
282 675 48 9
282 721 43 2
282 860 13 3
283 284 50 10
283 285 29 10
283 296 20 4
283 310 25 3
283 370 24 7
283 427 31 9
283 559 25 7
283 580 17 3
283 586 13 9
283 692 35 10
283 822 47 2
283 914 34 6
283 1001 41 2
283 1068 1 8
283 1185 49 10
283 1195 30 6
284 285 42 7
284 297 16 3
284 298 26 5
284 299 46 10
284 300 38 1
284 301 49 4
284 302 5 6
284 303 31 7
284 313 4 2
284 341 1 1
284 360 17 9
284 366 37 3
284 400 20 2
284 485 30 5
284 625 3 4
284 691 21 6
284 787 10 6
284 822 22 7
284 842 13 6
284 1060 10 6
285 304 24 2
285 305 15 2
285 306 7 2
285 307 10 4
285 308 7 10
285 309 20 7
285 485 12 3
285 492 3 7
285 507 7 7
285 522 42 1
285 580 48 8
285 625 7 9
285 641 49 10
285 681 17 2
285 766 21 6
285 786 2 1
285 860 44 1
285 910 21 5
285 952 15 8
285 967 12 5
285 1001 5 1
285 1030 4 4
285 1102 10 6
285 1131 25 8
310 311 40 9
310 312 12 9
310 313 18 4
310 314 37 4
310 315 7 6
310 316 4 5
310 317 4 8
310 318 12 10
310 319 13 4
310 320 24 5
310 321 26 10
310 322 7 9
310 420 28 8
310 427 21 2
310 507 23 8
310 520 14 9
310 542 5 7
310 580 38 3
310 596 6 6
310 675 11 7
310 680 43 5
310 723 18 6
310 860 23 10
310 951 18 4
310 965 22 8
310 1013 44 10
310 1060 29 8
310 1195 33 9
311 312 28 3
311 313 40 7
311 314 43 6
311 315 39 3
311 323 27 2
311 324 1 9
311 325 6 7
311 360 35 4
311 420 50 9
311 441 1 1
311 442 4 8
311 485 37 6
311 507 11 10
311 580 41 10
311 625 3 2
311 645 8 7
311 681 18 8
311 823 5 5
311 870 10 8
311 951 25 10
311 1031 24 6
311 1070 41 4
311 1130 13 5
312 313 38 6
312 314 37 2
312 315 35 10
312 326 43 4
312 327 43 8
312 541 23 2
312 559 15 9
312 585 48 5
312 694 49 8
312 750 45 6
312 766 12 9
312 842 17 6
312 860 15 3
312 913 31 1
312 1031 50 1
312 1046 16 1
312 1067 24 2
312 1186 14 1
313 314 24 10
313 315 1 2
313 328 9 8
313 329 47 6
313 343 21 7
313 365 30 6
313 460 5 6
313 463 42 10
313 556 30 1
313 627 47 3
313 675 38 8
313 724 32 8
313 765 39 8
313 786 37 10
313 865 15 9
313 971 1 9
313 1001 36 2
313 1011 14 5
313 1060 23 3
313 1100 40 8
313 1104 18 9
313 1168 32 5
314 315 5 8
314 330 11 9
314 331 49 9
314 332 43 8
314 343 41 8
314 402 43 9
314 598 40 9
314 694 1 8
314 752 49 5
314 789 2 2
314 821 50 10
314 910 20 5
314 1001 6 9
314 1127 32 5
314 1166 38 9
315 333 7 1
315 334 21 5
315 335 18 8
315 336 28 2
315 337 30 6
315 338 16 2
315 339 2 10
315 366 10 8
315 425 9 4
315 490 11 2
315 491 48 4
315 523 21 6
315 585 43 5
315 646 5 5
315 842 16 4
315 1047 38 6
315 1186 33 2
340 341 39 7
340 342 16 5
340 343 7 2
340 344 50 2
340 345 1 7
340 346 7 6
340 347 5 1
340 348 14 3
340 349 50 4
340 403 18 1
340 426 44 2
340 440 9 6
340 522 23 3
340 585 45 9
340 599 38 3
340 690 24 3
340 766 6 7
340 860 27 8
340 952 26 9
340 968 49 3
340 1032 25 10
340 1046 9 3
340 1060 9 6
340 1131 17 7
340 1195 10 6
341 342 11 2
341 343 9 3
341 350 34 3
341 351 15 1
341 352 17 4
341 353 12 9
341 354 15 3
341 360 50 6
341 366 32 7
341 371 6 9
341 420 1 1
341 464 7 3
341 485 38 10
341 540 41 1
341 625 27 2
341 645 13 7
341 675 3 8
341 721 10 10
341 750 8 2
341 869 15 5
341 917 18 10
341 1001 30 5
341 1012 20 4
341 1060 10 5
341 1101 11 8
342 343 48 10
342 355 33 2
342 356 38 2
342 360 29 6
342 426 6 1
342 492 2 6
342 507 7 6
342 542 49 5
342 580 9 6
342 599 22 1
342 681 47 5
342 720 36 6
342 750 29 9
342 767 15 6
342 785 30 2
342 787 42 3
342 821 47 8
342 865 6 4
342 1000 44 6
342 1128 29 4
342 1168 14 10
342 1195 16 10
343 357 37 7
343 358 34 1
343 359 5 10
343 400 37 10
343 420 49 10
343 443 7 4
343 462 40 7
343 490 11 6
343 506 32 4
343 520 10 5
343 555 8 7
343 558 36 1
343 580 5 1
343 586 29 10
343 625 17 1
343 640 20 10
343 681 49 5
343 691 44 4
343 821 18 10
343 841 35 6
343 843 30 2
343 915 24 10
343 951 18 4
343 966 50 1
343 1013 38 4
343 1030 13 2
343 1046 7 2
343 1070 41 1
343 1103 44 5
343 1185 30 9
360 361 22 1
360 362 14 2
360 363 24 9
360 364 1 6
360 365 44 6
360 371 7 8
360 400 31 4
360 401 3 1
360 420 15 5
360 427 5 7
360 440 22 2
360 443 6 6
360 462 26 7
360 463 22 9
360 485 44 9
360 491 23 1
360 492 12 8
360 505 27 5
360 522 37 6
360 523 5 1
360 541 49 4
360 556 15 4
360 557 36 7
360 580 34 3
360 586 24 1
360 596 12 9
360 598 31 10
360 625 6 4
360 626 39 2
360 641 43 7
360 642 10 4
360 675 28 4
360 680 49 2
360 681 7 2
360 690 11 1
360 694 4 3
360 721 30 8
360 722 32 2
360 750 48 3
360 752 48 2
360 767 49 7
360 785 38 7
360 789 38 4
360 820 38 6
360 821 27 5
360 840 15 9
360 843 36 5
360 860 47 1
360 868 12 1
360 870 23 10
360 911 44 7
360 912 47 9
360 950 9 2
360 951 12 9
360 965 16 9
360 968 47 8
360 1001 6 1
360 1011 20 1
360 1012 38 9
360 1030 6 5
360 1032 13 1
360 1045 8 8
360 1047 36 1
360 1060 35 7
360 1069 11 2
360 1070 34 2
360 1101 7 6
360 1102 48 3
360 1128 5 9
360 1132 17 6
360 1165 24 9
360 1168 11 7
360 1185 16 9
360 1195 34 2
365 366 16 6
365 367 23 5
365 368 20 1
365 369 45 10
365 370 5 10
365 371 47 7
365 372 12 6
365 373 45 8
365 374 34 9
365 375 38 3
365 376 8 9
365 377 10 10
365 420 44 9
365 426 32 4
365 521 47 1
365 541 11 3
365 675 14 5
365 690 33 7
365 841 4 7
365 860 5 10
365 950 37 8
365 1000 9 8
365 1013 24 8
365 1030 23 10
365 1060 28 9
365 1070 44 2
365 1195 24 4
366 367 28 7
366 368 17 10
366 369 46 10
366 370 14 1
366 371 40 7
366 378 25 4
366 379 40 2
366 380 29 8
366 460 30 7
366 555 17 2
366 580 42 4
366 585 2 2
366 695 8 3
366 765 15 7
366 821 24 2
366 860 48 10
366 971 1 3
367 368 50 10
367 369 23 8
367 370 25 4
367 371 24 1
367 381 22 3
367 382 4 6
367 383 23 8
367 384 34 7
367 385 7 2
367 440 1 1
367 441 48 2
367 505 45 3
367 680 42 6
367 822 31 2
367 910 44 1
367 916 1 3
367 952 29 9
367 1045 14 2
367 1186 4 7
368 369 36 2
368 370 33 10
368 371 42 5
368 386 15 3
368 387 10 1
368 388 2 3
368 389 48 2
368 390 43 2
368 391 50 8
368 401 36 10
368 403 15 8
368 462 20 10
368 585 35 6
368 596 24 8
368 767 10 7
368 867 50 4
368 967 18 6
368 1100 17 10
368 1101 44 9
368 1167 4 1
369 370 5 9
369 371 35 7
369 392 19 2
369 393 28 4
369 394 37 9
369 395 18 8
369 485 16 10
369 785 29 3
369 841 48 7
369 1046 8 6
369 1127 38 4
369 1129 27 4
370 371 40 3
370 396 31 5
370 420 15 7
370 427 31 7
370 505 16 2
370 523 28 7
370 559 30 9
370 580 36 9
370 599 21 7
370 626 39 5
370 675 47 10
370 680 5 5
370 721 1 6
370 750 25 6
370 751 44 2
370 865 5 8
370 1030 48 10
370 1071 31 9
371 397 47 8
371 398 16 8
371 399 8 8
371 490 8 4
371 492 31 8
371 540 33 4
371 627 44 7
371 644 34 10
371 645 1 10
371 788 28 9
371 1000 49 6
371 1165 44 3
371 1185 34 3
371 1195 49 10
400 401 47 6
400 402 21 4
400 403 27 9
400 404 29 8
400 405 16 8
400 420 1 5
400 426 35 3
400 443 13 6
400 463 12 5
400 523 18 3
400 558 12 8
400 586 20 8
400 600 50 1
400 645 7 10
400 843 4 1
400 952 7 9
400 1000 33 10
400 1031 14 6
400 1032 13 9
400 1060 40 7
401 402 34 1
401 403 49 3
401 406 25 3
401 407 13 2
401 408 27 1
401 409 10 7
401 410 21 2
401 411 40 9
401 426 35 9
401 460 14 6
401 507 17 5
401 541 30 2
401 580 21 6
401 599 7 9
401 675 46 6
401 695 11 5
401 750 1 8
401 766 24 5
401 821 47 5
401 860 4 8
401 867 50 4
401 911 42 5
401 1047 5 7
401 1060 34 8
401 1131 39 6
401 1132 37 9
401 1166 4 3
401 1185 3 5
401 1195 7 6
402 403 11 8
402 412 29 2
402 413 49 8
402 414 39 1
402 415 6 7
402 416 2 8
402 420 31 4
402 485 15 9
402 492 18 7
402 521 18 6
402 558 38 3
402 680 32 6
402 691 30 2
402 722 34 6
402 723 19 7
402 750 16 4
402 791 41 5
402 822 2 2
402 843 31 1
402 860 20 1
402 914 5 9
402 950 19 10
402 967 10 10
402 1010 3 9
402 1071 22 1
402 1195 10 9
403 417 31 10
403 418 25 7
403 419 32 7
403 441 45 5
403 492 48 9
403 542 18 9
403 580 44 2
403 626 9 5
403 627 37 2
403 645 44 10
403 675 32 9
403 681 12 5
403 767 24 2
403 788 11 7
403 870 32 10
403 968 18 1
403 1000 9 3
403 1012 41 3
403 1047 37 5
403 1065 42 9
403 1100 38 3
403 1102 21 7
403 1166 21 4
403 1186 48 2
420 421 29 10
420 422 41 5
420 423 34 8
420 424 25 9
420 425 14 3
420 427 36 10
420 441 13 6
420 443 39 3
420 461 23 5
420 463 36 10
420 485 12 1
420 490 42 2
420 506 27 1
420 507 7 3
420 520 1 4
420 521 12 6
420 541 34 9
420 558 19 8
420 580 10 5
420 585 28 1
420 586 46 4
420 595 32 8
420 599 18 10
420 625 25 6
420 627 38 7
420 645 4 10
420 646 16 2
420 675 7 8
420 681 42 3
420 691 29 4
420 695 24 5
420 721 34 4
420 751 32 5
420 752 12 1
420 766 34 6
420 768 10 10
420 786 46 1
420 789 11 1
420 820 31 4
420 840 42 7
420 860 13 3
420 867 30 2
420 871 25 3
420 913 19 1
420 916 40 9
420 951 17 2
420 952 35 2
420 969 41 7
420 1000 8 2
420 1001 49 8
420 1011 26 3
420 1030 15 10
420 1047 32 6
420 1060 18 5
420 1069 5 8
420 1071 42 7
420 1101 20 2
420 1102 50 2
420 1127 48 8
420 1168 39 2
420 1185 43 7
420 1195 4 1
425 426 45 4
425 427 5 6
425 428 4 5
425 429 26 3
425 430 5 2
425 461 44 4
425 485 13 8
425 505 2 4
425 522 36 9
425 556 33 9
425 586 29 7
425 600 2 5
425 675 28 6
425 681 20 4
425 789 49 10
425 822 20 10
425 841 22 8
425 910 7 1
425 950 40 10
425 970 45 5
425 1000 45 8
425 1032 42 2
425 1047 1 2
425 1060 27 5
425 1066 32 7
425 1069 26 7
425 1185 38 10
425 1186 23 4
425 1195 33 1
426 427 30 9
426 431 29 1
426 432 48 1
426 433 12 1
426 440 23 10
426 490 15 1
426 506 46 9
426 523 39 9
426 541 15 9
426 542 11 6
426 675 24 9
426 721 45 7
426 723 2 9
426 750 7 3
426 752 22 10
426 785 1 1
426 841 40 6
426 860 17 1
426 868 49 6
426 951 4 10
426 966 12 6
426 1001 18 3
426 1013 17 6
426 1060 15 4
426 1131 36 5
426 1167 35 3
427 434 13 5
427 435 2 7
427 436 11 10
427 437 24 3
427 438 22 6
427 439 14 1
427 440 50 7
427 464 7 8
427 485 41 9
427 492 35 1
427 559 33 5
427 580 46 6
427 600 14 8
427 625 3 6
427 626 28 3
427 646 18 3
427 680 46 2
427 693 36 6
427 694 22 8
427 768 14 7
427 821 20 10
427 872 25 7
427 915 23 9
427 1012 11 2
427 1031 25 7
427 1047 13 2
427 1101 29 6
427 1103 7 4
427 1130 4 5
427 1168 26 4
427 1195 11 9
440 441 6 1
440 442 13 9
440 443 26 8
440 444 12 3
440 445 10 3
440 446 17 10
440 447 44 3
440 448 37 4
440 449 4 9
440 461 33 7
440 463 33 2
440 485 47 5
440 541 50 3
440 580 30 4
440 585 44 3
440 586 14 8
440 595 34 8
440 675 41 7
440 680 48 9
440 691 42 3
440 788 40 3
440 821 20 9
440 860 49 4
440 870 23 10
440 966 49 10
440 1000 8 3
440 1045 14 6
440 1060 1 3
440 1101 24 2
440 1132 49 1
440 1195 7 5
441 442 26 2
441 443 34 5
441 450 25 8
441 451 43 3
441 452 6 9
441 453 47 7
441 454 3 2
441 455 10 5
441 456 26 2
441 555 47 6
441 625 12 1
441 724 29 1
441 750 10 10
441 952 10 4
441 1046 30 6
441 1060 36 8
441 1066 1 2
441 1070 17 2
441 1131 31 6
441 1186 3 4
442 443 26 3
442 457 14 5
442 458 46 4
442 485 35 2
442 507 44 2
442 556 7 5
442 595 33 9
442 625 26 7
442 641 22 7
442 691 32 10
442 722 21 3
442 750 50 7
442 767 42 9
442 841 22 5
442 843 27 6
442 860 4 8
442 869 32 3
442 913 27 7
442 966 10 3
442 1011 36 9
442 1102 30 7
442 1195 11 9
443 459 12 2
443 491 50 1
443 492 11 6
443 506 3 8
443 521 38 2
443 523 26 10
443 580 42 5
443 645 45 10
443 675 36 2
443 680 20 4
443 768 6 9
443 788 47 3
443 820 1 9
443 911 29 5
443 952 18 6
443 1000 23 9
443 1010 1 4
443 1032 39 1
443 1165 26 2
443 1167 26 10
443 1185 35 9
460 461 5 10
460 462 34 9
460 463 17 3
460 464 5 3
460 465 36 7
460 466 14 8
460 467 5 6
460 580 33 3
460 586 40 8
460 675 39 2
460 680 2 10
460 692 33 3
460 695 9 6
460 752 41 9
460 765 37 3
460 823 30 2
460 860 10 2
460 1013 20 3
460 1047 13 2
460 1071 17 3
460 1100 18 4
461 462 42 10
461 463 25 8
461 464 3 4
461 468 5 7
461 469 2 1
461 470 31 5
461 471 43 10
461 472 8 3
461 542 3 9
461 555 19 10
461 627 9 7
461 643 19 1
461 681 45 5
461 721 47 3
461 791 8 2
461 871 12 6
461 952 46 7
461 1001 13 9
461 1060 28 2
461 1102 40 9
461 1128 38 1
461 1166 18 1
461 1195 9 2
462 463 49 9
462 464 42 10
462 473 6 9
462 474 38 1
462 475 8 7
462 476 42 9
462 600 10 2
462 642 25 1
462 722 18 3
462 765 46 4
462 823 50 3
462 916 14 7
462 917 22 2
462 967 44 5
462 1030 43 3
462 1047 45 4
462 1060 42 2
462 1185 25 5
462 1195 23 2
463 464 4 10
463 477 34 6
463 478 19 1
463 479 28 6
463 485 37 6
463 520 35 10
463 523 3 3
463 542 27 9
463 557 32 7
463 675 32 1
463 789 42 7
463 840 35 9
463 860 38 10
463 952 6 5
463 1000 21 3
463 1010 25 1
463 1068 27 6
463 1185 32 8
464 480 45 2
464 481 1 1
464 482 17 5
464 483 24 10
464 484 26 3
464 485 19 4
464 492 25 10
464 505 5 6
464 507 28 8
464 580 50 7
464 585 15 7
464 625 39 8
464 751 8 10
464 843 28 6
464 967 12 8
464 1030 30 8
464 1128 18 9
485 486 2 3
485 487 23 3
485 488 37 4
485 489 29 9
485 491 24 4
485 505 24 7
485 506 32 5
485 520 29 8
485 521 5 5
485 540 42 8
485 541 11 5
485 555 7 8
485 559 24 2
485 580 28 6
485 585 19 9
485 586 8 9
485 596 24 2
485 597 33 6
485 625 41 10
485 627 20 4
485 643 34 8
485 646 10 1
485 675 37 8
485 681 1 9
485 690 1 6
485 693 4 9
485 723 8 4
485 725 33 7
485 750 26 4
485 752 5 10
485 765 28 9
485 766 49 10
485 787 10 8
485 791 3 9
485 820 35 4
485 823 22 4
485 842 23 5
485 860 48 8
485 865 6 7
485 869 30 1
485 912 5 4
485 914 34 4
485 950 29 1
485 952 17 6
485 966 19 6
485 1000 9 5
485 1001 7 4
485 1011 15 2
485 1030 42 1
485 1032 34 3
485 1045 21 3
485 1046 24 7
485 1060 48 6
485 1067 2 7
485 1070 36 9
485 1102 1 5
485 1103 21 2
485 1126 25 3
485 1132 10 3
485 1165 16 10
485 1166 37 5
485 1185 5 6
485 1186 1 7
485 1195 31 6
490 491 38 3
490 492 47 3
490 493 14 2
490 494 8 4
490 495 35 5
490 496 33 2
490 542 12 8
490 555 41 5
490 580 31 5
490 585 10 1
490 595 28 10
490 600 15 9
490 692 8 10
490 694 24 6
490 724 30 4
490 752 18 5
490 768 21 6
490 913 14 6
490 916 35 7
490 968 47 5
490 1047 35 7
490 1060 1 8
490 1102 22 7
490 1186 38 4
490 1195 35 9
491 492 28 8
491 497 2 1
491 498 35 1
491 499 48 7
491 500 32 4
491 522 9 3
491 555 7 2
491 627 49 3
491 641 16 1
491 675 37 9
491 680 50 5
491 721 17 9
491 750 39 2
491 766 12 3
491 790 41 6
491 871 43 4
491 950 25 7
491 1000 22 7
491 1012 48 3
491 1032 18 8
491 1047 4 1
491 1060 32 10
491 1071 41 3
491 1101 7 3
491 1126 18 10
491 1167 6 1
491 1185 15 7
491 1195 46 4
492 501 23 1
492 502 25 1
492 503 33 10
492 504 2 6
492 505 34 10
492 507 46 1
492 520 40 4
492 541 41 8
492 580 23 6
492 586 31 10
492 680 25 8
492 820 14 6
492 821 1 9
492 841 32 5
492 843 5 8
492 860 26 6
492 865 42 6
492 952 44 8
492 969 2 5
492 1001 36 7
492 1031 19 7
492 1066 14 3
492 1126 25 8
492 1166 18 3
505 506 27 2
505 507 31 3
505 508 15 9
505 509 50 9
505 510 45 10
505 523 39 3
505 541 20 1
505 625 3 5
505 675 41 7
505 692 2 3
505 724 2 1
505 751 47 4
505 752 42 2
505 767 17 5
505 787 2 9
505 821 33 4
505 860 19 2
505 867 5 3
505 910 35 5
505 965 18 1
505 1000 22 7
505 1030 17 1
505 1045 39 6
505 1060 14 3
505 1100 38 5
505 1102 40 1
505 1127 3 5
505 1168 8 10
506 507 47 10
506 511 17 6
506 512 18 4
506 513 1 4
506 514 39 8
506 515 21 2
506 516 20 10
506 542 33 4
506 580 14 10
506 585 4 10
506 596 21 9
506 680 38 3
506 725 37 3
506 787 21 8
506 843 30 8
506 915 30 4
506 950 27 5
506 1000 27 7
506 1047 26 1
506 1130 10 9
506 1168 30 2
506 1185 50 10
507 517 44 10
507 518 42 6
507 519 30 9
507 521 22 1
507 555 47 6
507 556 38 5
507 580 13 6
507 585 1 3
507 597 41 4
507 640 1 5
507 644 46 1
507 681 32 5
507 694 1 9
507 766 48 3
507 820 13 4
507 842 18 6
507 860 2 5
507 952 2 7
507 1010 14 3
507 1013 26 10
507 1031 46 9
507 1060 14 2
507 1067 43 9
507 1069 26 9
507 1195 28 1
520 521 42 3
520 522 29 3
520 523 48 2
520 524 25 10
520 525 15 1
520 542 27 1
520 558 28 6
520 580 23 8
520 626 50 9
520 822 8 10
520 823 1 3
520 872 50 1
520 950 6 1
520 966 43 3
520 1010 12 1
520 1031 12 6
520 1060 16 6
520 1101 29 10
520 1132 12 4
520 1185 27 9
520 1186 1 9
521 522 42 7
521 523 3 2
521 526 33 9
521 527 22 1
521 528 17 6
521 529 7 8
521 541 31 3
521 558 42 9
521 580 36 4
521 627 31 8
521 640 13 4
521 675 27 2
521 680 6 6
521 724 18 4
521 751 8 9
521 752 28 8
521 790 34 7
521 791 43 9
521 914 46 5
521 952 41 1
521 965 13 7
521 1010 25 6
521 1030 29 10
521 1046 21 3
521 1047 8 1
521 1060 9 5
521 1127 20 9
521 1195 1 3
522 523 5 8
522 530 21 6
522 531 42 2
522 532 9 3
522 533 24 7
522 534 31 3
522 535 43 6
522 536 39 2
522 644 38 2
522 690 45 4
522 691 31 2
522 765 18 8
522 840 17 2
522 917 29 1
522 1001 12 3
522 1065 24 1
522 1104 33 8
522 1166 1 1
523 537 27 10
523 538 25 1
523 539 30 5
523 585 11 6
523 598 22 10
523 600 47 7
523 675 13 2
523 723 37 6
523 766 42 5
523 842 41 7
523 860 9 4
523 870 3 6
523 1000 38 4
523 1066 11 3
523 1165 13 3
523 1195 37 4
540 541 41 6
540 542 7 9
540 543 40 10
540 544 27 6
540 580 28 5
540 586 32 8
540 640 8 10
540 675 44 2
540 680 19 10
540 695 17 2
540 721 38 4
540 765 11 4
540 791 16 2
540 822 33 9
540 866 12 10
540 1013 19 2
540 1032 42 1
540 1069 25 9
540 1131 14 2
540 1167 21 9
541 542 39 6
541 545 31 6
541 546 27 8
541 547 37 9
541 548 13 4
541 549 27 2
541 550 30 9
541 558 46 7
541 559 9 6
541 580 4 7
541 598 12 6
541 625 8 6
541 626 8 10
541 640 31 8
541 675 47 3
541 694 13 1
541 720 26 2
541 750 37 9
541 821 1 3
541 841 22 5
541 860 30 4
541 869 45 2
541 912 24 5
541 913 14 8
541 952 39 5
541 971 18 6
541 1001 28 5
541 1011 46 8
541 1030 25 2
541 1045 32 3
541 1060 32 6
541 1103 43 4
541 1129 46 5
541 1186 49 1
541 1195 50 5
542 551 12 8
542 552 45 5
542 553 34 8
542 554 31 3
542 586 44 8
542 597 8 2
542 752 9 10
542 767 29 10
542 787 4 3
542 840 26 4
542 860 30 1
542 950 22 8
542 969 11 3
542 1000 32 10
542 1047 38 6
542 1071 24 5
542 1101 5 7
542 1185 11 9
542 1195 34 6
555 556 13 4
555 557 15 2
555 558 11 10
555 559 34 2
555 560 38 10
555 561 24 7
555 562 16 10
555 563 4 5
555 564 42 4
555 565 30 2
555 566 50 6
555 567 13 9
555 596 9 6
555 680 17 9
555 691 2 7
555 693 18 7
555 791 47 2
555 822 19 10
555 842 33 3
555 916 11 6
555 1000 24 10
555 1060 14 10
555 1104 44 3
555 1125 26 8
555 1167 42 8
556 557 33 2
556 558 30 1
556 559 26 5
556 568 32 5
556 569 29 9
556 570 43 1
556 571 15 6
556 580 45 4
556 646 6 4
556 675 9 5
556 720 39 3
556 766 48 10
556 820 47 3
556 860 25 6
556 1186 5 2
557 558 26 5
557 559 11 3
557 572 3 7
557 580 42 4
557 586 39 8
557 626 13 1
557 627 15 5
557 675 30 8
557 680 49 7
557 750 14 7
557 752 23 6
557 860 3 3
557 871 45 6
557 915 22 1
557 951 21 3
557 1013 46 5
557 1031 19 7
557 1045 7 2
557 1060 28 1
558 559 18 1
558 573 22 3
558 574 38 1
558 575 32 10
558 576 19 1
558 722 31 4
558 766 35 10
558 789 27 8
558 842 20 4
558 951 30 4
558 969 40 3
558 1013 22 2
558 1070 19 9
558 1101 25 2
558 1129 16 4
558 1168 11 10
558 1186 20 3
558 1195 29 8
559 577 15 4
559 578 1 3
559 579 12 5
559 586 46 7
559 596 44 10
559 642 31 5
559 869 40 2
559 969 49 8
559 1001 9 4
559 1032 49 7
559 1047 46 7
559 1066 39 9
574 496 19 9
580 581 3 5
580 582 22 8
580 583 28 9
580 584 42 3
580 586 34 8
580 597 30 3
580 598 17 6
580 626 44 1
580 627 35 1
580 646 29 1
580 675 41 8
580 680 44 2
580 681 49 1
580 694 44 2
580 721 47 6
580 722 30 2
580 752 29 2
580 765 38 7
580 768 28 9
580 786 40 9
580 789 29 4
580 820 4 4
580 822 9 9
580 840 38 4
580 843 14 7
580 860 20 10
580 867 34 3
580 872 10 4
580 910 26 3
580 916 27 6
580 950 19 3
580 966 50 10
580 970 46 7
580 1000 3 4
580 1010 36 3
580 1012 15 4
580 1030 5 10
580 1046 31 8
580 1060 36 6
580 1066 2 7
580 1071 6 2
580 1100 34 2
580 1102 2 1
580 1127 14 1
580 1165 10 1
580 1168 34 1
580 1185 49 4
580 1195 50 2
585 586 31 3
585 587 1 6
585 588 46 6
585 589 49 3
585 590 13 1
585 591 33 7
585 592 46 7
585 598 48 4
585 627 45 2
585 675 19 10
585 680 11 4
585 695 27 8
585 725 39 3
585 752 14 3
585 767 39 4
585 787 7 9
585 820 32 4
585 842 10 9
585 860 10 10
585 872 33 2
585 911 13 2
585 952 49 1
585 965 2 1
585 1000 14 3
585 1013 18 10
585 1030 15 2
585 1031 17 10
585 1060 33 4
585 1065 8 1
585 1100 13 6
585 1125 15 7
585 1165 21 1
585 1186 34 2
585 1195 30 5
586 593 43 3
586 594 32 10
586 598 17 9
586 626 24 4
586 642 9 3
586 646 4 2
586 675 40 4
586 681 37 10
586 691 47 10
586 721 26 10
586 750 36 2
586 768 36 9
586 788 41 6
586 822 19 10
586 841 31 5
586 860 5 6
586 916 35 3
586 952 30 6
586 970 11 6
586 1000 40 5
586 1010 31 6
586 1045 28 7
586 1047 37 10
586 1060 4 5
586 1069 47 8
586 1131 29 3
586 1165 44 8
586 1186 49 10
595 596 22 2
595 597 33 3
595 598 13 4
595 599 18 7
595 600 3 6
595 601 33 1
595 602 40 2
595 627 11 9
595 645 23 2
595 751 45 1
595 787 42 5
595 820 16 5
595 860 32 2
595 867 45 6
595 873 11 4
595 952 33 6
595 969 14 3
595 1010 21 10
595 1031 26 5
595 1069 9 6
595 1104 45 1
595 1185 25 5
596 597 44 6
596 598 13 1
596 599 16 1
596 600 50 6
596 603 37 4
596 604 48 5
596 605 22 9
596 606 11 5
596 607 16 1
596 608 15 8
596 609 28 9
596 625 25 9
596 641 33 6
596 675 50 1
596 691 42 7
596 750 47 6
596 821 42 1
596 1104 44 1
596 1129 36 8
596 1167 11 3
597 598 15 8
597 599 10 10
597 600 46 9
597 610 43 1
597 611 16 3
597 612 10 2
597 675 11 6
597 860 8 4
597 969 24 7
597 1001 35 5
597 1031 36 6
597 1060 25 6
597 1168 6 10
597 1195 3 7
598 599 6 6
598 600 3 9
598 613 10 8
598 614 22 7
598 615 48 8
598 616 37 5
598 617 8 6
598 618 8 9
598 691 1 3
598 720 4 6
598 765 39 2
598 768 45 6
598 785 29 2
598 841 35 6
598 843 6 3
598 1000 10 1
598 1013 10 2
598 1068 29 2
598 1185 31 8
599 600 23 5
599 619 35 9
599 620 29 8
599 621 35 2
599 681 19 4
599 720 38 1
599 914 16 1
599 1047 6 10
599 1060 42 3
600 622 32 1
600 623 34 1
600 624 45 8
600 680 35 3
600 917 3 1
600 952 37 9
600 1045 48 3
600 1128 38 4
600 1195 24 6
625 626 47 5
625 627 8 3
625 628 3 10
625 629 17 7
625 630 8 9
625 631 6 9
625 644 47 10
625 675 16 9
625 680 35 8
625 723 33 7
625 750 24 2
625 752 3 8
625 767 39 6
625 821 28 1
625 843 9 5
625 860 15 9
625 868 6 10
625 952 36 9
625 967 6 2
625 971 50 3
625 1012 37 4
625 1032 41 9
625 1045 31 7
625 1068 18 7
625 1071 18 2
625 1102 28 2
625 1165 5 7
625 1195 49 8
626 627 14 5
626 632 41 4
626 633 28 8
626 634 15 4
626 635 50 5
626 636 48 5
626 642 37 3
626 681 17 9
626 693 21 5
626 791 3 9
626 841 42 2
626 860 10 4
626 872 42 5
626 912 23 5
626 1010 9 5
626 1030 41 1
626 1045 3 4
626 1060 7 5
626 1125 23 9
626 1166 33 3
627 637 9 5
627 638 23 2
627 639 19 7
627 694 49 7
627 725 44 6
627 765 3 10
627 785 6 5
627 822 40 7
627 912 45 7
627 951 25 2
627 1000 28 7
627 1001 19 4
627 1104 12 2
627 1127 34 7
627 1185 30 6
627 1195 43 10
640 641 18 1
640 642 17 10
640 643 14 3
640 644 11 9
640 645 47 3
640 646 44 8
640 647 45 1
640 720 10 4
640 723 2 1
640 766 29 10
640 820 14 1
640 842 4 5
640 971 47 6
640 1060 26 5
640 1104 19 3
640 1167 49 7
641 642 14 7
641 643 45 3
641 644 42 2
641 645 30 7
641 646 9 4
641 648 3 8
641 649 9 2
641 650 11 6
641 651 20 5
641 652 30 10
641 1000 46 5
641 1045 27 9
641 1060 40 8
642 643 3 8
642 644 23 2
642 645 43 5
642 646 34 6
642 653 22 5
642 654 13 10
642 655 5 6
642 656 47 10
642 681 4 8
642 841 27 10
642 911 20 10
642 951 1 6
642 1000 39 8
642 1010 37 10
642 1030 42 1
642 1046 45 7
643 644 18 3
643 645 31 7
643 646 24 6
643 657 23 9
643 658 36 6
643 659 12 10
643 660 44 7
643 661 20 10
643 662 38 4
643 690 49 4
643 751 44 7
643 765 5 6
643 789 43 2
643 860 33 3
643 917 32 7
643 1195 32 3
644 645 21 10
644 646 50 7
644 663 3 5
644 664 9 4
644 665 20 6
644 666 8 8
644 667 19 4
644 675 45 1
644 691 12 4
644 752 8 1
644 1129 9 4
644 1185 36 7
644 1195 36 6
645 646 24 10
645 668 21 7
645 669 26 2
645 670 26 1
645 671 24 7
645 788 14 6
645 822 4 9
645 871 34 7
645 950 35 10
645 1071 6 1
645 1102 16 8
646 672 18 5
646 673 22 9
646 674 19 3
646 675 18 2
646 680 32 9
646 860 21 8
646 868 46 5
646 965 32 5
646 1011 27 10
646 1031 8 7
646 1070 17 5
646 1126 7 10
675 676 40 6
675 677 16 1
675 678 36 1
675 679 32 4
675 680 44 1
675 681 5 9
675 693 49 8
675 694 6 3
675 720 27 7
675 722 23 3
675 752 36 3
675 768 19 10
675 785 41 9
675 791 21 8
675 823 13 8
675 841 45 1
675 860 30 8
675 867 11 6
675 871 11 10
675 916 1 8
675 917 45 6
675 950 36 5
675 966 1 1
675 971 41 5
675 1000 44 9
675 1011 19 3
675 1012 22 7
675 1031 31 3
675 1032 47 1
675 1046 41 5
675 1047 48 9
675 1060 49 10
675 1066 26 1
675 1067 2 6
675 1101 27 7
675 1128 33 6
675 1129 34 10
675 1165 34 6
675 1166 39 1
675 1185 26 5
675 1186 48 9
675 1195 45 9
680 681 41 10
680 682 37 7
680 683 45 7
680 684 24 4
680 685 5 2
680 724 36 5
680 725 15 9
680 750 17 8
680 765 21 6
680 767 26 1
680 822 28 1
680 841 26 6
680 860 13 4
680 872 20 10
680 913 33 1
680 916 8 7
680 950 7 6
680 966 29 6
680 971 22 8
680 1000 21 6
680 1011 44 2
680 1030 18 10
680 1032 49 5
680 1046 20 5
680 1060 4 1
680 1068 45 7
680 1104 35 7
680 1132 49 8
680 1166 49 7
680 1185 48 10
681 686 11 3
681 687 25 8
681 688 21 5
681 689 20 10
681 691 18 4
681 695 30 7
681 789 26 1
681 820 17 4
681 842 33 2
681 860 19 10
681 866 48 2
681 952 10 5
681 1001 32 10
681 1010 48 2
681 1045 35 1
681 1060 45 5
681 1066 43 8
681 1100 3 1
681 1125 13 4
681 1168 8 6
681 1186 34 6
681 1195 7 3
690 691 18 3
690 692 46 1
690 693 5 5
690 694 36 8
690 695 33 9
690 696 39 8
690 697 38 9
690 698 22 4
690 722 26 1
690 785 2 8
690 1010 26 4
690 1032 44 6
690 1045 2 8
690 1102 9 3
690 1185 21 9
691 692 48 5
691 693 15 9
691 694 32 8
691 695 12 5
691 699 29 8
691 700 13 6
691 701 15 4
691 702 13 1
691 820 8 10
691 860 17 7
691 873 14 2
691 950 18 10
691 1010 31 3
691 1032 33 1
692 693 28 6
692 694 46 3
692 695 39 3
692 703 28 2
692 704 42 2
692 705 46 10
692 706 48 10
692 751 5 5
692 767 9 1
692 787 34 10
692 822 18 5
692 843 43 10
692 870 25 9
692 952 15 9
692 966 23 7
692 1000 31 5
692 1046 21 3
692 1071 39 7
693 694 29 8
693 695 14 7
693 707 34 9
693 708 27 6
693 709 13 1
693 710 19 5
693 711 32 10
693 712 44 10
693 723 35 9
693 840 33 10
693 971 4 6
693 1000 41 9
693 1060 47 1
694 695 27 4
694 713 5 3
694 714 12 1
694 715 25 9
694 716 41 3
694 717 44 2
694 750 5 9
694 768 25 8
694 860 30 8
694 913 10 8
694 1101 6 7
694 1125 48 4
694 1185 43 1
694 1195 3 5
695 718 47 7
695 719 7 3
695 910 31 10
695 1068 31 6
695 1168 13 7
720 721 17 7
720 722 1 9
720 723 20 9
720 724 47 9
720 725 30 7
720 726 9 6
720 727 9 5
720 728 16 8
720 767 19 8
720 785 50 8
720 870 8 4
720 1030 46 7
720 1047 48 9
720 1065 16 3
720 1126 20 9
720 1131 34 3
721 722 45 10
721 723 8 9
721 724 5 8
721 725 6 7
721 729 10 5
721 730 23 4
721 751 15 1
721 767 8 9
721 790 33 6
721 913 6 8
721 1068 14 6
721 1166 49 8
722 723 49 1
722 724 34 2
722 725 27 9
722 731 24 6
722 732 16 5
722 733 12 2
722 750 5 6
722 841 36 1
722 860 7 6
722 950 29 6
722 971 47 4
722 1010 4 7
722 1013 7 3
723 724 31 5
723 725 6 4
723 734 42 10
723 735 48 10
723 736 32 3
723 737 48 10
723 821 22 2
723 840 13 2
723 915 23 2
723 1001 20 6
723 1060 1 10
723 1165 29 6
724 725 43 8
724 738 7 3
724 739 48 5
724 740 17 8
724 820 46 4
724 860 49 9
724 871 37 6
724 969 43 3
724 1101 3 10
724 1185 13 10
724 1186 44 8
724 1195 17 8
725 741 14 7
725 742 3 10
725 743 45 1
725 744 19 9
725 745 14 9
725 746 8 3
725 747 31 3
725 748 24 5
725 749 15 6
725 951 5 3
725 1000 38 4
725 1030 37 9
725 1047 18 7
725 1060 12 1
725 1101 24 3
725 1195 49 1
750 751 17 4
750 752 2 3
750 753 18 10
750 754 11 9
750 755 31 1
750 756 17 2
750 757 17 2
750 758 41 5
750 766 22 4
750 822 48 4
750 870 1 5
750 914 25 2
750 1000 13 10
750 1030 14 3
750 1047 40 5
750 1060 47 4
750 1132 7 8
750 1166 17 1
750 1185 18 3
750 1195 24 2
751 752 24 5
751 759 19 4
751 766 12 3
751 786 33 3
751 820 2 2
751 843 27 3
751 860 36 3
751 867 9 7
751 950 39 7
751 1011 9 4
751 1167 27 6
751 1195 46 9
752 760 9 2
752 761 21 2
752 762 12 2
752 763 21 3
752 764 2 2
752 787 6 9
752 860 50 2
752 915 43 8
752 951 25 9
752 970 28 1
752 971 33 3
752 1001 32 6
752 1013 14 8
752 1032 38 8
752 1060 1 3
752 1068 48 2
752 1069 12 7
752 1102 48 4
752 1104 29 9
752 1127 13 3
752 1186 37 10
765 766 4 3
765 767 14 3
765 768 32 9
765 769 9 2
765 770 18 7
765 771 45 10
765 772 39 8
765 773 45 5
765 787 26 1
765 821 37 5
765 822 20 4
765 860 8 1
765 1000 21 10
765 1031 34 5
765 1165 46 1
765 1185 39 1
765 1186 32 1
765 1195 28 4
766 767 30 3
766 768 30 7
766 774 38 5
766 775 41 10
766 776 9 5
766 777 47 9
766 841 18 10
766 865 31 8
766 872 3 8
766 910 39 1
766 950 2 4
766 970 38 8
766 1011 40 2
766 1060 37 3
766 1071 28 6
766 1102 1 2
766 1168 27 5
767 768 11 5
767 778 46 6
767 786 44 5
767 951 47 7
767 968 13 2
767 1011 9 9
767 1047 5 5
767 1060 42 3
767 1100 6 1
767 1130 5 8
768 779 46 3
768 780 46 8
768 781 40 9
768 782 21 1
768 783 29 1
768 784 31 1
768 916 27 8
768 1000 5 8
768 1031 49 3
768 1045 49 7
768 1066 48 7
768 1127 29 9
768 1195 24 6
785 786 50 2
785 787 28 5
785 788 36 9
785 789 36 2
785 790 49 3
785 791 7 1
785 792 29 1
785 793 10 1
785 794 1 7
785 795 24 9
785 951 21 9
785 971 39 3
785 1032 32 5
785 1131 31 10
785 1186 41 6
785 1195 6 6
786 787 11 7
786 788 16 6
786 789 31 6
786 790 21 3
786 791 34 7
786 796 42 2
786 797 17 7
786 872 37 4
786 916 45 3
786 1060 17 8
786 1102 19 1
786 1103 4 6
786 1186 50 6
787 788 44 4
787 789 19 6
787 790 47 7
787 791 8 6
787 798 44 2
787 799 5 6
787 800 35 4
787 801 39 2
787 843 38 4
787 873 33 8
787 1000 38 3
787 1030 49 8
787 1165 46 8
787 1166 44 1
788 789 33 2
788 790 25 1
788 791 33 9
788 802 21 9
788 803 50 8
788 804 16 8
788 805 3 4
788 806 49 9
788 807 50 7
788 823 47 5
788 950 2 4
788 1000 17 3
788 1066 12 8
789 790 42 3
789 791 32 2
789 808 6 3
789 823 38 7
789 914 26 2
789 1012 15 6
789 1060 21 9
789 1130 3 9
789 1195 39 9
790 791 15 1
790 809 41 6
790 810 50 10
790 811 30 2
790 812 49 3
790 813 6 6
790 814 13 6
790 815 38 3
790 816 24 3
790 817 34 9
790 860 5 9
790 1010 11 4
790 1047 16 5
790 1066 21 7
791 818 15 3
791 819 22 5
791 843 25 3
791 860 3 6
791 1045 37 4
820 821 1 1
820 822 49 1
820 823 24 9
820 824 29 1
820 825 50 6
820 826 41 8
820 843 25 9
820 860 17 10
820 952 49 7
820 970 7 1
820 1047 30 9
821 822 21 3
821 823 49 7
821 827 29 4
821 828 19 1
821 829 15 7
821 830 35 9
821 869 23 7
821 913 37 4
821 1012 46 5
821 1067 17 6
821 1100 22 3
821 1166 2 9
822 823 25 8
822 831 45 9
822 832 36 6
822 833 3 3
822 860 25 8
822 950 5 9
822 965 6 5
822 1001 16 5
822 1030 34 1
822 1045 28 9
822 1060 36 2
822 1186 7 4
823 834 48 3
823 835 22 7
823 836 13 1
823 837 28 9
823 838 14 2
823 839 28 6
823 840 12 1
823 872 31 4
823 910 5 1
823 1001 10 1
823 1012 33 6
823 1031 10 10
823 1066 27 5
823 1126 16 9
823 1130 37 9
823 1167 5 5
823 1186 6 4
823 1195 7 7
840 841 17 7
840 842 40 9
840 843 31 4
840 844 30 6
840 917 33 1
840 967 42 1
840 971 35 4
840 1000 43 2
840 1030 17 1
840 1186 40 5
840 1195 32 8
841 842 30 10
841 843 15 2
841 845 47 10
841 846 47 7
841 847 7 8
841 848 38 1
841 872 50 9
841 951 46 2
841 952 29 10
841 1000 20 5
841 1013 38 2
841 1047 38 3
841 1066 41 1
841 1071 5 6
841 1100 40 10
841 1104 2 3
841 1166 21 7
842 843 8 4
842 849 4 9
842 850 33 10
842 851 26 1
842 852 9 8
842 853 43 2
842 860 21 10
842 917 47 6
842 1031 4 6
842 1060 15 8
842 1127 2 3
842 1129 50 7
843 854 12 6
843 855 4 4
843 856 40 2
843 857 11 1
843 858 15 6
843 859 42 10
843 860 13 6
843 866 44 8
843 1012 19 5
843 1165 37 8
843 1186 7 6
843 1195 9 4
860 861 38 4
860 862 35 7
860 863 30 4
860 864 31 9
860 871 20 9
860 872 39 3
860 916 11 6
860 917 11 10
860 950 1 8
860 952 37 2
860 969 17 10
860 970 39 7
860 1000 22 3
860 1011 27 10
860 1012 17 10
860 1031 47 4
860 1032 17 9
860 1045 2 9
860 1046 23 2
860 1060 36 10
860 1068 20 2
860 1069 22 4
860 1101 22 10
860 1130 45 6
860 1131 6 6
860 1165 18 10
860 1166 32 10
860 1186 46 7
860 1195 3 4
865 866 16 2
865 867 46 8
865 868 50 8
865 869 24 5
865 870 22 5
865 871 38 10
865 872 27 4
865 873 45 2
865 874 34 10
865 875 12 9
865 876 2 2
865 877 13 1
865 878 11 6
865 879 22 5
865 880 15 4
865 1060 18 1
866 867 19 3
866 868 43 4
866 869 8 1
866 870 6 5
866 871 22 1
866 872 35 1
866 873 42 7
866 881 17 7
866 882 5 2
866 883 7 1
866 884 16 2
866 885 10 3
866 951 22 8
866 1000 2 6
866 1013 40 8
866 1031 24 1
866 1168 34 6
867 868 42 8
867 869 25 4
867 870 4 1
867 871 14 8
867 872 50 4
867 873 47 3
867 886 6 10
867 887 6 1
867 888 10 10
867 1031 9 10
867 1046 47 8
867 1104 3 1
867 1130 9 9
867 1186 25 4
868 869 47 2
868 870 7 5
868 871 33 8
868 872 21 5
868 873 5 4
868 889 38 9
868 890 44 10
868 891 32 1
868 1013 24 3
868 1069 41 10
868 1130 12 4
868 1168 26 8
869 870 36 1
869 871 49 7
869 872 45 3
869 873 34 1
869 892 13 10
869 893 3 3
869 894 44 5
869 895 42 8
869 896 16 9
869 911 26 6
869 966 42 1
869 1001 16 5
869 1060 19 9
869 1070 28 3
869 1102 24 9
869 1195 39 9
870 871 24 3
870 872 14 3
870 873 16 7
870 897 14 3
870 898 18 7
870 899 20 4
870 900 19 5
870 901 14 3
870 1195 45 8
871 872 11 1
871 873 27 3
871 902 11 7
871 903 11 1
871 904 27 7
871 905 34 5
871 917 23 1
871 1045 17 6
872 873 18 3
872 906 48 2
872 907 46 3
872 908 6 1
873 909 22 2
873 952 38 8
873 968 10 2
873 1185 12 9
910 911 49 2
910 912 8 10
910 913 35 8
910 914 15 4
910 915 35 6
910 916 49 8
910 917 1 3
910 918 18 3
910 919 50 4
910 1060 27 8
910 1068 42 5
911 912 49 5
911 913 48 5
911 914 28 7
911 915 47 7
911 916 9 5
911 917 9 6
911 920 50 10
911 921 38 1
911 922 13 6
911 1011 17 6
911 1185 47 3
912 913 46 4
912 914 25 9
912 915 14 6
912 916 33 5
912 917 2 3
912 923 47 1
912 924 42 1
912 925 13 9
912 926 43 1
912 927 6 4
912 928 31 9
912 929 23 5
912 930 48 1
912 931 40 4
912 1060 3 3
912 1069 33 8
912 1126 50 2
913 914 50 5
913 915 7 3
913 916 14 4
913 917 29 1
913 932 1 8
913 969 14 5
913 1001 26 8
914 915 41 2
914 916 3 6
914 917 42 3
914 933 8 3
914 934 21 8
914 935 11 10
914 936 13 2
914 937 35 1
914 938 29 2
914 939 41 1
914 951 3 9
914 1001 29 10
914 1031 28 10
914 1127 31 7
915 916 44 2
915 917 3 1
915 940 10 6
915 941 43 4
915 1047 36 10
915 1165 27 6
915 1168 46 5
916 917 29 6
916 942 8 10
916 943 23 2
916 944 46 7
916 945 11 10
916 946 2 8
916 947 5 9
916 970 30 10
916 1031 31 3
916 1102 18 8
916 1103 9 7
916 1186 42 1
916 1195 24 1
917 948 7 3
917 949 31 5
917 951 43 3
917 1013 6 5
917 1046 16 4
950 951 32 6
950 952 49 2
950 953 38 7
950 954 10 1
950 955 40 2
950 956 11 9
950 957 29 5
950 958 33 6
950 969 46 2
950 1167 36 2
950 1185 48 9
950 1186 8 3
950 1195 25 3
951 952 27 2
951 959 50 2
951 960 16 8
951 961 3 4
951 962 29 2
951 970 36 1
951 1001 33 7
951 1010 21 6
951 1013 2 10
951 1060 20 6
951 1101 35 4
951 1130 23 8
951 1131 9 1
952 963 43 2
952 964 24 9
952 1000 41 9
952 1032 6 5
952 1045 19 4
952 1047 8 3
952 1067 4 7
952 1069 22 6
952 1100 26 7
952 1165 50 5
952 1195 11 8
965 966 18 8
965 967 25 4
965 968 36 6
965 969 49 6
965 970 34 7
965 971 9 1
965 972 39 1
965 973 37 3
965 974 26 8
965 1011 16 2
965 1125 29 7
965 1166 20 9
966 967 34 8
966 968 36 9
966 969 42 10
966 970 35 9
966 971 15 9
966 975 5 6
966 976 9 7
966 977 26 5
966 1047 49 5
967 968 13 6
967 969 39 1
967 970 41 5
967 971 37 9
967 978 28 6
967 1101 19 10
968 969 32 7
968 970 1 10
968 971 2 9
968 979 42 10
968 980 46 5
968 981 14 9
968 982 22 6
968 983 14 9
968 984 15 1
968 1000 46 8
968 1046 39 7
968 1060 16 4
969 970 37 9
969 971 49 6
969 985 10 6
969 986 40 10
969 987 48 7
969 988 38 9
969 989 28 1
969 1031 36 5
969 1069 44 10
969 1103 19 7
970 971 8 10
970 990 44 6
970 991 5 7
970 992 6 10
970 993 15 1
970 994 41 9
970 995 9 1
970 996 21 8
970 1001 6 4
970 1031 19 5
970 1060 28 6
970 1132 50 10
970 1166 10 8
970 1186 20 10
970 1195 45 8
971 997 38 9
971 998 29 8
971 999 4 8
971 1012 5 3
971 1068 32 10
971 1185 22 7
971 1195 29 7
1000 1001 31 4
1000 1002 5 7
1000 1032 28 4
1000 1045 33 4
1000 1047 20 8
1000 1060 30 3
1000 1067 13 10
1000 1102 35 7
1000 1103 8 6
1000 1126 34 6
1000 1165 17 6
1000 1186 45 6
1000 1195 10 9
1001 1003 42 4
1001 1004 7 9
1001 1005 34 5
1001 1006 40 3
1001 1007 28 8
1001 1008 46 7
1001 1009 32 8
1001 1010 17 8
1001 1011 16 5
1001 1031 11 1
1001 1060 18 7
1001 1068 20 3
1001 1128 44 9
1001 1165 23 5
1001 1185 21 8
1001 1195 1 5
1010 1011 36 1
1010 1012 29 1
1010 1013 27 7
1010 1014 31 1
1010 1015 20 4
1010 1016 49 7
1010 1017 4 10
1010 1128 28 6
1010 1131 5 6
1010 1186 44 5
1010 1195 16 1
1011 1012 9 5
1011 1013 28 2
1011 1018 24 10
1011 1019 22 10
1011 1020 46 10
1011 1021 37 6
1011 1022 23 1
1011 1030 16 6
1011 1032 26 4
1011 1047 29 5
1011 1060 20 9
1011 1066 38 1
1011 1069 8 2
1011 1102 28 2
1012 1013 37 6
1012 1023 10 1
1012 1024 7 10
1012 1025 27 4
1012 1026 22 6
1012 1027 44 4
1012 1060 48 3
1012 1165 21 3
1012 1186 38 8
1012 1195 29 8
1013 1028 36 6
1013 1029 31 4
1013 1045 13 5
1013 1103 16 9
1013 1166 22 2
1030 1031 21 9
1030 1032 7 1
1030 1033 44 4
1030 1034 35 4
1030 1035 41 1
1030 1036 34 6
1030 1037 49 3
1030 1038 15 9
1030 1039 1 1
1030 1046 37 6
1030 1066 21 6
1030 1068 17 10
1030 1131 27 7
1030 1165 7 9
1030 1168 32 10
1030 1185 8 3
1030 1186 11 8
1031 1032 29 7
1031 1040 42 2
1031 1041 32 7
1031 1042 24 7
1031 1043 7 2
1031 1128 25 5
1032 1044 4 2
1032 1047 32 9
1032 1060 27 6
1032 1102 41 5
1032 1103 16 3
1032 1195 4 5
1045 1046 31 6
1045 1047 13 4
1045 1048 46 7
1045 1049 37 9
1045 1060 29 9
1045 1069 32 1
1045 1104 17 8
1046 1047 29 4
1046 1050 18 5
1046 1051 20 4
1046 1052 9 7
1046 1053 13 7
1046 1054 42 10
1046 1067 22 2
1046 1103 42 2
1046 1127 43 2
1046 1167 15 6
1046 1195 36 1
1047 1055 28 4
1047 1056 42 7
1047 1057 42 1
1047 1058 3 2
1047 1059 28 9
1047 1060 8 1
1047 1132 25 4
1047 1167 48 4
1047 1185 36 5
1060 1061 39 5
1060 1062 14 3
1060 1063 7 8
1060 1064 4 2
1060 1069 26 8
1060 1071 44 6
1060 1101 13 5
1060 1103 34 3
1060 1131 18 2
1060 1132 38 7
1060 1165 10 5
1060 1167 27 10
1060 1185 23 6
1060 1195 10 9
1065 1066 17 9
1065 1067 50 7
1065 1068 44 9
1065 1069 31 3
1065 1070 23 10
1065 1071 45 8
1065 1072 17 9
1065 1129 44 9
1065 1131 21 2
1065 1195 2 9
1066 1067 31 8
1066 1068 31 9
1066 1069 49 9
1066 1070 24 6
1066 1071 38 4
1066 1073 50 6
1066 1074 5 9
1066 1075 14 1
1066 1101 4 1
1066 1186 36 8
1066 1195 15 7
1067 1068 16 1
1067 1069 29 7
1067 1070 34 5
1067 1071 19 1
1067 1076 1 1
1067 1077 49 9
1067 1078 29 4
1067 1079 8 2
1067 1080 49 2
1067 1081 32 3
1067 1082 31 4
1067 1166 7 6
1068 1069 30 2
1068 1070 38 5
1068 1071 30 2
1068 1083 47 9
1068 1084 37 9
1068 1085 39 2
1068 1168 2 9
1069 1070 7 1
1069 1071 39 7
1069 1086 11 1
1069 1087 17 6
1069 1088 48 1
1069 1089 49 1
1069 1090 43 7
1069 1104 11 10
1070 1071 34 9
1070 1091 26 4
1070 1092 41 8
1070 1093 22 2
1070 1094 15 1
1071 1095 50 9
1071 1096 41 10
1071 1097 9 1
1071 1098 30 8
1071 1099 32 8
1071 1186 16 5
1100 1101 25 2
1100 1102 15 7
1100 1103 31 7
1100 1104 6 3
1100 1105 43 7
1100 1106 48 4
1100 1107 14 3
1100 1108 9 6
1100 1185 9 4
1100 1186 40 1
1100 1195 43 7
1101 1102 17 6
1101 1103 22 4
1101 1104 22 5
1101 1109 1 5
1101 1110 2 7
1101 1111 47 8
1101 1112 32 9
1101 1165 38 4
1101 1166 5 6
1102 1103 42 8
1102 1104 11 7
1102 1113 36 5
1102 1132 43 1
1103 1104 40 9
1103 1114 13 8
1103 1115 10 5
1103 1116 30 6
1103 1117 9 9
1103 1118 37 6
1104 1119 9 7
1104 1120 42 2
1104 1121 23 10
1104 1122 31 10
1104 1123 40 5
1104 1124 26 8
1104 1125 11 6
1104 1195 22 4
1125 1126 25 10
1125 1127 39 7
1125 1128 46 2
1125 1129 1 7
1125 1130 22 8
1125 1131 20 5
1125 1132 44 3
1125 1133 17 9
1125 1134 1 8
1125 1135 9 9
1126 1127 14 7
1126 1128 4 3
1126 1129 22 9
1126 1130 22 6
1126 1131 17 7
1126 1132 10 2
1126 1136 41 3
1126 1137 35 10
1126 1138 8 9
1126 1139 7 8
1126 1140 39 4
1126 1141 30 5
1126 1186 4 3
1126 1195 20 3
1127 1128 24 5
1127 1129 11 5
1127 1130 46 4
1127 1131 50 6
1127 1132 23 8
1127 1142 11 1
1127 1143 47 10
1127 1144 12 2
1127 1145 16 8
1128 196 29 3
1128 1129 7 1
1128 1130 15 2
1128 1131 28 8
1128 1132 43 7
1128 1146 18 5
1129 1130 4 1
1129 1131 30 9
1129 1132 11 1
1129 1147 10 2
1129 1148 42 4
1129 1149 17 4
1129 1150 25 4
1129 1151 28 7
1129 1152 8 3
1129 1153 30 1
1129 1154 41 2
1129 1155 29 6
1130 1131 11 7
1130 1132 11 6
1130 1156 3 5
1130 1157 20 5
1130 1158 12 3
1130 1185 4 7
1130 1195 4 7
1131 1132 37 10
1131 1159 50 3
1131 1160 6 2
1131 1161 4 5
1131 1162 46 4
1131 1165 36 6
1131 1166 42 8
1132 1163 25 10
1132 1164 40 8
1165 1166 18 10
1165 1167 9 3
1165 1168 32 9
1165 1169 48 6
1165 1170 50 2
1165 1171 27 10
1165 1172 45 7
1165 1173 31 7
1165 1186 15 3
1166 1167 7 8
1166 1168 50 6
1166 1174 13 7
1166 1175 33 4
1166 1176 37 6
1166 1177 44 1
1166 1178 11 7
1166 1179 44 2
1167 1168 35 1
1167 1180 23 8
1167 1195 20 2
1168 1181 39 8
1168 1182 29 2
1168 1183 42 7
1168 1184 6 1
1168 1185 48 9
1168 1195 27 10
1185 1186 17 9
1185 1187 44 10
1185 1188 16 9
1185 1189 40 8
1185 1190 40 2
1185 1191 31 2
1186 1192 36 6
1186 1193 18 9
1186 1194 37 5
1186 1195 12 6
1195 1196 9 7
1195 1197 24 4
1195 1198 8 6
1195 1199 19 9

0 1119 3
1 1028 13
2 893 2
3 254 16
4 1089 22
5 735 32
6 68 9
7 779 23
8 1085 9
9 684 11
10 411 9
11 979 23
12 984 7
13 101 5
14 610 28
15 24 7
16 981 4
17 453 17
18 534 8
19 1034 18
20 560 16
21 590 7
22 863 9
23 566 21
24 589 26
25 974 10
26 613 6
27 344 24
28 215 24
29 879 13
30 545 14
31 35 5
32 160 29
33 1043 2
34 448 9
35 805 2
36 955 11
37 959 24
38 685 2
39 469 1
40 14 17
41 210 12
42 769 6
43 549 13
44 671 8
45 932 1
46 136 22
47 524 12
48 251 2
49 429 10
50 740 7
51 797 11
52 6 4
53 112 6
54 1007 14
55 134 5
56 238 7
57 838 6
58 387 3
59 475 3
60 553 15
61 302 2
62 1141 14
63 31 13
64 697 23
65 874 21
66 1172 28
67 975 4
68 205 5
69 351 9
70 1088 33
71 488 26
72 25 26
73 432 26
74 333 4
75 267 22
76 498 24
77 73 17
78 290 1
79 97 7
80 757 7
81 612 3
82 266 18
83 1150 10
84 813 3
85 982 15
86 334 7
87 327 21
88 393 12
89 717 26
90 397 30
91 116 22
92 617 6
93 1115 5
94 702 4
95 347 3
96 571 5
97 1190 17
98 988 20
99 286 5
100 568 15
101 754 6
102 918 11
103 517 18
104 405 10
105 1145 8
106 483 6
107 1050 12
108 1086 4
109 819 12
110 299 21
111 1058 2
112 1092 29
113 513 1
114 987 31
115 252 17
116 1108 3
117 733 7
118 103 10
119 962 18
120 253 13
121 375 22
122 945 5
123 587 1
124 1029 21
125 1024 5
126 479 12
127 905 21
128 731 14
129 419 11
130 815 25
131 322 2
132 337 10
133 576 8
134 26 14
135 601 19
136 1191 9
137 84 3
138 665 11
139 946 1
140 157 20
141 1158 3
142 317 2
143 1005 17
144 857 5
145 1122 14
146 352 5
147 225 7
148 512 8
149 1164 11
150 306 5
151 301 22
152 605 12
153 943 7
154 359 2
155 798 13
156 399 2
157 34 14
158 263 1
159 657 16
160 78 30
161 133 18
162 178 8
163 500 10
164 455 5
165 119 19
166 833 2
167 715 15
168 228 13
169 413 16
170 908 4
171 851 7
172 436 7
173 743 12
174 607 5
175 1107 8
176 118 13
177 1055 18
178 1133 11
179 66 15
180 834 27
181 364 1
182 79 12
183 538 10
184 1143 25
185 277 5
186 316 2
187 108 14
188 298 14
189 304 16
190 704 14
191 207 14
192 718 31
193 734 20
194 1078 10
195 947 2
196 188 1
197 208 3
198 214 6
199 142 26
200 192 7
201 973 21
202 762 7
203 748 17
204 1156 2
205 888 5
206 1171 17
207 1169 19
208 60 14
209 209 2
210 1015 12
211 903 7
212 109 5
213 123 1
214 502 18
215 476 16
216 409 4
217 783 17
218 793 4
219 47 4
220 231 19
221 1052 5
222 265 22
223 936 5
224 825 20
225 924 13
226 989 6
227 811 15
228 656 13
229 438 7
230 902 6
231 113 9
232 50 8
233 677 6
234 993 7
235 669 8
236 177 18
237 69 5
238 1117 4
239 856 19
240 416 1
241 633 6
242 1057 27
243 154 3
244 864 22
245 746 3
246 1175 15
247 353 6
248 260 10
249 618 5
250 1040 26
251 287 12
252 878 4
253 451 23
254 1076 1
255 927 2
256 457 8
257 172 7
258 809 13
259 661 5
260 764 1
261 1016 19
262 1051 8
263 992 2
264 125 11
265 1017 2
266 1054 14
267 615 24
268 11 23
269 934 6
270 921 14
271 582 11
272 649 3
273 606 3
274 858 10
275 230 12
276 213 7
277 894 14
278 243 6
279 782 5
280 631 4
281 1159 20
282 181 9
283 884 5
284 1003 28
285 1196 3
286 211 12
287 1037 33
288 1084 11
289 1087 7
290 1114 6
291 976 7
292 389 21
293 574 13
294 795 5
295 53 9
296 930 29
297 629 6
298 575 23
299 729 4
300 176 8
301 1148 29
302 335 9
303 510 21
304 826 28
305 579 5
306 115 6
307 998 13
308 963 25
309 937 17
310 1035 25
311 388 1
312 300 24
313 153 5
314 217 1
315 652 13
316 9 26
317 562 10
318 126 21
319 163 6
320 651 13
321 95 6
322 1162 30
323 1090 27
324 272 14
325 98 13
326 519 18
327 468 4
328 935 4
329 358 19
330 621 11
331 929 11
332 288 24
333 508 4
334 430 2
335 303 12
336 481 1
337 236 5
338 158 2
339 909 16
340 439 8
341 978 10
342 8 23
343 655 4
344 808 3
345 194 10
346 672 9
347 778 12
348 742 1
349 135 5
350 323 7
351 1180 7
352 526 11
353 620 14
354 957 11
355 234 16
356 83 3
357 852 6
358 674 5
359 727 5
360 473 5
361 80 13
362 653 13
363 33 24
364 449 3
365 668 13
366 239 3
367 276 11
368 1033 23
369 129 5
370 1073 26
371 495 11
372 12 3
373 933 4
374 828 5
375 75 28
376 659 8
377 56 19
378 499 16
379 636 28
380 308 3
381 273 10
382 1026 12
383 543 18
384 745 10
385 395 8
386 204 10
387 577 4
388 567 7
389 876 1
390 377 7
391 1080 23
392 700 3
393 630 5
394 357 26
395 454 2
396 682 25
397 1188 8
398 452 2
399 666 4
400 953 12
401 836 8
402 29 8
403 662 9
404 1153 16
405 948 4
406 550 19
407 1136 16
408 269 17
409 295 31
410 1182 7
411 54 20
412 171 10
413 141 13
414 1099 22
415 1022 8
416 1113 14
417 182 19
418 229 30
419 1053 7
420 496 37
421 220 14
422 986 15
423 279 7
424 49 7
425 391 22
426 1178 5
427 140 8
428 445 7
429 1147 4
430 1144 8
431 356 26
432 904 12
433 114 2
434 110 2
435 1123 14
436 515 10
437 532 6
438 406 14
439 261 11
440 949 16
441 803 12
442 185 25
443 920 13
444 117 12
445 187 7
446 846 17
447 581 2
448 428 3
449 807 22
450 942 5
451 381 15
452 1149 10
453 619 21
454 232 9
455 706 11
456 489 18
457 578 1
458 712 12
459 259 17
460 13 22
461 274 9
462 408 8
463 663 1
464 278 14
465 801 17
466 324 1
467 749 5
468 758 19
469 996 13
470 818 6
471 346 4
472 379 10
473 895 13
474 611 6
475 150 20
476 1157 7
477 1019 9
478 859 21
479 1135 6
