1200 4742 480

0 25 200
1 50 500
2 100 1200
3 150 2800
4 200 4500
5 250 7000

0 1500
1 1500
2 1000
3 1500
4 1000
5 1000
6 1000
7 2000
8 1000
9 2000
10 1000
11 2000
12 2000
13 1000
14 1000
15 1000
16 500
17 500
18 500
19 2000
20 1500
21 1500
22 1000
23 2000
24 2000
25 2000
26 1000
27 1000
28 1000
29 2000
30 1500
31 1500
32 1000
33 1000
34 2000
35 1000
36 1000
37 1000
38 2000
39 2000
40 1000
41 1000
42 2000
43 2000
44 500
45 1500
46 1500
47 1000
48 1000
49 1000
50 2000
51 2000
52 1000
53 2000
54 2000
55 1500
56 1500
57 1500
58 1500
59 1000
60 2000
61 2000
62 2000
63 1000
64 2000
65 2000
66 2000
67 2000
68 2000
69 2000
70 1000
71 1000
72 1000
73 2000
74 2000
75 1500
76 1500
77 1500
78 1000
79 2000
80 1000
81 1000
82 2000
83 2000
84 2000
85 1000
86 2000
87 1000
88 2000
89 2000
90 1500
91 1000
92 1500
93 1000
94 1500
95 1500
96 2000
97 1000
98 2000
99 1000
100 500
101 500
102 500
103 2000
104 1000
105 1000
106 1000
107 2000
108 500
109 500
110 1000
111 1000
112 2000
113 2000
114 2000
115 2000
116 1000
117 2000
118 2000
119 2000
120 1500
121 1000
122 1500
123 1500
124 1500
125 1500
126 2000
127 500
128 1000
129 1000
130 1000
131 2000
132 1000
133 1000
134 1000
135 1000
136 1000
137 1000
138 2000
139 1000
140 2000
141 1000
142 2000
143 1000
144 2000
145 1000
146 1000
147 2000
148 2000
149 1000
150 1500
151 1500
152 1500
153 1500
154 1500
155 2000
156 1000
157 1000
158 1000
159 2000
160 1000
161 2000
162 2000
163 1000
164 2000
165 2000
166 2000
167 2000
168 1000
169 1000
170 2000
171 2000
172 1000
173 1000
174 1000
175 1000
176 1500
177 1500
178 1500
179 1500
180 1500
181 500
182 500
183 1000
184 2000
185 1000
186 2000
187 2000
188 2000
189 1000
190 2000
191 2000
192 2000
193 1000
194 2000
195 1000
196 2000
197 2000
198 2000
199 1000
200 2000
201 1000
202 2000
203 1000
204 2000
205 1500
206 1500
207 1500
208 1000
209 1500
210 2000
211 1000
212 2000
213 2000
214 2000
215 1000
216 1000
217 2000
218 1000
219 1000
220 1000
221 2000
222 1000
223 1000
224 500
225 2000
226 2000
227 2000
228 1000
229 2000
230 1000
231 1500
232 1000
233 1500
234 1500
235 1500
236 1500
237 500
238 1000
239 2000
240 1000
241 2000
242 1000
243 500
244 500
245 2000
246 1000
247 1000
248 1000
249 2000
250 2000
251 2000
252 1000
253 1000
254 2000
255 1000
256 2000
257 1000
258 2000
259 1000
260 2000
261 1000
262 2000
263 1000
264 2000
265 1500
266 1500
267 1500
268 1500
269 1500
270 1500
271 1500
272 2000
273 1000
274 2000
275 1000
276 1000
277 2000
278 1000
279 2000
280 1000
281 1000
282 2000
283 2000
284 2000
285 2000
286 2000
287 2000
288 1000
289 1000
290 1000
291 1000
292 2000
293 1000
294 2000
295 1000
296 2000
297 1000
298 2000
299 1000
300 1500
301 1500
302 1000
303 2000
304 1000
305 2000
306 1000
307 2000
308 1000
309 2000
310 1500
311 1000
312 1500
313 1500
314 1000
315 2000
316 1000
317 500
318 1000
319 1000
320 2000
321 1000
322 2000
323 2000
324 1000
325 1000
326 1000
327 2000
328 1000
329 2000
330 1500
331 1500
332 1500
333 1500
334 1500
335 1500
336 1500
337 1500
338 2000
339 2000
340 2000
341 1000
342 1000
343 2000
344 1000
345 2000
346 1000
347 2000
348 2000
349 2000
350 2000
351 2000
352 1000
353 1000
354 2000
355 2000
356 2000
357 2000
358 1000
359 2000
360 2000
361 2000
362 2000
363 1000
364 1000
365 1000
366 2000
367 1000
368 1000
369 2000
370 1500
371 1000
372 1500
373 1500
374 1500
375 1000
376 1000
377 1500
378 1500
379 1500
380 1500
381 2000
382 1000
383 2000
384 2000
385 1000
386 500
387 500
388 500
389 500
390 1000
391 2000
392 1000
393 2000
394 1000
395 1000
396 2000
397 1000
398 2000
399 1000
400 1000
401 2000
402 2000
403 500
404 500
405 2000
406 1000
407 2000
408 1000
409 2000
410 1000
411 2000
412 2000
413 1000
414 2000
415 1000
416 1000
417 1000
418 2000
419 2000
420 2000
421 1000
422 2000
423 1000
424 1000
425 1500
426 2000
427 2000
428 1000
429 1000
430 1500
431 1500
432 1500
433 1500
434 2000
435 1000
436 2000
437 2000
438 2000
439 2000
440 1000
441 1000
442 2000
443 2000
444 1000
445 2000
446 2000
447 1000
448 1000
449 2000
450 1500
451 1500
452 1500
453 1500
454 1500
455 1500
456 2000
457 2000
458 1000
459 2000
460 2000
461 1000
462 1000
463 1000
464 2000
465 2000
466 1000
467 1000
468 1000
469 1000
470 2000
471 2000
472 2000
473 2000
474 2000
475 2000
476 2000
477 2000
478 2000
479 1000
480 1500
481 1500
482 2000
483 1000
484 1000
485 2000
486 2000
487 2000
488 1000
489 2000
490 1500
491 1000
492 2000
493 1000
494 2000
495 1500
496 1000
497 1000
498 500
499 500
500 1500
501 1500
502 1000
503 1000
504 1000
505 2000
506 2000
507 2000
508 2000
509 2000
510 1500
511 1500
512 1500
513 1000
514 1000
515 1000
516 1000
517 2000
518 1000
519 2000
520 1000
521 2000
522 2000
523 1000
524 2000
525 1000
526 2000
527 2000
528 2000
529 500
530 1500
531 1500
532 1000
533 1500
534 1500
535 2000
536 1000
537 2000
538 1000
539 2000
540 2000
541 1000
542 1000
543 1000
544 2000
545 500
546 500
547 500
548 500
549 2000
550 1000
551 1000
552 2000
553 1000
554 2000
555 1500
556 1000
557 1000
558 2000
559 2000
560 1500
561 1500
562 1500
563 2000
564 2000
565 2000
566 2000
567 1000
568 1000
569 2000
570 1000
571 2000
572 2000
573 2000
574 1000
575 1500
576 2000
577 2000
578 2000
579 2000
580 1500
581 1500
582 1500
583 1000
584 1000
585 2000
586 2000
587 2000
588 1000
589 2000
590 2000
591 1000
592 1000
593 1000
594 2000
595 1000
596 1500
597 1500
598 1000
599 500
600 500
601 2000
602 2000
603 1000
604 1000
605 1000
606 1000
607 2000
608 2000
609 2000
610 1000
611 2000
612 2000
613 500
614 500
615 1500
616 1000
617 2000
618 2000
619 2000
620 1000
621 1500
622 500
623 500
624 500
625 500
626 1000
627 2000
628 2000
629 1000
630 1000
631 1500
632 1500
633 1500
634 1500
635 1500
636 500
637 500
638 2000
639 1000
640 2000
641 2000
642 2000
643 2000
644 1000
645 1000
646 1000
647 2000
648 2000
649 1000
650 2000
651 2000
652 1000
653 1000
654 2000
655 1000
656 2000
657 1000
658 1000
659 2000
660 1500
661 1500
662 1500
663 1500
664 1000
665 1000
666 1000
667 2000
668 1000
669 2000
670 1000
671 2000
672 1000
673 1000
674 2000
675 2000
676 2000
677 1000
678 1000
679 2000
680 1000
681 1500
682 1500
683 1500
684 500
685 1000
686 1000
687 2000
688 1000
689 2000
690 2000
691 1000
692 1000
693 1000
694 2000
695 1000
696 2000
697 1000
698 1000
699 2000
700 1500
701 2000
702 2000
703 1000
704 2000
705 1500
706 1500
707 1500
708 1500
709 1000
710 2000
711 1000
712 2000
713 2000
714 1000
715 1000
716 2000
717 1000
718 1000
719 1000
720 1000
721 2000
722 1000
723 1000
724 2000
725 1500
726 1500
727 1500
728 1000
729 2000
730 1000
731 2000
732 2000
733 2000
734 1000
735 2000
736 2000
737 1000
738 2000
739 1000
740 1500
741 1500
742 1500
743 2000
744 1000
745 1000
746 2000
747 1000
748 1000
749 2000
750 1000
751 1000
752 1000
753 2000
754 2000
755 1500
756 1500
757 1500
758 1500
759 1500
760 1000
761 1000
762 1000
763 1000
764 1000
765 2000
766 2000
767 2000
768 2000
769 1000
770 2000
771 1000
772 2000
773 2000
774 2000
775 2000
776 1000
777 2000
778 2000
779 2000
780 500
781 500
782 500
783 500
784 500
785 1500
786 2000
787 2000
788 2000
789 1000
790 1000
791 1500
792 1500
793 1500
794 1500
795 1500
796 500
797 2000
798 1000
799 2000
800 2000
801 2000
802 2000
803 1000
804 2000
805 1000
806 1000
807 2000
808 1000
809 2000
810 2000
811 2000
812 2000
813 1000
814 2000
815 2000
816 1000
817 2000
818 1000
819 1000
820 1500
821 1000
822 1500
823 1000
824 2000
825 2000
826 2000
827 2000
828 1000
829 500
830 2000
831 1000
832 2000
833 1000
834 1000
835 1500
836 2000
837 1000
838 2000
839 1000
840 1500
841 1000
842 1000
843 2000
844 2000
845 1500
846 1500
847 1000
848 2000
849 1000
850 2000
851 1000
852 1000
853 1000
854 1000
855 1000
856 2000
857 1000
858 500
859 500
860 1500
861 1500
862 1500
863 1500
864 1500
865 1000
866 2000
867 2000
868 1000
869 1000
870 2000
871 1000
872 1000
873 1000
874 1000
875 1000
876 1000
877 1000
878 2000
879 2000
880 1000
881 2000
882 1000
883 2000
884 1000
885 1500
886 1000
887 1500
888 1500
889 1500
890 2000
891 2000
892 1000
893 500
894 500
895 2000
896 1000
897 1000
898 1000
899 1000
900 2000
901 1000
902 1000
903 2000
904 2000
905 2000
906 2000
907 1000
908 2000
909 2000
910 1500
911 1500
912 1000
913 2000
914 2000
915 2000
916 2000
917 2000
918 2000
919 2000
920 1500
921 2000
922 1000
923 1000
924 2000
925 1500
926 1500
927 1500
928 1500
929 1500
930 1500
931 1000
932 2000
933 1000
934 2000
935 2000
936 2000
937 1000
938 2000
939 1000
940 1000
941 2000
942 1000
943 1000
944 2000
945 1000
946 2000
947 2000
948 2000
949 1000
950 2000
951 1000
952 2000
953 2000
954 1000
955 1500
956 1500
957 1500
958 1500
959 1500
960 1500
961 1500
962 1000
963 1500
964 1000
965 1000
966 1000
967 1000
968 2000
969 1000
970 2000
971 2000
972 2000
973 2000
974 1000
975 1000
976 2000
977 1000
978 2000
979 1000
980 1000
981 2000
982 2000
983 2000
984 1000
985 2000
986 1000
987 1000
988 2000
989 1000
990 1000
991 2000
992 1000
993 1000
994 2000
995 500
996 1000
997 2000
998 2000
999 1000
1000 1000
1001 1500
1002 1500
1003 1500
1004 1000
1005 500
1006 500
1007 500
1008 500
1009 500
1010 2000
1011 1000
1012 2000
1013 1000
1014 1000
1015 2000
1016 1000
1017 1000
1018 2000
1019 1000
1020 1000
1021 1000
1022 1000
1023 2000
1024 500
1025 1500
1026 1000
1027 1500
1028 1500
1029 1500
1030 1500
1031 1000
1032 1000
1033 2000
1034 2000
1035 2000
1036 2000
1037 500
1038 500
1039 2000
1040 1000
1041 2000
1042 1000
1043 2000
1044 2000
1045 2000
1046 1000
1047 2000
1048 1000
1049 1000
1050 2000
1051 2000
1052 2000
1053 1000
1054 2000
1055 1500
1056 1500
1057 1000
1058 1500
1059 2000
1060 2000
1061 2000
1062 1000
1063 1000
1064 1000
1065 1000
1066 2000
1067 500
1068 1000
1069 2000
1070 2000
1071 2000
1072 1000
1073 1000
1074 2000
1075 1500
1076 1500
1077 1000
1078 2000
1079 2000
1080 1000
1081 1000
1082 2000
1083 1000
1084 1000
1085 1000
1086 2000
1087 1000
1088 1000
1089 500
1090 1000
1091 1500
1092 1500
1093 1500
1094 1500
1095 1500
1096 1500
1097 1500
1098 1500
1099 1500
1100 500
1101 500
1102 1000
1103 1000
1104 1000
1105 2000
1106 2000
1107 2000
1108 1000
1109 2000
1110 2000
1111 2000
1112 2000
1113 1000
1114 2000
1115 2000
1116 1000
1117 2000
1118 2000
1119 2000
1120 2000
1121 2000
1122 2000
1123 1000
1124 1000
1125 2000
1126 2000
1127 1000
1128 2000
1129 2000
1130 2000
1131 2000
1132 1000
1133 2000
1134 1000
1135 1000
1136 2000
1137 1000
1138 1000
1139 2000
1140 1500
1141 1500
1142 1500
1143 1000
1144 2000
1145 1000
1146 2000
1147 2000
1148 1000
1149 1000
1150 1000
1151 2000
1152 2000
1153 2000
1154 2000
1155 2000
1156 1000
1157 2000
1158 2000
1159 500
1160 1500
1161 1500
1162 1500
1163 1000
1164 1500
1165 1500
1166 1500
1167 1000
1168 1000
1169 2000
1170 1000
1171 1000
1172 2000
1173 1000
1174 2000
1175 2000
1176 2000
1177 500
1178 1000
1179 2000
1180 2000
1181 2000
1182 2000
1183 2000
1184 1000
1185 1000
1186 2000
1187 1000
1188 2000
1189 2000
1190 2000
1191 2000
1192 1000
1193 2000
1194 2000
1195 1500
1196 2000
1197 2000
1198 2000
1199 2000

0 1 3 3
0 2 49 8
0 3 32 5
0 4 10 9
0 5 33 4
0 6 35 10
0 7 2 3
0 8 20 1
0 9 41 10
0 10 27 10
0 21 1 6
0 76 46 6
0 180 23 9
0 206 42 1
0 208 20 9
0 265 32 9
0 312 37 7
0 332 27 8
0 334 18 8
0 425 35 6
0 431 33 9
0 433 24 6
0 450 5 4
0 481 4 9
0 490 42 1
0 532 41 7
0 575 33 7
0 595 38 4
0 596 10 10
0 621 13 6
0 725 17 7
0 740 2 1
0 742 16 6
0 759 40 9
0 785 44 10
0 793 10 2
0 820 38 8
0 840 48 3
0 864 37 6
0 886 3 4
0 911 8 4
0 926 49 2
0 960 3 7
0 1027 46 3
0 1164 32 2
1 2 1 1
1 3 26 10
1 11 30 10
1 12 48 9
1 13 38 3
1 14 24 7
1 15 37 6
1 31 23 5
1 45 21 1
1 46 39 8
1 76 15 10
1 91 18 3
1 120 26 4
1 121 24 1
1 154 13 5
1 236 35 10
1 490 16 10
1 511 24 10
1 555 1 10
1 561 17 4
1 562 21 2
1 575 17 4
1 615 13 2
1 630 33 2
1 635 43 6
1 663 50 3
1 683 20 9
1 700 34 3
1 708 12 4
1 726 17 10
1 785 12 6
1 794 14 10
1 886 22 7
1 920 19 2
1 1004 12 6
1 1025 10 7
1 1076 42 8
1 1090 45 5
1 1195 34 9
2 3 21 8
2 16 20 1
2 17 2 3
2 18 47 4
2 58 1 10
2 90 9 10
2 152 15 9
2 301 24 4
2 310 12 2
2 377 22 5
2 532 40 5
2 580 7 5
2 615 35 9
2 661 27 7
2 680 17 4
2 708 11 3
2 757 7 6
2 835 36 6
2 847 40 9
2 925 18 1
2 963 15 2
2 1143 31 8
2 1163 37 8
3 19 45 4
3 20 28 1
3 31 17 7
3 176 42 6
3 265 34 4
3 301 38 1
3 377 26 3
3 425 10 5
3 450 6 5
3 481 43 2
3 501 3 1
3 511 50 10
3 555 38 7
3 580 1 10
3 620 5 3
3 700 25 3
3 820 43 2
3 840 44 7
3 846 46 10
3 863 49 10
3 910 11 2
3 920 31 6
3 1004 48 5
3 1056 7 5
3 1058 1 1
3 1077 20 10
3 1099 40 10
3 1140 32 8
3 1195 45 5
20 21 37 5
20 22 34 6
20 23 42 7
20 24 13 10
20 25 5 5
20 31 16 7
20 46 47 3
20 55 35 2
20 56 21 6
20 75 1 10
20 77 30 7
20 95 39 3
20 123 10 5
20 152 40 6
20 178 42 2
20 267 6 10
20 300 15 5
20 311 43 5
20 425 24 10
20 432 42 10
20 433 22 2
20 490 43 3
20 500 45 7
20 513 13 6
20 530 4 8
20 555 14 3
20 561 3 9
20 575 12 8
20 580 24 9
20 581 23 5
20 595 45 9
20 621 46 5
20 660 32 7
20 680 24 6
20 681 34 8
20 706 20 2
20 708 48 1
20 741 30 5
20 756 33 5
20 759 1 4
20 820 42 10
20 821 42 10
20 835 31 10
20 840 32 5
20 845 11 8
20 862 16 8
20 864 35 2
20 886 18 9
20 889 50 8
20 911 42 7
20 920 14 3
20 958 16 5
20 1025 43 5
20 1030 19 8
20 1058 39 3
20 1099 9 3
20 1195 20 8
21 26 28 1
21 27 36 6
21 28 39 7
21 29 33 6
21 30 50 4
21 45 33 10
21 93 9 4
21 125 38 6
21 152 24 5
21 180 11 6
21 206 47 9
21 209 4 2
21 233 43 3
21 235 10 6
21 269 29 10
21 301 48 4
21 313 6 10
21 335 37 6
21 371 15 8
21 380 39 2
21 425 50 4
21 450 40 9
21 455 22 4
21 481 22 8
21 512 45 8
21 534 7 9
21 555 4 4
21 561 12 1
21 575 46 3
21 598 41 6
21 615 5 2
21 620 24 6
21 632 29 4
21 635 14 1
21 661 25 6
21 700 26 3
21 725 33 3
21 727 31 8
21 741 50 6
21 785 15 1
21 794 22 8
21 795 26 6
21 845 12 10
21 911 32 8
21 920 26 5
21 929 39 1
21 930 17 10
21 961 8 8
21 1002 33 10
21 1004 39 1
21 1057 13 1
21 1075 48 10
21 1077 1 5
21 1096 41 3
21 1142 5 7
21 1165 42 6
21 1166 15 2
21 1195 38 7
30 31 36 10
30 32 29 8
30 33 30 8
30 34 6 8
30 35 29 6
30 36 7 1
30 37 42 10
30 38 46 7
30 39 47 10
30 46 19 8
30 76 20 5
30 208 16 5
30 209 12 1
30 301 36 1
30 425 7 5
30 491 37 6
30 513 20 5
30 532 27 10
30 581 10 5
30 598 7 6
30 615 12 2
30 635 48 1
30 681 24 2
30 726 33 6
30 727 10 4
30 740 50 9
30 757 9 5
30 835 10 6
30 847 2 10
30 910 28 3
30 920 10 5
30 957 46 4
30 1029 2 2
30 1075 22 10
30 1076 29 7
31 32 38 10
31 40 17 10
31 41 21 4
31 42 30 8
31 43 31 3
31 46 17 7
31 57 7 8
31 75 24 6
31 92 30 10
31 93 22 4
31 152 37 9
31 154 14 8
31 175 39 5
31 178 38 3
31 233 16 8
31 235 29 8
31 270 8 9
31 301 2 10
31 311 20 4
31 330 1 6
31 333 23 6
31 380 22 7
31 430 6 6
31 433 30 4
31 452 38 7
31 481 14 3
31 501 36 4
31 512 28 10
31 534 48 2
31 555 46 1
31 560 48 5
31 581 47 10
31 615 37 2
31 621 18 9
31 660 48 3
31 663 17 3
31 700 18 6
31 708 20 8
31 759 18 4
31 795 41 8
31 840 16 5
31 863 26 10
31 886 35 7
31 889 8 1
31 910 46 5
31 920 44 7
31 926 20 7
31 962 50 6
31 1003 39 2
31 1004 42 6
31 1056 50 7
31 1057 21 1
31 1096 47 2
31 1098 37 7
31 1140 10 3
31 1143 37 9
32 44 18 7
32 58 16 2
32 123 23 4
32 124 6 1
32 270 38 4
32 312 13 9
32 373 35 4
32 425 31 9
32 451 48 10
32 491 26 8
32 501 8 10
32 560 16 9
32 575 17 5
32 597 6 7
32 682 11 7
32 700 16 5
32 706 30 9
32 742 46 10
32 785 36 4
32 794 18 6
32 821 11 1
32 822 21 4
32 835 11 10
32 847 35 2
32 927 36 1
32 1027 48 7
32 1160 28 7
32 1161 36 5
32 1195 10 5
45 46 31 2
45 47 37 6
45 48 49 8
45 49 49 3
45 50 20 1
45 51 22 2
45 56 10 3
45 76 9 6
45 153 31 6
45 175 9 3
45 180 35 6
45 231 49 8
45 265 43 10
45 330 42 10
45 331 18 4
45 378 17 3
45 431 40 1
45 450 39 6
45 451 10 8
45 490 9 1
45 491 28 2
45 533 45 2
45 555 48 4
45 560 30 10
45 596 22 1
45 615 35 4
45 631 37 9
45 635 34 8
45 683 27 7
45 700 5 10
45 727 47 9
45 759 29 7
45 785 22 9
45 840 49 2
45 846 20 7
45 886 25 5
45 911 40 6
45 920 39 8
45 927 15 7
45 956 19 1
45 1058 20 3
45 1075 39 5
45 1099 28 8
45 1143 25 10
45 1163 35 2
46 52 20 3
46 53 46 10
46 54 29 9
46 93 30 8
46 95 46 9
46 121 37 9
46 122 5 9
46 153 39 7
46 206 10 6
46 207 29 2
46 235 29 2
46 271 13 2
46 300 18 3
46 301 1 6
46 310 19 10
46 311 3 7
46 374 18 9
46 425 40 4
46 431 46 8
46 480 27 5
46 481 4 3
46 500 13 5
46 501 1 7
46 510 17 6
46 512 18 2
46 533 22 6
46 560 36 8
46 575 40 3
46 580 46 4
46 581 26 2
46 596 9 5
46 615 8 6
46 620 37 1
46 621 1 3
46 660 48 6
46 663 35 9
46 700 9 5
46 705 16 10
46 706 32 3
46 726 33 1
46 740 23 6
46 741 19 10
46 755 13 2
46 785 21 6
46 794 34 3
46 795 37 7
46 822 21 1
46 835 8 9
46 840 47 3
46 847 15 2
46 860 10 3
46 862 2 8
46 887 19 10
46 911 47 3
46 930 35 8
46 961 6 6
46 1002 23 1
46 1028 36 6
46 1029 14 6
46 1056 46 5
46 1076 5 3
46 1090 24 1
46 1143 24 6
46 1161 43 8
46 1195 6 4
55 56 10 3
55 57 42 8
55 58 31 10
55 59 19 3
55 60 46 8
55 61 2 1
55 62 41 2
55 63 18 4
55 76 47 6
55 91 38 5
55 125 45 6
55 271 1 7
55 301 16 10
55 333 42 2
55 373 32 1
55 376 22 4
55 425 11 7
55 431 4 4
55 580 49 6
55 615 9 9
55 633 22 7
55 660 2 6
55 700 41 8
55 706 30 2
55 790 35 6
55 835 20 6
55 845 1 1
55 886 12 7
55 910 45 9
55 928 9 1
55 960 5 8
55 1003 11 8
55 1028 37 10
55 1055 49 7
55 1077 28 9
55 1099 31 8
56 57 43 9
56 58 10 10
56 64 35 3
56 65 50 1
56 76 11 1
56 152 1 7
56 176 20 3
56 269 50 4
56 301 17 1
56 330 42 1
56 453 7 3
56 491 5 10
56 512 40 1
56 513 25 6
56 534 11 7
56 615 26 8
56 681 48 2
56 683 12 9
56 700 18 5
56 726 26 3
56 759 7 6
56 860 42 1
56 1058 11 1
56 1076 36 3
56 1140 1 1
56 1142 22 1
56 1195 22 4
57 58 29 4
57 66 36 3
57 67 6 6
57 68 16 3
57 69 30 2
57 70 29 1
57 71 19 1
57 313 12 9
57 454 16 5
57 480 43 3
57 501 10 1
57 533 6 9
57 555 29 10
57 560 22 2
57 595 36 4
57 620 49 7
57 708 37 8
57 727 18 10
57 785 16 6
57 821 39 9
57 840 44 1
57 845 21 8
57 920 6 1
57 1029 18 3
57 1095 50 7
57 1160 18 10
57 1162 7 3
58 72 10 5
58 73 49 4
58 74 23 2
58 91 46 8
58 120 17 2
58 178 34 2
58 207 49 6
58 209 14 1
58 232 11 4
58 233 48 6
58 312 11 2
58 425 32 8
58 433 48 8
58 481 46 8
58 491 29 1
58 501 35 8
58 555 24 3
58 561 47 6
58 575 35 2
58 580 22 5
58 597 28 7
58 620 37 7
58 631 45 2
58 661 50 8
58 741 42 3
58 758 29 6
58 785 27 9
58 795 41 4
58 821 7 4
58 835 8 3
58 840 21 8
58 863 44 3
58 888 11 10
58 910 12 3
58 920 41 9
58 929 50 10
58 962 12 7
75 76 1 5
75 77 14 7
75 78 10 4
75 79 22 2
75 152 42 2
75 175 28 9
75 206 1 7
75 312 22 10
75 376 25 10
75 425 35 10
75 432 16 7
75 481 22 9
75 512 33 3
75 530 44 4
75 555 33 4
75 580 45 5
75 582 17 2
75 634 36 6
75 662 26 3
75 700 15 5
75 725 47 7
75 726 30 3
75 741 7 4
75 742 8 5
75 785 32 7
75 840 50 6
75 860 21 9
75 928 36 8
75 959 6 1
75 1142 47 4
75 1143 25 8
76 77 45 5
76 80 24 2
76 81 28 7
76 82 14 5
76 83 4 10
76 84 25 3
76 93 39 8
76 121 6 10
76 124 41 9
76 180 41 6
76 236 22 7
76 312 31 8
76 330 34 2
76 373 28 8
76 454 45 1
76 481 32 4
76 491 40 10
76 500 17 1
76 575 15 1
76 597 2 7
76 615 25 4
76 630 22 2
76 660 36 5
76 682 31 9
76 700 32 6
76 707 21 1
76 759 43 5
76 793 7 9
76 820 25 9
76 835 39 7
76 847 30 5
76 888 6 7
76 910 48 10
76 920 16 10
76 929 26 7
76 962 11 10
76 1004 8 10
76 1030 42 9
76 1057 31 9
76 1076 15 3
76 1099 40 10
76 1195 12 2
77 85 39 1
77 86 19 4
77 87 24 9
77 88 1 3
77 89 1 6
77 94 50 2
77 153 6 1
77 208 16 10
77 267 11 8
77 268 35 7
77 300 7 9
77 301 48 1
77 330 35 8
77 431 8 3
77 451 50 2
77 490 42 3
77 512 37 6
77 533 8 9
77 561 30 5
77 562 22 9
77 575 44 6
77 595 14 5
77 615 46 3
77 621 5 9
77 682 7 4
77 760 21 6
77 785 4 4
77 793 4 7
77 840 48 7
77 863 16 10
77 889 35 6
77 910 4 3
77 920 21 1
77 1002 11 10
77 1028 33 8
77 1055 17 1
77 1162 2 6
77 1164 10 10
77 1195 13 6
90 91 47 7
90 92 9 2
90 93 32 8
90 94 29 3
90 95 32 2
90 96 37 9
90 97 3 7
90 98 29 7
90 99 26 8
90 120 10 6
90 153 19 7
90 301 39 4
90 481 20 8
90 532 36 8
90 581 25 7
90 615 27 4
90 660 23 9
90 683 12 2
90 742 2 5
90 785 7 8
90 790 37 6
90 840 44 6
90 846 27 10
90 1003 16 6
90 1057 49 6
90 1058 45 1
90 1076 29 10
90 1091 9 1
90 1195 44 2
91 92 28 1
91 93 5 9
91 94 43 2
91 95 35 9
91 100 33 3
91 101 27 3
91 102 20 2
91 208 5 8
91 425 42 7
91 430 37 3
91 451 40 2
91 562 17 7
91 575 19 9
91 581 43 5
91 633 30 5
91 680 35 3
91 700 20 5
91 708 6 3
91 785 29 5
91 821 21 1
91 835 2 9
91 840 42 4
91 846 8 9
91 863 21 9
91 885 15 10
91 888 12 7
91 911 39 6
91 1025 33 4
91 1143 33 3
92 93 20 4
92 94 11 9
92 95 44 10
92 103 2 4
92 104 27 10
92 105 4 5
92 106 16 9
92 107 8 1
92 207 45 3
92 230 21 5
92 267 9 2
92 313 4 7
92 491 9 4
92 500 44 8
92 501 28 7
92 511 45 9
92 530 12 2
92 555 5 7
92 561 2 3
92 708 38 10
92 863 8 1
92 920 8 3
92 1093 46 6
93 94 13 8
93 95 9 8
93 108 7 1
93 109 14 9
93 234 35 9
93 269 5 1
93 300 24 3
93 312 36 8
93 332 17 3
93 373 2 5
93 431 27 2
93 481 28 5
93 511 37 6
93 555 40 4
93 575 25 9
93 596 21 10
93 727 35 5
93 835 5 7
93 925 7 6
93 926 16 9
93 960 15 3
93 1000 31 10
93 1164 7 10
94 95 12 10
94 110 24 5
94 111 3 6
94 112 7 10
94 113 7 5
94 114 48 6
94 115 16 2
94 116 27 4
94 124 11 7
94 152 45 3
94 178 15 2
94 180 3 6
94 337 10 9
94 375 29 8
94 621 24 10
94 726 32 5
94 740 41 6
94 757 21 6
94 920 20 10
94 960 14 8
94 1143 5 8
94 1195 8 2
95 117 29 6
95 118 22 5
95 119 41 3
95 425 2 9
95 453 31 10
95 490 3 7
95 598 21 6
95 615 35 4
95 620 34 2
95 630 43 3
95 661 14 3
95 700 24 6
95 756 27 2
95 794 41 5
95 820 29 6
95 911 11 1
95 1026 32 5
120 121 11 5
120 122 20 10
120 123 3 5
120 124 6 7
120 125 41 10
120 126 33 3
120 153 29 3
120 176 17 6
120 301 10 2
120 335 40 5
120 425 15 10
120 450 36 7
120 490 21 8
120 491 2 10
120 580 37 4
120 682 5 4
120 742 45 9
120 790 21 1
120 820 19 10
120 846 15 2
120 959 46 7
120 1055 21 2
120 1076 29 5
120 1099 22 6
120 1165 37 3
120 1195 4 4
121 122 42 9
121 123 15 4
121 124 48 10
121 125 37 7
121 127 38 6
121 265 44 2
121 268 15 7
121 300 8 8
121 513 23 1
121 575 26 5
121 597 26 2
121 620 47 9
121 758 12 2
121 759 34 2
121 1001 24 3
121 1077 28 6
121 1141 25 4
121 1164 21 1
122 123 11 6
122 124 10 5
122 125 26 2
122 128 32 5
122 129 19 3
122 130 32 1
122 131 41 10
122 132 37 9
122 133 38 8
122 152 25 5
122 175 44 2
122 209 23 6
122 452 1 3
122 501 45 5
122 581 18 1
122 661 31 9
122 662 23 5
122 726 19 2
122 727 40 5
122 740 17 10
122 791 10 10
122 845 25 6
122 860 2 6
122 920 16 1
122 1099 2 3
123 124 41 9
123 125 36 10
123 134 13 9
123 135 7 10
123 136 43 10
123 137 45 3
123 138 9 7
123 139 31 4
123 232 45 10
123 430 17 1
123 532 7 8
123 555 35 8
123 562 49 2
123 595 12 2
123 615 43 2
123 634 5 7
123 835 25 3
123 840 36 6
123 910 8 1
123 920 28 5
123 929 17 2
123 1001 22 4
123 1030 11 3
123 1195 38 7
124 125 18 5
124 140 8 8
124 141 44 4
124 142 11 9
124 209 17 4
124 337 48 3
124 430 46 4
124 480 43 1
124 481 30 2
124 560 10 5
124 575 33 3
124 615 48 7
124 700 35 9
124 835 17 7
124 863 30 3
124 885 17 1
124 886 9 6
124 960 6 3
125 143 37 1
125 144 4 7
125 145 27 4
125 146 35 10
125 147 13 6
125 148 25 1
125 149 27 6
125 233 15 5
125 313 43 5
125 376 1 9
125 378 18 3
125 425 30 7
125 510 39 7
125 530 18 9
125 555 22 10
125 620 21 6
125 631 20 4
125 682 38 4
125 700 41 10
125 705 35 10
125 707 40 9
125 785 7 3
125 820 27 1
125 840 42 2
125 910 35 10
125 928 46 5
125 1029 33 9
125 1143 31 5
150 151 9 9
150 152 14 6
150 153 50 6
150 154 25 3
150 155 25 5
150 156 47 10
150 157 30 10
150 158 23 10
150 208 42 2
150 231 16 7
150 312 44 3
150 425 16 6
150 501 23 9
150 510 15 5
150 533 1 10
150 621 6 10
150 630 13 2
150 634 3 3
150 680 41 4
150 700 26 2
150 726 12 7
150 785 5 6
150 795 28 2
150 835 11 10
150 840 23 2
150 886 17 1
150 927 41 10
150 1027 4 6
150 1028 34 8
150 1075 42 4
150 1098 27 1
150 1140 30 9
150 1165 29 4
151 152 50 2
151 153 16 7
151 154 10 2
151 159 33 7
151 160 29 1
151 161 8 2
151 162 24 3
151 163 39 4
151 232 13 9
151 269 29 1
151 313 22 3
151 330 29 7
151 371 32 1
151 378 37 1
151 481 49 8
151 510 20 1
151 534 22 7
151 555 15 8
151 575 18 1
151 615 3 10
151 621 12 8
151 758 1 4
151 821 47 4
151 840 27 9
151 862 6 2
151 863 43 4
151 926 34 4
151 1057 20 3
151 1094 24 5
152 153 37 2
152 154 5 1
152 164 2 8
152 165 48 6
152 208 50 9
152 301 18 3
152 451 4 5
152 490 3 8
152 491 36 2
152 560 24 8
152 595 5 3
152 700 20 7
152 705 37 9
152 741 22 7
152 742 9 5
152 756 4 7
152 790 2 1
152 822 12 9
152 846 3 6
152 847 42 9
152 889 24 1
152 962 37 5
152 1003 48 6
152 1055 47 6
152 1195 19 3
153 154 48 7
153 166 3 6
153 167 50 2
153 168 40 3
153 169 16 5
153 170 1 10
153 178 4 3
153 300 29 8
153 336 13 9
153 425 33 7
153 433 9 3
153 450 6 4
153 562 45 8
153 581 20 9
153 615 20 9
153 682 18 10
153 707 20 9
153 785 23 9
153 911 25 9
153 920 14 10
153 962 3 2
153 1002 50 4
153 1143 43 2
153 1195 23 2
154 171 45 7
154 172 19 3
154 173 27 8
154 174 19 9
154 178 31 3
154 268 37 2
154 501 11 2
154 598 25 10
154 662 8 9
154 663 26 10
154 726 18 8
154 835 29 2
154 911 34 6
154 920 1 3
154 1166 45 10
175 176 20 10
175 177 17 10
175 178 22 2
175 179 46 6
175 180 29 7
175 181 15 8
175 182 32 1
175 206 45 4
175 330 15 10
175 425 1 9
175 491 31 10
175 501 42 9
175 512 41 9
175 534 49 4
175 555 34 6
175 575 13 2
175 740 6 10
175 759 26 6
175 840 33 3
175 862 25 6
175 920 9 6
175 1002 23 5
175 1161 47 2
175 1195 11 6
176 177 2 4
176 178 36 2
176 179 38 1
176 180 47 4
176 183 11 2
176 184 31 5
176 185 28 3
176 186 26 2
176 187 45 10
176 188 6 9
176 189 6 9
176 268 4 5
176 313 48 10
176 335 11 1
176 377 23 7
176 491 13 8
176 575 7 8
176 580 28 3
176 597 22 6
176 634 32 1
176 660 29 6
176 785 46 2
176 885 39 8
176 887 27 5
176 1027 32 5
177 178 6 7
177 179 33 6
177 180 27 7
177 190 2 10
177 191 25 2
177 271 18 10
177 301 40 10
177 480 32 9
177 500 13 2
177 560 50 5
177 633 40 4
177 794 29 7
177 822 43 6
177 861 3 5
177 1056 23 2
177 1077 26 5
177 1141 34 9
178 179 49 1
178 180 4 7
178 192 13 4
178 193 38 2
178 194 11 2
178 195 50 6
178 196 17 6
178 209 43 1
178 425 10 1
178 480 25 5
178 615 24 6
178 680 6 9
178 700 45 7
178 705 48 3
178 725 39 8
178 727 39 8
178 741 49 4
178 793 16 9
178 835 11 8
178 840 23 7
178 847 31 10
178 926 15 10
178 956 16 2
178 1025 3 9
178 1098 45 9
178 1142 44 1
178 1195 3 7
179 180 34 6
179 197 7 2
179 198 27 7
179 199 24 4
179 236 24 4
179 301 10 8
179 373 11 10
179 430 1 2
179 511 2 4
179 533 37 1
179 580 32 6
179 595 10 8
179 681 38 3
179 759 20 3
179 785 12 1
179 820 12 6
179 845 20 3
179 910 10 10
179 926 36 10
179 1058 32 7
179 1077 49 10
179 1095 36 7
179 1161 35 6
180 200 16 3
180 201 22 8
180 202 30 4
180 203 50 5
180 204 21 6
180 232 15 3
180 311 29 10
180 431 34 4
180 453 25 7
180 455 3 1
180 615 34 6
180 621 23 2
180 661 46 1
180 700 35 2
180 706 19 5
180 910 38 8
180 920 35 5
180 957 40 2
180 1001 21 10
205 206 1 3
205 207 3 9
205 208 24 7
205 209 23 2
205 210 27 7
205 211 45 2
205 212 46 8
205 234 11 3
205 265 9 5
205 432 31 7
205 453 19 2
205 490 38 8
205 500 17 2
205 631 28 4
205 661 42 8
205 683 21 4
205 706 25 1
205 727 3 6
205 740 31 2
205 795 24 4
205 835 32 4
205 845 32 2
205 910 21 3
205 920 22 2
205 929 31 3
205 962 7 4
205 1000 9 7
205 1056 17 10
205 1141 3 1
205 1161 28 1
206 207 12 8
206 208 12 7
206 209 26 1
206 213 24 8
206 214 42 10
206 215 45 8
206 216 40 4
206 232 19 3
206 310 13 10
206 371 10 8
206 480 44 6
206 575 42 8
206 615 23 3
206 620 30 1
206 663 19 4
206 700 36 3
206 759 40 7
206 785 26 9
206 790 15 7
206 821 7 2
206 835 25 3
206 889 37 1
206 920 12 5
206 963 40 4
206 1076 15 5
206 1195 44 7
207 208 46 7
207 209 43 1
207 217 47 4
207 218 35 4
207 219 4 3
207 220 48 3
207 221 38 9
207 222 29 7
207 223 7 5
207 313 7 10
207 425 41 2
207 432 9 8
207 490 24 6
207 510 49 2
207 530 43 2
207 575 23 10
207 581 13 7
207 595 26 10
207 615 37 9
207 620 4 4
207 725 30 9
207 741 11 5
207 860 8 4
207 911 35 10
207 930 46 9
207 1056 47 10
207 1093 20 3
207 1140 37 6
208 209 41 8
208 224 46 9
208 335 39 3
208 452 38 4
208 480 34 1
208 500 47 9
208 555 7 2
208 562 11 9
208 581 11 2
208 683 45 9
208 700 48 7
208 759 9 6
208 820 37 5
208 840 6 8
208 845 35 10
208 860 4 9
208 1093 42 10
209 225 25 7
209 226 35 5
209 227 30 8
209 228 46 8
209 229 7 1
209 269 26 5
209 301 17 6
209 330 13 7
209 370 35 10
209 534 47 7
209 562 5 9
209 633 45 9
209 707 8 7
209 840 46 1
209 886 46 5
209 1000 47 9
209 1027 11 10
209 1029 38 1
209 1076 20 6
209 1163 36 4
230 231 22 4
230 232 16 8
230 233 39 8
230 234 45 1
230 235 26 8
230 236 23 7
230 237 45 10
230 311 41 1
230 378 38 3
230 560 32 9
230 581 47 6
230 708 23 7
230 785 12 9
230 861 7 7
230 911 27 2
230 920 4 8
230 1142 26 3
231 232 25 4
231 233 42 1
231 234 37 5
231 235 1 3
231 236 45 8
231 238 37 3
231 239 6 5
231 240 28 7
231 241 26 6
231 242 20 1
231 313 12 5
231 337 47 9
231 501 34 8
231 595 8 2
231 615 30 6
231 682 44 2
231 700 30 6
231 705 21 10
231 785 40 8
231 930 20 2
231 1090 30 2
232 233 10 6
232 234 36 4
232 235 29 1
232 236 11 5
232 243 31 9
232 244 33 5
232 431 28 1
232 433 12 3
232 481 18 2
232 511 32 7
232 621 11 1
232 760 12 9
232 845 44 3
232 957 33 10
232 1077 46 8
232 1195 38 7
233 234 50 8
233 235 44 10
233 236 10 5
233 245 26 5
233 246 43 3
233 247 36 9
233 248 43 1
233 249 30 5
233 300 23 1
233 335 29 9
233 453 41 8
233 500 39 6
233 595 30 3
233 661 35 10
233 663 13 7
233 726 41 6
233 742 2 1
233 795 25 4
233 822 15 9
233 840 2 3
233 1028 44 9
233 1075 50 8
233 1160 25 7
234 235 3 6
234 236 13 4
234 250 41 2
234 251 39 6
234 252 23 5
234 253 6 9
234 254 21 10
234 255 15 1
234 256 7 1
234 269 10 2
234 301 13 7
234 371 18 9
234 490 21 6
234 555 7 10
234 560 20 7
234 575 7 5
234 615 11 4
234 631 20 10
234 683 8 4
234 725 38 7
234 741 46 5
234 757 40 7
234 792 45 9
234 835 47 8
234 885 35 1
234 888 40 3
234 962 49 10
234 1001 48 2
234 1056 26 2
234 1163 46 10
235 236 48 2
235 257 14 8
235 258 12 7
235 259 23 6
235 260 25 8
235 261 16 1
235 262 23 8
235 263 4 1
235 425 19 1
235 481 1 6
235 512 16 1
235 530 13 8
235 621 41 3
235 840 33 6
235 926 16 8
235 1003 30 2
236 264 37 3
236 270 24 10
236 425 9 8
236 452 33 4
236 490 35 7
236 555 25 10
236 575 15 2
236 580 4 6
236 630 9 5
236 700 36 1
236 822 14 3
236 846 47 1
236 864 38 10
236 911 44 9
236 920 17 8
236 1026 10 7
236 1056 43 1
236 1094 41 2
236 1140 9 7
236 1195 26 8
265 266 28 10
265 267 32 6
265 268 2 10
265 269 38 9
265 270 10 5
265 271 12 8
265 272 20 8
265 273 21 3
265 274 5 8
265 275 3 4
265 276 35 7
265 277 50 1
265 313 3 9
265 481 4 10
265 706 8 8
265 707 27 7
265 726 35 10
265 759 19 3
265 820 22 3
265 846 24 6
265 862 24 2
265 1058 3 5
266 267 29 5
266 268 30 1
266 269 36 9
266 270 50 7
266 271 7 10
266 278 35 8
266 279 47 7
266 375 36 1
266 425 6 9
266 431 10 6
266 491 44 3
266 596 29 8
266 794 9 2
266 840 36 6
266 962 15 10
266 1028 50 6
266 1075 22 4
267 268 24 8
267 269 1 10
267 270 2 2
267 271 9 6
267 280 30 6
267 281 39 8
267 282 40 7
267 283 6 6
267 284 36 7
267 301 1 2
267 313 27 5
267 425 8 8
267 490 25 7
267 512 13 5
267 533 46 8
267 561 47 4
267 635 49 4
267 681 49 6
267 785 37 7
267 835 37 4
267 889 22 7
267 929 30 5
267 1058 12 1
267 1141 41 7
267 1166 37 9
267 1195 14 6
268 269 37 5
268 270 27 5
268 271 32 8
268 285 43 3
268 300 38 9
268 450 18 1
268 455 19 1
268 510 32 4
268 555 48 10
268 560 3 10
268 575 49 5
268 596 12 10
268 615 39 6
268 700 28 9
268 794 3 4
268 820 31 8
268 911 49 10
268 1095 25 9
268 1162 20 8
268 1195 20 4
269 270 5 3
269 271 44 6
269 286 25 3
269 287 49 4
269 288 47 2
269 289 18 6
269 290 17 4
269 430 28 10
269 500 50 10
269 501 14 3
269 580 35 5
269 663 24 2
269 683 39 1
269 727 19 2
269 785 3 8
269 925 33 8
270 271 20 1
270 291 28 4
270 292 44 5
270 293 29 10
270 372 46 10
270 581 19 1
270 620 12 1
270 633 19 6
270 661 8 3
270 741 49 4
270 835 39 3
270 846 5 4
270 888 12 1
270 911 24 8
270 920 2 2
270 1143 48 4
271 294 29 10
271 295 28 7
271 296 14 2
271 297 15 7
271 298 41 1
271 299 1 10
271 332 44 4
271 337 22 6
271 532 34 8
271 621 37 2
271 700 24 5
271 742 32 4
271 755 24 10
271 840 18 6
271 864 41 8
271 957 11 8
271 1000 43 3
271 1003 21 1
271 1027 47 1
271 1075 5 6
271 1099 46 7
300 301 50 9
300 302 28 1
300 303 3 6
300 304 17 1
300 310 6 3
300 330 2 3
300 334 42 10
300 378 32 7
300 425 11 10
300 455 3 4
300 481 49 8
300 491 5 3
300 500 32 8
300 510 5 1
300 511 35 9
300 530 19 7
300 533 38 2
300 555 41 9
300 560 47 6
300 575 48 1
300 581 22 4
300 582 29 9
300 596 29 8
300 662 9 6
300 707 15 5
300 727 31 6
300 740 13 4
300 760 9 7
300 820 41 4
300 821 20 1
300 840 29 7
300 847 7 3
300 864 39 5
300 910 16 2
300 920 47 10
300 926 4 6
300 1026 7 10
300 1055 14 3
300 1075 22 1
300 1094 18 8
300 1163 28 3
300 1195 23 4
301 305 29 10
301 306 34 9
301 307 21 4
301 308 39 3
301 309 23 8
301 312 31 9
301 378 9 1
301 431 44 3
301 450 19 8
301 480 10 9
301 490 43 6
301 555 43 8
301 575 28 7
301 595 10 3
301 615 40 2
301 621 50 3
301 630 21 8
301 634 3 4
301 680 2 6
301 683 49 3
301 700 32 6
301 706 49 10
301 726 23 8
301 742 9 8
301 757 21 9
301 785 29 8
301 790 11 2
301 791 32 6
301 835 24 10
301 840 50 6
301 845 21 1
301 861 35 1
301 886 34 3
301 887 46 10
301 911 49 3
301 920 36 8
301 928 33 9
301 959 4 1
301 962 29 8
301 1001 14 1
301 1002 37 10
301 1030 22 9
301 1057 9 9
301 1077 1 9
301 1140 34 5
301 1141 21 5
301 1166 11 10
301 1195 18 5
310 311 48 9
310 312 19 10
310 313 27 9
310 314 1 4
310 315 40 5
310 316 34 4
310 376 17 10
310 425 25 3
310 431 27 8
310 433 27 7
310 451 39 3
310 562 49 7
310 575 20 8
310 581 43 8
310 615 39 3
310 620 40 3
310 635 4 8
310 725 16 2
310 742 26 5
310 759 21 3
310 840 14 2
310 920 49 8
310 930 20 1
310 1057 11 5
310 1098 2 9
310 1142 44 5
311 312 3 10
311 313 36 6
311 317 16 5
311 374 2 10
311 454 42 2
311 491 33 8
311 510 27 4
311 555 27 7
311 580 17 8
311 615 8 6
311 661 39 9
311 681 38 1
311 700 3 2
311 726 15 9
311 742 13 9
311 791 25 1
311 822 50 5
311 861 10 6
311 886 43 9
311 1003 17 9
311 1004 33 8
311 1058 8 4
311 1075 20 8
311 1076 4 6
312 313 20 6
312 318 31 3
312 319 1 2
312 320 38 1
312 321 7 8
312 331 1 9
312 481 37 7
312 501 35 5
312 530 15 8
312 596 5 4
312 597 33 10
312 620 32 1
312 700 13 7
312 707 50 9
312 756 7 6
312 835 2 6
312 862 50 10
312 889 31 3
312 911 16 3
312 920 24 4
312 930 15 4
312 962 30 5
312 1025 18 3
312 1142 14 10
312 1165 2 2
312 1195 50 3
313 322 45 8
313 323 38 9
313 324 31 10
313 325 41 6
313 326 4 10
313 327 50 6
313 328 24 1
313 329 45 7
313 333 19 7
313 425 20 5
313 481 42 10
313 490 27 4
313 501 38 8
313 510 47 4
313 533 23 5
313 555 3 1
313 575 9 5
313 631 34 7
313 663 49 1
313 682 24 10
313 706 9 2
313 785 43 8
313 794 8 1
313 820 19 1
313 835 24 7
313 840 3 6
313 845 14 5
313 846 22 8
313 910 7 9
313 957 28 8
313 1029 2 2
313 1090 40 1
313 1162 6 3
313 1195 27 8
330 331 31 7
330 332 12 3
330 333 41 10
330 334 49 5
330 335 47 5
330 336 49 1
330 337 14 9
330 338 47 10
330 339 9 4
330 340 15 4
330 341 44 9
330 342 27 1
330 343 9 10
330 532 13 8
330 575 8 7
330 706 5 4
330 835 6 7
330 840 34 10
330 889 10 2
330 925 25 5
330 1077 36 4
331 332 24 7
331 333 14 10
331 334 5 9
331 335 50 7
331 336 43 10
331 337 29 3
331 344 17 10
331 345 11 10
331 346 16 5
331 347 48 9
331 348 48 3
331 349 8 4
331 350 14 2
331 433 26 9
331 500 34 10
331 582 6 2
331 700 32 2
331 835 41 6
331 840 46 8
331 860 49 9
331 863 24 2
331 961 6 8
331 1002 22 4
331 1003 28 5
332 333 33 5
332 334 6 6
332 335 18 5
332 336 27 4
332 337 50 5
332 351 7 2
332 352 43 6
332 353 45 6
332 430 16 5
332 620 25 1
332 630 1 7
332 633 34 1
332 663 38 5
332 682 16 7
332 791 25 3
332 821 12 2
332 846 3 8
332 911 48 6
332 920 14 7
332 1058 22 3
333 334 29 8
333 335 12 8
333 336 39 8
333 337 2 8
333 354 22 8
333 378 25 7
333 491 45 8
333 615 7 5
333 1055 25 8
333 1140 10 7
334 335 29 1
334 336 24 2
334 337 31 3
334 355 46 8
334 356 8 2
334 357 49 4
334 358 37 3
334 359 22 5
334 450 31 4
334 480 3 3
334 512 37 9
334 533 10 2
334 620 44 1
334 707 37 4
334 742 32 1
334 758 34 7
334 759 45 7
334 785 7 3
334 794 21 5
334 1075 40 9
334 1090 28 7
334 1195 6 6
335 336 29 6
335 337 24 4
335 360 50 9
335 361 3 2
335 362 27 6
335 363 32 2
335 374 11 1
335 425 17 6
335 454 19 4
335 490 9 2
335 615 49 8
335 662 25 6
335 726 2 2
335 741 2 5
335 847 18 10
336 337 46 3
336 364 39 8
336 365 11 4
336 366 36 3
336 425 41 7
336 480 50 10
336 561 21 7
336 582 8 10
336 595 37 1
336 681 25 3
336 700 19 10
336 725 36 4
336 821 30 1
336 887 14 6
336 1025 29 2
336 1096 19 8
336 1166 17 8
337 367 38 3
337 368 19 5
337 369 6 1
337 501 39 8
337 510 44 10
337 555 49 1
337 560 43 5
337 575 34 8
337 597 26 1
337 785 23 2
337 928 48 8
337 961 4 10
337 1028 11 9
337 1164 46 3
337 1195 6 5
370 371 26 5
370 372 17 8
370 373 26 9
370 374 46 5
370 375 44 3
370 376 49 5
370 377 3 10
370 378 49 8
370 379 37 9
370 380 27 1
370 381 32 1
370 382 28 6
370 383 26 6
370 384 31 7
370 385 8 7
370 555 36 2
370 575 12 7
370 911 34 9
370 926 43 4
370 1142 3 7
371 372 33 3
371 373 43 8
371 374 13 1
371 375 29 3
371 376 9 6
371 377 31 5
371 378 18 1
371 379 18 7
371 380 5 4
371 386 32 10
371 387 26 10
371 388 9 7
371 389 18 4
371 433 13 3
371 491 14 6
371 821 49 4
371 1000 48 5
372 373 3 2
372 374 7 9
372 375 12 8
372 376 20 9
372 377 9 6
372 378 5 5
372 379 34 8
372 380 15 9
372 390 39 8
372 391 10 6
372 392 2 2
372 393 24 5
372 394 40 6
372 395 41 4
372 490 39 3
372 512 49 3
372 555 12 8
372 615 36 8
372 631 47 3
372 785 33 9
372 793 23 3
372 847 9 5
372 1095 22 2
373 374 42 1
373 375 45 5
373 376 18 6
373 377 35 3
373 378 9 9
373 379 45 6
373 380 26 2
373 396 3 1
373 397 11 9
373 615 46 3
373 621 47 1
373 680 18 4
373 726 12 10
373 785 49 2
373 920 24 9
373 927 31 4
373 1002 6 10
373 1094 17 1
374 375 3 1
374 376 26 4
374 377 33 3
374 378 28 8
374 379 49 5
374 380 44 2
374 398 7 5
374 399 30 9
374 400 15 6
374 401 21 3
374 402 30 2
374 425 17 1
374 511 3 7
374 530 10 7
374 562 15 5
374 575 16 8
374 707 39 6
374 708 47 7
374 790 3 6
374 835 34 2
374 1055 9 3
374 1075 21 3
375 376 3 1
375 377 5 6
375 378 13 3
375 379 22 1
375 380 50 3
375 403 19 8
375 425 42 4
375 481 45 9
375 595 38 8
375 1058 49 4
375 1166 9 1
375 1195 16 1
376 377 28 3
376 378 28 6
376 379 28 9
376 380 16 5
376 404 24 2
376 450 22 7
376 481 15 2
376 501 43 5
376 662 20 1
376 700 38 7
376 756 33 2
376 840 31 10
377 378 39 8
377 379 32 1
377 380 29 8
377 405 2 8
377 406 3 2
377 407 43 1
377 408 19 8
377 450 13 4
377 620 23 6
377 661 20 3
377 863 8 7
377 889 17 4
378 379 15 6
378 380 50 2
378 409 33 9
378 410 33 4
378 411 7 5
378 412 48 7
378 430 38 1
378 501 27 5
378 595 22 6
378 726 40 4
378 740 10 1
378 911 1 10
378 920 18 1
378 959 46 3
378 961 41 7
378 1025 8 5
378 1028 12 4
378 1163 34 2
378 1195 3 4
379 380 46 6
379 413 46 10
379 414 48 3
379 415 29 8
379 416 9 1
379 417 3 3
379 418 28 2
379 419 1 9
379 420 38 4
379 532 36 3
379 580 24 3
379 683 36 9
379 700 48 3
379 835 41 6
379 1077 11 3
380 421 23 5
380 422 18 6
380 423 5 8
380 424 7 8
380 561 8 6
380 580 16 7
380 631 29 6
380 740 42 10
380 822 19 9
380 845 39 7
380 862 31 7
380 887 16 9
380 1143 28 10
425 426 18 2
425 427 19 9
425 428 4 1
425 429 21 5
425 430 34 1
425 451 1 5
425 454 13 1
425 480 42 3
425 490 30 4
425 491 1 9
425 501 1 5
425 510 47 8
425 511 10 7
425 531 35 7
425 533 42 3
425 555 2 8
425 560 14 5
425 561 43 8
425 575 45 5
425 580 48 3
425 581 21 5
425 595 26 5
425 597 11 5
425 615 23 10
425 620 47 9
425 635 6 1
425 660 49 3
425 662 5 3
425 681 35 3
425 682 3 10
425 700 24 8
425 705 39 7
425 707 20 5
425 725 3 8
425 726 2 9
425 741 19 10
425 742 29 2
425 756 31 7
425 758 35 2
425 785 20 3
425 794 31 9
425 820 10 10
425 821 34 5
425 835 18 10
425 840 31 5
425 845 23 3
425 847 29 2
425 863 30 1
425 864 32 9
425 887 22 10
425 888 31 4
425 911 25 2
425 920 5 7
425 925 32 4
425 926 39 6
425 958 21 9
425 963 29 5
425 1000 40 5
425 1001 44 7
425 1025 32 5
425 1030 2 5
425 1055 43 1
425 1076 9 7
425 1077 25 10
425 1093 48 6
425 1099 14 7
425 1140 46 8
425 1141 32 5
425 1161 30 5
425 1165 7 9
425 1195 42 10
430 431 43 4
430 432 9 1
430 433 12 8
430 434 30 3
430 435 31 7
430 436 25 10
430 437 9 6
430 451 13 9
430 480 5 3
430 501 35 10
430 510 49 5
430 512 3 10
430 562 8 10
430 575 43 2
430 582 21 8
430 615 42 5
430 632 28 2
430 705 11 4
430 727 1 1
430 820 15 6
430 840 21 2
430 846 31 2
430 864 31 3
430 1093 32 7
430 1164 11 4
431 432 5 7
431 433 17 6
431 438 32 5
431 439 5 10
431 440 26 1
431 441 44 6
431 452 2 3
431 705 43 9
431 725 43 9
431 741 40 1
431 755 21 4
431 785 30 9
431 793 29 3
431 795 44 7
431 888 27 1
431 925 25 4
431 926 16 1
431 956 26 5
431 1004 44 6
431 1028 25 7
431 1092 44 9
432 433 43 5
432 442 23 8
432 443 8 7
432 444 36 4
432 445 32 8
432 446 21 2
432 447 6 7
432 490 26 8
432 575 48 3
432 582 30 4
432 596 42 10
432 615 1 9
432 620 7 5
432 621 39 6
432 630 29 9
432 680 31 2
432 760 10 2
432 785 47 3
432 835 1 5
432 863 15 4
432 889 13 9
432 910 29 7
432 957 14 3
432 1029 29 10
432 1055 3 6
432 1077 31 6
432 1161 47 10
432 1195 31 2
433 448 1 7
433 449 50 9
433 480 24 1
433 490 13 2
433 501 27 1
433 532 43 1
433 533 9 6
433 555 28 8
433 560 23 2
433 596 34 2
433 661 1 9
433 680 21 6
433 700 47 2
433 741 47 4
433 820 42 9
433 835 1 9
433 847 41 9
433 911 36 4
433 920 5 4
433 1003 23 6
433 1055 50 3
433 1076 39 9
433 1143 7 2
433 1195 50 2
450 451 18 10
450 452 45 7
450 453 48 9
450 454 20 2
450 455 7 9
450 456 28 10
450 457 25 9
450 458 12 10
450 481 11 2
450 501 26 4
450 575 2 7
450 582 1 2
450 597 42 5
450 845 20 4
450 910 35 8
450 1002 20 10
451 452 40 6
451 453 34 9
451 454 47 2
451 455 3 5
451 459 37 5
451 460 14 3
451 500 37 7
451 555 36 4
451 561 4 8
451 615 34 3
451 661 34 7
451 726 28 10
451 785 36 9
451 794 5 7
451 840 20 7
451 886 43 3
451 920 20 9
451 962 43 3
451 1077 16 8
452 453 21 6
452 454 37 2
452 455 25 8
452 461 6 4
452 462 21 1
452 463 20 3
452 464 23 5
452 465 5 6
452 466 43 1
452 467 11 10
452 468 43 6
452 555 16 7
452 682 3 7
452 700 49 3
452 725 29 1
452 741 40 10
452 759 1 8
452 822 5 3
452 835 37 1
452 863 13 9
452 920 20 1
452 1029 24 1
452 1077 17 3
452 1141 38 9
452 1160 27 6
452 1161 11 7
453 454 8 7
453 455 35 1
453 469 27 3
453 470 17 8
453 490 34 5
453 511 6 10
453 620 29 4
453 700 47 2
453 708 7 10
453 741 24 4
453 888 50 5
453 1099 24 1
453 1142 41 10
454 455 45 8
454 471 37 6
454 472 21 10
454 473 14 10
454 474 5 4
454 481 35 5
454 534 20 6
454 581 38 4
454 596 2 7
454 615 21 3
454 661 48 6
454 681 26 1
454 708 2 10
454 821 49 5
454 835 4 2
454 862 41 5
454 1000 1 10
455 475 42 7
455 476 23 9
455 477 27 8
455 478 15 10
455 479 25 6
455 491 15 7
455 512 48 9
455 530 9 7
455 562 41 1
455 630 17 4
455 632 17 8
455 756 25 6
455 785 5 7
455 791 23 8
455 846 14 8
455 928 30 5
455 958 17 5
455 1055 9 3
455 1057 29 6
455 1095 41 4
455 1195 3 6
480 481 22 1
480 482 27 9
480 501 23 5
480 512 17 10
480 532 1 3
480 555 1 3
480 575 25 8
480 620 15 8
480 632 40 10
480 661 29 9
480 682 6 1
480 700 47 8
480 707 42 2
480 759 36 7
480 785 12 7
480 790 47 10
480 792 15 7
480 835 35 8
480 888 29 3
480 911 35 4
480 927 34 9
480 960 29 6
480 1055 29 2
480 1058 2 10
480 1076 12 7
480 1091 6 1
480 1143 12 7
481 483 31 9
481 484 43 5
481 485 6 3
481 486 29 2
481 487 9 4
481 488 26 3
481 489 48 7
481 490 50 8
481 491 37 7
481 500 31 7
481 511 7 1
481 533 19 8
481 555 20 3
481 561 5 6
481 575 47 8
481 580 18 10
481 582 24 9
481 596 16 6
481 597 11 7
481 615 11 9
481 621 39 10
481 631 13 2
481 660 7 7
481 700 17 6
481 705 20 4
481 726 17 9
481 727 45 5
481 741 49 4
481 742 28 9
481 758 27 3
481 785 40 4
481 821 35 7
481 822 9 5
481 835 31 6
481 840 8 1
481 845 1 1
481 847 19 10
481 862 40 1
481 863 45 10
481 889 36 10
481 910 38 1
481 920 33 8
481 929 15 5
481 961 43 3
481 1001 9 8
481 1004 32 8
481 1027 50 10
481 1028 32 10
481 1077 9 4
481 1097 50 8
481 1142 33 10
481 1160 3 8
481 1164 45 1
481 1195 10 6
490 491 48 1
490 492 4 2
490 493 42 7
490 494 4 5
490 495 14 5
490 496 13 5
490 497 4 6
490 500 25 2
490 530 44 8
490 555 44 8
490 575 15 7
490 598 12 4
490 615 20 5
490 633 16 10
490 663 32 7
490 680 43 2
490 683 42 5
490 700 4 4
490 705 47 4
490 708 42 9
490 727 43 8
490 742 30 1
490 760 12 1
490 785 20 9
490 792 15 6
490 822 19 7
490 835 24 10
490 840 8 1
490 846 19 1
490 885 20 10
490 911 2 6
490 920 14 7
490 929 7 8
490 963 44 4
490 1001 48 8
490 1027 48 7
490 1076 39 7
490 1077 28 2
490 1097 42 2
490 1142 15 5
490 1160 19 4
490 1164 25 8
490 1195 23 3
491 498 5 10
491 499 21 10
491 501 20 3
491 511 40 4
491 513 20 2
491 530 27 1
491 555 30 3
491 560 5 5
491 562 30 10
491 575 19 9
491 581 1 8
491 582 22 2
491 597 17 2
491 615 5 1
491 621 27 10
491 631 17 7
491 663 24 9
491 700 19 5
491 726 5 3
491 791 15 6
491 822 26 5
491 835 36 1
491 840 24 6
491 846 33 4
491 862 50 5
491 887 12 9
491 911 12 8
491 920 22 9
491 927 41 4
491 960 29 10
491 1030 44 8
491 1055 9 10
491 1095 39 4
491 1142 41 9
491 1195 24 9
500 501 30 8
500 502 7 10
500 503 21 5
500 504 18 4
500 505 48 4
500 506 36 4
500 507 36 7
500 508 46 9
500 510 5 10
500 531 39 8
500 555 38 3
500 575 39 6
500 581 19 5
500 596 15 10
500 597 43 4
500 615 37 3
500 631 40 4
500 635 27 3
500 661 39 4
500 680 19 5
500 700 49 3
500 727 38 8
500 740 34 9
500 758 38 7
500 785 17 10
500 821 44 6
500 835 28 9
500 840 14 10
500 846 8 1
500 862 12 2
500 911 45 6
500 920 46 10
500 927 6 1
500 962 10 4
500 1001 31 4
500 1026 49 7
500 1057 11 5
500 1058 4 3
500 1076 3 4
500 1090 42 5
500 1141 45 8
500 1195 30 4
501 509 21 4
501 512 17 7
501 533 1 9
501 561 24 7
501 562 17 1
501 581 42 6
501 615 46 8
501 620 31 1
501 663 2 2
501 707 2 2
501 708 12 9
501 725 12 5
501 742 11 4
501 755 25 6
501 793 1 4
501 794 10 3
501 821 43 5
501 835 31 8
501 840 29 2
501 846 11 5
501 862 50 2
501 887 11 8
501 920 4 5
501 927 34 8
501 960 43 8
501 1002 24 3
501 1092 32 10
501 1164 32 8
501 1166 10 6
510 511 25 1
510 512 24 10
510 513 39 9
510 514 14 1
510 515 6 4
510 516 22 10
510 517 27 9
510 518 3 1
510 575 9 1
510 620 48 10
510 726 43 2
510 742 16 8
510 757 1 1
510 794 9 6
510 835 19 4
510 840 14 10
510 846 10 10
510 864 50 1
510 885 22 1
510 910 31 4
510 956 18 9
510 1002 11 10
510 1027 29 10
510 1091 41 3
510 1142 48 3
511 512 47 9
511 513 50 7
511 519 4 3
511 520 12 1
511 521 35 7
511 522 4 9
511 523 9 3
511 524 29 6
511 532 6 7
511 580 49 1
511 597 37 8
511 621 44 7
511 634 32 9
511 660 10 4
511 700 27 10
511 707 42 4
511 820 17 1
511 835 31 8
511 840 36 3
511 847 5 6
511 920 49 2
511 957 31 1
511 1058 30 10
511 1142 2 7
512 513 34 10
512 525 27 1
512 526 36 1
512 527 22 10
512 528 37 8
512 532 47 3
512 555 7 9
512 562 42 3
512 581 32 6
512 595 5 7
512 615 7 9
512 682 34 1
512 705 18 9
512 741 48 4
512 794 13 2
512 861 33 4
512 887 44 9
512 910 18 2
512 920 8 2
512 930 9 8
512 1003 41 10
512 1025 45 5
512 1077 40 9
512 1095 26 9
512 1164 10 1
513 529 29 9
513 575 35 7
513 615 7 1
513 632 25 4
513 660 4 10
513 681 12 10
513 700 12 5
513 785 2 7
513 926 46 6
513 1057 14 4
513 1075 18 1
513 1163 40 4
513 1195 36 8
530 531 23 6
530 532 19 6
530 533 17 3
530 534 35 10
530 535 12 7
530 536 19 9
530 537 19 5
530 538 30 4
530 575 1 7
530 615 1 3
530 634 45 10
530 661 50 3
530 683 48 3
530 846 5 10
530 862 46 1
530 1077 36 4
530 1141 40 1
530 1162 6 6
531 532 49 2
531 533 36 5
531 534 4 10
531 539 50 2
531 540 21 1
531 541 5 4
531 542 22 4
531 543 39 8
531 544 11 10
531 561 13 1
531 575 18 9
531 615 20 3
531 621 5 8
531 661 19 8
531 700 13 9
531 785 25 3
531 821 36 8
531 840 14 3
531 1000 15 5
531 1026 23 5
531 1056 28 9
531 1096 15 2
531 1140 35 1
532 533 45 4
532 534 44 4
532 545 13 6
532 546 21 2
532 547 5 4
532 548 3 5
532 555 39 4
532 561 31 7
532 582 13 2
532 621 1 6
532 635 10 7
532 725 27 4
532 742 6 10
532 791 29 7
532 822 12 9
532 835 43 5
532 840 11 2
532 911 41 8
532 920 23 1
532 930 4 4
532 957 38 3
532 1004 16 5
533 534 50 3
533 549 22 1
533 550 45 5
533 551 19 3
533 552 33 5
533 582 10 10
533 595 14 9
533 700 50 10
533 708 46 2
533 740 2 2
533 785 47 8
533 793 25 7
533 835 18 1
533 886 9 8
533 956 21 5
533 1029 30 8
533 1058 10 2
533 1076 19 6
533 1165 6 2
533 1195 16 9
534 553 23 6
534 554 5 1
534 596 43 8
534 683 4 7
534 707 40 1
534 726 24 8
534 759 40 10
534 847 5 8
534 910 40 4
534 920 34 7
534 929 24 8
534 1090 20 1
534 1195 16 10
555 556 41 2
555 557 47 3
555 558 4 1
555 559 40 9
555 561 15 1
555 575 36 2
555 580 14 8
555 582 24 3
555 595 44 9
555 596 43 5
555 615 27 8
555 620 41 8
555 621 31 9
555 631 16 8
555 633 5 7
555 661 6 3
555 663 49 1
555 680 4 7
555 683 1 8
555 700 19 7
555 706 8 6
555 708 46 10
555 725 4 1
555 727 23 3
555 740 3 10
555 757 22 4
555 759 5 4
555 785 48 7
555 790 7 3
555 793 12 1
555 820 5 5
555 821 28 4
555 835 27 1
555 840 28 10
555 846 46 5
555 860 46 9
555 863 18 4
555 887 16 5
555 889 37 8
555 910 24 4
555 911 47 1
555 920 39 2
555 925 39 6
555 928 8 10
555 959 1 2
555 961 47 7
555 1000 34 6
555 1004 30 10
555 1025 10 10
555 1026 49 5
555 1058 31 4
555 1077 35 5
555 1098 31 9
555 1142 49 6
555 1143 41 2
555 1161 36 2
555 1166 4 2
555 1195 20 7
560 561 37 9
560 562 42 6
560 563 38 9
560 564 38 9
560 565 28 2
560 566 20 3
560 567 20 4
560 580 48 8
560 620 45 7
560 683 28 2
560 705 45 10
560 741 46 10
560 756 34 2
560 785 24 1
560 835 38 3
560 840 31 9
560 846 4 4
560 847 36 1
560 864 11 1
560 885 39 5
560 886 21 1
560 911 32 4
560 961 30 5
560 1027 39 1
560 1056 38 10
560 1093 47 6
560 1095 30 8
560 1163 12 2
560 1166 47 10
560 1195 15 1
561 562 4 9
561 568 3 9
561 569 18 6
561 575 42 10
561 596 36 10
561 598 50 10
561 615 10 4
561 660 37 6
561 683 11 7
561 700 44 5
561 726 45 5
561 727 28 5
561 785 21 1
561 793 39 4
561 822 6 1
561 910 9 10
561 920 28 9
561 927 3 2
561 962 39 3
561 1000 37 2
561 1001 49 3
561 1026 48 1
561 1058 31 4
561 1075 43 10
561 1077 23 9
561 1140 42 2
562 570 6 4
562 571 24 8
562 572 23 9
562 573 21 5
562 574 13 7
562 575 41 9
562 581 12 8
562 630 4 6
562 634 5 5
562 700 8 8
562 705 19 2
562 740 18 1
562 759 39 1
562 795 35 6
562 820 46 8
562 835 2 4
562 840 11 5
562 864 50 3
562 920 36 8
562 929 35 1
562 1143 6 2
562 1195 49 1
573 495 16 2
575 576 34 1
575 577 8 2
575 578 7 6
575 579 16 5
575 580 47 6
575 582 46 10
575 595 13 6
575 598 26 7
575 615 29 1
575 621 15 8
575 632 34 8
575 635 42 9
575 662 39 4
575 663 40 10
575 681 15 2
575 683 30 8
575 700 11 9
575 705 35 5
575 727 45 3
575 740 2 5
575 742 4 5
575 757 45 5
575 758 19 9
575 785 22 8
575 793 23 9
575 820 14 10
575 822 8 6
575 835 14 5
575 840 29 7
575 846 10 6
575 847 25 10
575 861 36 4
575 863 27 7
575 886 19 5
575 888 18 9
575 910 25 7
575 911 8 1
575 920 5 7
575 927 49 10
575 930 18 1
575 959 25 7
575 960 47 2
575 1003 42 8
575 1004 22 9
575 1026 42 9
575 1027 49 9
575 1055 5 10
575 1058 48 10
575 1076 4 10
575 1095 36 10
575 1096 3 3
575 1143 10 2
575 1163 19 3
575 1165 5 9
575 1195 13 6
580 581 10 10
580 582 18 3
580 583 42 5
580 584 1 4
580 585 38 7
580 586 43 1
580 587 19 6
580 615 40 2
580 660 48 2
580 725 12 9
580 793 2 1
580 835 44 7
580 840 34 9
580 888 30 4
580 911 49 1
580 920 34 6
580 925 29 10
580 929 47 2
580 1003 16 4
580 1030 27 5
580 1057 7 9
580 1075 26 9
580 1140 31 2
580 1162 14 6
580 1165 37 8
581 582 15 10
581 588 13 10
581 589 4 7
581 590 16 7
581 591 32 2
581 596 17 2
581 631 21 3
581 635 36 6
581 705 28 8
581 727 50 8
581 760 44 5
581 792 17 8
581 820 12 2
581 840 21 6
581 845 31 7
581 846 6 5
581 862 20 9
581 886 29 7
581 920 13 5
581 958 41 9
581 1056 49 10
581 1076 45 8
581 1096 41 3
581 1195 36 3
582 592 40 6
582 593 22 1
582 594 9 4
582 598 16 9
582 615 9 8
582 620 39 5
582 621 4 6
582 681 8 4
582 682 38 6
582 700 23 10
582 740 17 6
582 759 37 1
582 785 23 7
582 822 17 6
582 835 24 7
582 860 19 7
582 910 38 4
582 956 46 5
582 1025 10 8
582 1099 35 9
582 1141 17 2
582 1195 2 8
595 596 16 8
595 597 45 1
595 598 22 2
595 599 29 10
595 600 7 1
595 620 50 2
595 621 15 1
595 634 47 1
595 680 16 5
595 683 36 10
595 758 6 1
595 889 1 10
595 910 41 1
595 920 42 4
595 962 46 1
595 1001 12 6
595 1002 9 7
595 1162 46 5
596 597 45 8
596 598 32 9
596 601 4 4
596 602 1 5
596 603 21 5
596 604 31 1
596 634 26 6
596 662 20 7
596 663 11 5
596 706 50 2
596 707 4 8
596 726 24 10
596 785 44 10
596 840 34 9
596 1026 21 3
597 598 19 3
597 605 24 10
597 606 50 7
597 607 50 5
597 608 35 8
597 609 7 2
597 610 28 7
597 611 32 7
597 612 6 5
597 615 47 2
597 700 28 9
597 740 9 6
597 792 43 7
597 820 36 2
597 840 2 7
597 845 16 2
597 860 40 4
597 864 29 7
597 1055 2 7
597 1076 2 2
597 1096 28 6
597 1142 28 1
597 1143 25 7
597 1195 16 6
598 613 6 2
598 614 34 5
598 615 1 10
598 700 25 4
598 727 23 4
598 741 14 6
598 755 42 6
598 785 25 8
598 790 31 9
598 821 32 8
598 835 46 2
598 847 42 2
598 887 11 9
598 928 32 2
598 929 50 8
598 956 49 2
598 1027 11 7
598 1058 12 8
598 1076 2 2
598 1094 35 4
598 1162 6 1
598 1195 36 10
615 616 15 9
615 617 28 6
615 618 5 4
615 619 48 7
615 620 23 5
615 630 32 7
615 631 50 10
615 660 16 5
615 661 19 5
615 680 31 8
615 683 24 9
615 700 33 10
615 705 13 10
615 708 27 3
615 727 44 2
615 741 37 7
615 742 33 10
615 756 32 8
615 785 41 2
615 794 49 1
615 820 13 2
615 821 15 1
615 835 45 4
615 840 36 8
615 845 6 1
615 860 24 3
615 862 34 1
615 885 11 3
615 886 32 2
615 910 37 3
615 920 19 8
615 927 21 3
615 928 15 9
615 958 9 1
615 962 42 3
615 1002 45 1
615 1003 5 5
615 1028 35 7
615 1029 45 4
615 1056 45 9
615 1058 34 8
615 1075 43 7
615 1077 25 6
615 1091 32 9
615 1096 9 8
615 1141 46 8
615 1143 28 4
615 1161 49 9
615 1162 47 9
615 1195 20 2
620 621 28 8
620 622 37 10
620 623 29 9
620 624 28 8
620 625 8 5
620 662 40 6
620 680 3 6
620 700 46 7
620 705 13 8
620 726 7 6
620 727 50 2
620 741 39 5
620 755 23 9
620 785 40 9
620 790 25 1
620 820 47 4
620 835 6 6
620 840 19 5
620 845 47 3
620 862 15 8
620 886 42 4
620 889 48 8
620 910 41 8
620 911 33 5
620 920 31 5
620 928 31 2
620 955 46 5
620 958 45 6
620 1000 34 1
620 1027 36 3
620 1055 13 2
620 1058 44 8
620 1077 19 1
620 1090 19 6
620 1140 28 10
620 1160 11 9
620 1165 10 4
620 1195 15 3
621 626 27 2
621 627 6 8
621 628 29 9
621 629 10 8
621 630 41 10
621 633 46 1
621 662 35 7
621 682 46 1
621 700 45 2
621 707 11 7
621 740 30 9
621 760 33 5
621 785 35 5
621 794 31 8
621 835 31 4
621 840 39 2
621 845 16 9
621 861 17 5
621 920 28 8
621 927 13 5
621 1001 5 10
621 1030 26 4
621 1077 19 10
621 1093 7 5
621 1142 11 6
621 1195 10 5
630 631 30 6
630 632 15 10
630 633 47 7
630 634 41 7
630 635 43 5
630 636 30 2
630 637 9 2
630 785 8 9
630 792 3 7
630 795 46 6
630 835 7 6
630 955 15 4
630 1077 31 1
631 632 35 2
631 633 1 7
631 634 9 7
631 635 14 8
631 638 34 3
631 639 11 3
631 640 18 7
631 641 36 1
631 642 3 4
631 643 47 1
631 740 31 10
631 759 25 2
631 822 38 4
631 840 46 5
631 847 39 10
631 860 6 7
631 920 43 2
631 929 18 9
631 1025 9 5
631 1057 25 10
631 1143 15 3
631 1195 12 7
632 633 47 10
632 634 43 8
632 635 24 1
632 644 41 3
632 645 46 6
632 646 18 8
632 647 23 1
632 648 41 4
632 700 32 2
632 726 33 8
632 742 25 2
632 840 22 10
632 889 50 4
632 956 33 4
632 1001 48 7
632 1055 50 9
632 1075 11 8
632 1143 18 7
632 1163 49 2
633 634 42 8
633 635 26 10
633 649 5 9
633 650 35 1
633 651 29 2
633 652 24 8
633 662 48 5
633 681 2 1
633 682 40 5
633 706 5 2
633 726 23 2
633 785 11 10
633 1161 12 8
633 1195 3 2
634 635 48 10
634 653 50 9
634 654 28 10
634 655 3 2
634 656 36 4
634 662 21 9
634 835 46 4
634 861 45 8
634 910 39 4
634 920 22 5
634 1004 22 4
634 1094 20 6
634 1098 43 2
635 657 11 10
635 658 49 1
635 659 43 2
635 708 4 6
635 756 38 9
635 822 26 3
635 846 27 4
635 889 25 2
635 910 20 9
635 928 9 6
635 1025 25 6
660 661 46 3
660 662 20 10
660 663 25 4
660 664 39 4
660 665 7 7
660 666 45 6
660 667 5 5
660 668 39 6
660 680 32 9
660 700 4 3
660 705 31 5
660 727 27 8
660 741 43 2
660 821 17 5
660 835 37 6
660 840 22 6
660 864 32 9
660 910 8 8
660 911 26 5
660 920 42 7
660 1002 8 10
660 1026 43 1
660 1027 3 8
660 1075 45 7
660 1143 17 4
660 1163 37 3
661 662 28 6
661 663 1 2
661 669 7 2
661 670 49 4
661 700 15 8
661 707 10 8
661 740 10 10
661 785 36 1
661 794 27 10
661 845 16 6
661 847 38 6
661 1056 31 7
661 1076 11 2
661 1093 43 5
661 1195 29 5
662 663 35 9
662 671 26 8
662 672 2 10
662 673 31 10
662 674 17 8
662 675 33 8
662 681 30 1
662 755 48 10
662 785 25 8
662 792 45 8
662 820 21 4
662 835 33 9
662 864 9 1
662 889 5 8
662 920 41 10
662 926 16 1
662 930 22 3
662 955 45 9
662 1057 18 8
662 1095 33 5
662 1142 38 10
663 676 21 9
663 677 12 4
663 678 27 6
663 679 3 9
663 757 23 4
663 840 34 9
663 889 32 1
663 956 34 2
663 1000 43 8
663 1161 25 8
663 1195 11 9
680 681 43 1
680 682 41 8
680 683 29 9
680 684 35 8
680 700 40 4
680 785 32 10
680 820 28 6
680 920 36 3
680 929 43 2
680 961 21 10
680 1141 47 9
680 1143 5 1
681 682 29 5
681 683 49 5
681 685 46 2
681 686 32 2
681 687 13 5
681 688 31 10
681 689 9 6
681 726 24 9
681 791 9 1
681 911 31 1
681 928 27 9
681 958 20 2
681 1004 40 9
681 1093 42 7
681 1161 16 7
682 683 24 2
682 690 32 1
682 691 50 3
682 692 24 10
682 693 7 2
682 700 25 9
682 708 47 8
682 726 29 10
682 740 2 3
682 791 40 8
682 822 23 5
682 835 23 5
682 840 13 7
682 862 3 5
682 889 18 7
682 911 39 9
682 1025 21 7
682 1058 41 6
682 1076 7 6
682 1090 44 4
683 694 50 10
683 695 15 2
683 696 50 4
683 697 9 1
683 698 45 2
683 699 18 7
683 707 45 6
683 742 20 2
683 759 8 5
683 785 47 6
683 835 37 7
683 840 49 1
683 846 11 7
683 862 37 7
683 889 41 6
683 1002 40 2
683 1058 44 3
683 1077 42 4
683 1164 7 6
683 1195 18 2
700 701 44 3
700 702 13 6
700 703 38 4
700 704 39 8
700 705 33 5
700 708 32 10
700 725 27 10
700 726 21 5
700 742 26 10
700 756 45 9
700 758 48 8
700 785 5 1
700 792 32 1
700 820 11 2
700 822 36 10
700 835 34 9
700 840 45 10
700 845 3 1
700 847 16 3
700 860 23 10
700 863 40 7
700 885 28 6
700 887 19 3
700 911 12 6
700 920 13 6
700 927 26 8
700 929 4 10
700 956 7 10
700 963 6 10
700 1000 21 3
700 1002 50 2
700 1025 49 1
700 1055 34 10
700 1075 20 1
700 1076 23 10
700 1090 32 1
700 1091 27 6
700 1140 27 4
700 1142 28 1
700 1160 18 10
700 1163 23 1
700 1195 33 8
705 706 19 5
705 707 43 4
705 708 24 7
705 709 28 10
705 710 37 4
705 711 38 7
705 712 45 5
705 726 38 9
705 740 50 7
705 755 38 6
705 785 49 1
705 792 6 5
705 835 23 8
705 840 45 6
705 910 2 6
705 1030 2 4
706 707 14 7
706 708 47 1
706 713 28 3
706 714 1 1
706 820 7 1
706 847 10 6
706 957 7 8
706 1028 10 6
706 1077 19 7
706 1096 48 1
706 1099 7 1
706 1143 36 5
706 1195 32 10
707 708 32 2
707 715 50 2
707 716 49 3
707 717 13 10
707 718 32 4
707 759 25 7
707 794 1 7
707 846 38 1
707 862 30 1
707 886 40 2
707 911 37 9
707 920 47 7
707 1003 13 5
707 1055 25 1
707 1075 6 5
707 1143 35 6
708 719 9 2
708 720 43 2
708 721 29 3
708 722 25 8
708 723 33 1
708 724 32 6
708 740 31 2
708 821 11 9
708 840 39 7
708 860 1 5
708 886 1 5
708 920 36 5
708 925 1 3
708 926 35 6
708 957 27 1
708 1003 18 4
708 1057 30 2
708 1163 44 6
708 1165 32 1
725 726 28 4
725 727 8 10
725 728 47 9
725 729 20 4
725 757 23 2
725 758 47 1
725 794 22 4
725 821 17 2
725 862 7 2
725 863 42 6
725 911 7 3
725 925 17 10
725 926 27 1
725 957 3 2
725 1143 4 4
726 727 36 10
726 730 34 10
726 731 26 1
726 732 12 7
726 733 2 3
726 734 1 7
726 785 49 9
726 835 31 5
726 888 28 7
726 910 11 1
726 1002 37 4
726 1025 43 2
726 1056 12 7
726 1057 46 4
726 1077 5 2
726 1141 30 4
726 1160 34 2
727 735 42 3
727 736 11 8
727 737 25 2
727 738 17 5
727 739 45 2
727 740 33 4
727 741 11 6
727 785 23 3
727 793 47 3
727 820 30 3
727 840 28 4
727 845 11 6
727 846 19 3
727 885 35 5
727 920 27 10
727 958 1 5
727 1030 6 6
727 1077 24 7
727 1095 34 7
727 1096 12 8
727 1162 14 4
727 1195 11 7
740 741 31 7
740 742 7 8
740 743 24 6
740 785 14 4
740 791 5 3
740 820 7 2
740 835 7 9
740 887 1 4
740 911 18 10
740 920 37 6
740 959 2 6
740 1076 5 4
740 1095 43 4
740 1097 42 9
740 1195 23 7
741 742 24 2
741 744 38 8
741 745 41 3
741 746 49 2
741 747 14 8
741 748 3 2
741 749 45 6
741 756 45 8
741 759 46 1
741 785 17 1
741 864 15 7
741 886 15 8
741 910 30 6
741 925 27 8
741 1003 20 1
741 1027 18 9
741 1055 10 7
741 1075 46 5
741 1140 43 2
741 1161 47 10
741 1195 41 1
742 750 49 7
742 751 16 1
742 752 44 3
742 753 25 7
742 754 6 7
742 793 37 3
742 822 21 3
742 840 37 10
742 846 24 7
742 847 14 10
742 920 22 3
742 926 40 2
742 963 21 5
742 1002 19 8
742 1026 42 10
742 1057 50 7
742 1141 37 2
742 1162 48 1
755 756 41 9
755 757 34 4
755 758 45 4
755 759 16 9
755 760 35 8
755 761 30 5
755 762 16 5
755 763 14 9
755 764 12 4
755 765 5 6
755 766 47 1
755 820 16 8
755 840 21 6
755 910 2 2
755 920 7 2
755 1161 45 4
755 1195 30 9
756 757 12 10
756 758 33 7
756 759 15 3
756 760 47 8
756 767 22 2
756 768 12 8
756 769 43 6
756 835 6 3
756 840 17 3
756 847 41 6
756 863 33 7
756 929 30 7
756 1002 37 3
756 1030 5 6
756 1058 1 2
756 1142 12 5
756 1165 25 8
756 1195 42 1
757 758 42 6
757 759 30 4
757 760 47 3
757 770 38 5
757 771 33 3
757 772 48 3
757 861 22 6
757 910 35 1
757 1058 36 8
757 1077 9 8
757 1091 27 1
758 759 43 5
758 760 14 3
758 773 43 5
758 791 46 3
758 846 25 6
758 885 13 1
758 1003 33 3
758 1097 4 3
759 760 15 7
759 774 42 5
759 775 35 5
759 776 3 4
759 777 19 7
759 778 13 10
759 779 16 6
759 785 44 6
759 888 49 6
759 920 4 9
759 929 4 4
759 955 46 6
759 1027 33 2
759 1141 3 8
760 780 42 7
760 781 50 1
760 782 14 1
760 783 10 1
760 784 12 3
760 785 25 5
760 794 41 8
760 835 39 6
760 957 29 2
760 1077 41 1
785 786 40 1
785 787 8 3
785 788 45 2
785 789 20 7
785 790 41 4
785 791 12 10
785 822 17 5
785 835 8 1
785 840 19 9
785 845 7 4
785 847 44 3
785 862 2 10
785 864 19 2
785 886 35 10
785 889 20 5
785 910 33 4
785 920 38 10
785 928 19 5
785 956 6 6
785 963 37 4
785 1000 22 5
785 1003 2 8
785 1027 1 4
785 1028 17 8
785 1056 29 6
785 1057 30 6
785 1076 1 4
785 1077 36 8
785 1091 42 2
785 1098 16 9
785 1140 43 4
785 1141 15 7
785 1162 16 9
785 1163 46 1
785 1195 18 7
790 791 10 3
790 792 4 1
790 793 25 5
790 794 23 8
790 795 35 5
790 796 33 6
790 835 13 9
790 888 6 8
790 1003 23 4
791 792 40 9
791 793 48 6
791 794 30 2
791 795 14 5
791 797 2 8
791 1090 4 2
791 1140 36 3
792 793 46 3
792 794 49 10
792 795 14 4
792 798 25 10
792 799 45 8
792 800 35 8
792 801 49 1
792 802 29 1
792 803 41 10
792 920 37 6
792 926 25 6
792 929 47 9
792 958 23 5
792 1030 8 5
792 1143 36 2
792 1195 8 7
793 794 44 9
793 795 48 1
793 804 22 7
793 805 48 7
793 806 4 10
793 840 4 2
793 846 20 7
793 860 8 10
793 863 6 7
793 885 30 3
793 911 48 3
793 1002 44 1
793 1057 20 2
794 795 3 9
794 807 20 9
794 808 38 3
794 809 18 9
794 810 19 4
794 811 44 6
794 812 35 6
794 822 32 5
794 845 10 5
794 920 21 7
794 958 31 6
794 1055 44 7
794 1076 3 7
794 1098 15 8
794 1162 34 8
795 813 26 8
795 814 41 4
795 815 28 2
795 816 42 1
795 817 19 8
795 818 44 6
795 819 7 8
795 835 28 7
795 840 4 7
795 910 2 1
795 1028 20 3
795 1077 40 3
795 1163 36 8
820 821 6 10
820 822 7 7
820 823 6 8
820 824 27 2
820 825 16 8
820 826 27 3
820 827 29 6
820 828 9 3
820 845 18 3
820 864 19 9
820 911 19 9
820 920 27 8
820 925 4 6
820 957 44 8
820 1004 39 9
820 1026 46 9
820 1091 4 4
820 1140 6 3
820 1195 19 9
821 822 18 3
821 829 44 8
821 835 14 7
821 847 23 5
821 885 20 3
821 925 30 3
821 1001 27 6
821 1076 28 2
821 1143 47 10
821 1164 22 5
822 830 22 10
822 831 46 3
822 832 30 4
822 833 21 3
822 834 4 2
822 840 5 5
822 862 19 3
822 887 5 7
822 956 10 6
822 1055 21 1
822 1056 3 1
822 1075 47 9
822 1093 22 10
822 1160 44 10
822 1195 16 2
835 836 34 5
835 837 11 2
835 838 35 10
835 839 46 10
835 840 35 1
835 846 28 4
835 861 33 7
835 885 36 7
835 889 13 8
835 910 47 9
835 911 21 10
835 920 49 6
835 929 5 3
835 955 32 4
835 960 16 9
835 1002 1 10
835 1029 13 4
835 1030 30 4
835 1058 33 9
835 1077 6 5
835 1096 42 2
835 1098 26 9
835 1141 30 4
835 1142 22 4
835 1163 19 10
835 1165 45 4
835 1195 33 8
840 841 11 9
840 842 23 10
840 843 3 5
840 844 40 7
840 845 36 2
840 847 50 6
840 863 42 9
840 886 27 2
840 889 13 9
840 910 28 1
840 911 24 3
840 920 17 7
840 926 48 7
840 928 9 6
840 957 35 2
840 959 23 2
840 1002 29 1
840 1004 6 8
840 1026 33 2
840 1030 4 6
840 1055 43 2
840 1077 3 3
840 1097 18 1
840 1099 45 3
840 1140 34 9
840 1141 21 2
840 1164 27 10
840 1166 19 10
840 1195 1 5
845 846 47 10
845 847 45 9
845 848 15 1
845 863 26 4
845 920 12 4
845 928 9 9
845 929 7 10
845 958 25 2
845 1027 46 3
845 1055 26 8
845 1077 28 6
845 1143 37 8
845 1165 40 6
845 1195 38 10
846 847 15 10
846 849 15 7
846 850 26 10
846 851 22 2
846 852 43 1
846 853 33 4
846 854 5 7
846 855 16 6
846 856 23 6
846 857 21 5
846 863 23 2
846 911 20 1
846 1002 15 3
846 1056 5 8
846 1076 31 9
847 858 45 4
847 859 43 3
847 888 20 4
847 911 1 4
847 920 47 6
847 958 31 1
847 1003 18 2
847 1026 19 8
847 1090 29 6
847 1091 5 8
847 1142 6 8
847 1162 17 3
860 861 28 2
860 862 8 5
860 863 18 3
860 864 40 7
860 865 46 6
860 866 13 5
860 867 50 10
860 868 7 7
860 869 46 2
860 870 9 8
860 871 26 10
860 872 40 8
860 873 3 7
860 874 39 8
860 1058 6 5
860 1160 25 9
861 862 43 10
861 863 15 10
861 864 17 8
861 875 31 4
861 876 13 9
861 877 36 10
861 878 13 6
861 889 5 8
861 930 18 10
861 958 42 8
861 1001 14 8
861 1096 47 6
861 1165 4 5
862 863 40 5
862 864 14 6
862 879 15 4
862 880 33 8
862 910 45 2
862 1195 42 1
863 864 18 10
863 881 8 10
863 886 41 9
863 920 31 8
863 926 32 9
863 963 45 6
863 1028 38 1
863 1140 19 9
863 1195 20 4
864 882 2 3
864 883 25 10
864 884 16 10
864 911 34 2
864 920 42 9
864 1003 27 3
864 1030 36 9
864 1057 11 1
864 1077 36 7
864 1099 46 8
864 1140 39 5
885 886 49 2
885 887 4 10
885 888 25 6
885 889 5 10
885 890 48 10
885 891 31 6
885 892 44 6
885 929 22 7
885 1143 37 2
885 1163 13 1
885 1195 10 10
886 887 4 10
886 888 25 9
886 889 30 1
886 893 48 2
886 894 38 4
886 910 29 2
886 957 20 5
886 963 32 1
886 1000 25 4
886 1195 22 10
887 888 38 2
887 889 50 6
887 895 45 7
887 896 43 2
887 897 8 4
887 920 35 1
887 1076 4 2
887 1165 4 9
888 889 10 4
888 898 47 7
888 899 46 9
888 900 4 10
888 901 43 8
888 902 45 5
888 903 12 3
888 904 34 10
888 905 21 8
888 1056 21 5
888 1057 33 9
889 906 34 1
889 907 33 2
889 908 16 8
889 909 38 9
889 911 7 5
889 920 46 3
889 927 34 2
889 1000 49 6
889 1029 14 1
889 1076 6 9
889 1092 33 1
889 1097 39 10
889 1143 50 9
910 911 48 6
910 912 45 5
910 913 27 2
910 914 10 2
910 915 6 3
910 916 3 1
910 920 42 4
910 926 43 3
910 956 11 6
910 1025 29 4
910 1029 45 8
910 1058 4 4
910 1095 43 3
910 1162 19 6
910 1195 32 6
911 917 27 10
911 918 27 4
911 919 31 3
911 920 25 1
911 925 49 2
911 956 42 8
911 1000 40 1
911 1002 35 1
911 1055 17 1
911 1075 22 7
911 1077 22 4
911 1095 11 4
911 1140 49 8
911 1142 8 9
911 1163 27 1
920 921 3 2
920 922 42 3
920 923 17 1
920 924 44 3
920 926 24 5
920 927 46 1
920 956 1 4
920 959 13 8
920 1002 24 3
920 1004 17 2
920 1025 50 5
920 1029 50 2
920 1055 8 6
920 1058 25 8
920 1075 28 8
920 1076 46 4
920 1090 41 9
920 1141 39 9
920 1162 13 8
920 1163 13 1
920 1195 16 4
925 926 27 1
925 927 43 4
925 928 47 5
925 929 9 4
925 930 36 4
925 931 24 2
925 932 45 3
925 933 31 4
925 934 8 5
925 935 20 5
925 1076 1 2
925 1195 4 3
926 927 27 9
926 928 4 9
926 929 27 3
926 930 10 10
926 936 21 1
926 937 30 2
926 1140 16 4
926 1164 29 7
927 928 9 7
927 929 2 8
927 930 37 6
927 938 44 10
927 939 12 1
927 940 9 8
927 941 1 10
927 942 8 7
927 943 14 4
927 1075 12 10
927 1143 40 6
927 1195 48 9
928 929 5 4
928 930 23 10
928 944 43 10
928 945 32 4
928 946 10 1
928 947 12 9
928 960 7 2
928 1000 40 2
928 1055 22 8
929 930 46 8
929 948 36 1
929 949 17 7
929 950 37 2
929 951 48 2
929 952 7 2
929 1028 19 7
929 1030 17 5
929 1057 1 10
929 1095 16 8
929 1160 11 6
930 953 22 9
930 954 15 6
930 955 46 5
930 1003 11 7
930 1098 8 10
955 956 19 7
955 957 39 1
955 958 11 7
955 959 7 6
955 960 26 2
955 961 33 10
955 962 15 5
955 963 28 3
955 964 6 2
955 965 13 9
955 966 22 6
955 967 3 8
955 968 16 8
955 1140 32 9
956 957 43 8
956 958 16 6
956 959 32 6
956 960 47 6
956 961 22 1
956 962 38 4
956 963 31 2
956 969 9 1
956 970 38 8
956 971 28 6
956 972 16 2
956 1055 33 10
957 958 13 1
957 959 36 8
957 960 42 7
957 961 4 4
957 962 27 6
957 963 14 3
957 973 3 9
957 974 35 6
957 1030 29 4
957 1097 30 1
958 959 14 7
958 960 7 3
958 961 10 9
958 962 39 5
958 963 32 1
958 975 31 8
958 976 39 4
958 977 47 2
958 978 10 9
958 979 41 1
958 980 16 7
958 981 31 1
958 982 38 9
958 1003 49 4
958 1096 26 3
958 1195 34 3
959 960 41 1
959 961 27 9
959 962 11 6
959 963 36 10
959 983 22 6
959 984 4 2
959 985 26 3
959 1076 7 1
959 1195 19 8
960 961 42 1
960 962 23 1
960 963 36 8
960 986 12 1
960 987 9 8
960 988 5 6
960 989 7 10
960 990 45 9
960 991 18 9
960 1030 11 3
960 1055 47 8
960 1141 8 3
960 1161 7 10
961 962 25 3
961 963 2 7
961 992 32 6
961 993 16 9
961 994 32 1
961 1076 34 9
962 963 32 9
962 995 45 4
963 996 18 2
963 997 14 7
963 998 12 3
963 999 50 9
963 1000 23 9
963 1166 1 7
1000 1001 17 7
1000 1002 6 3
1000 1003 9 5
1000 1004 35 9
1000 1005 40 4
1000 1006 45 3
1000 1007 18 1
1000 1008 37 6
1000 1009 40 1
1000 1025 6 1
1000 1056 9 8
1000 1077 9 10
1000 1097 19 8
1000 1195 28 3
1001 1002 19 9
1001 1003 7 9
1001 1004 9 9
1001 1010 19 5
1001 1011 42 6
1001 1012 46 3
1001 1013 14 3
1001 1014 21 6
1001 1099 40 2
1001 1160 18 1
1001 1195 10 4
1002 1003 12 2
1002 1004 8 10
1002 1015 22 9
1002 1016 38 4
1002 1017 26 9
1002 1018 49 9
1002 1019 5 4
1002 1160 9 8
1003 1004 28 2
1003 1020 17 9
1003 1021 2 2
1003 1022 38 2
1003 1023 27 8
1003 1029 27 10
1003 1076 24 4
1003 1143 31 1
1004 1024 44 3
1004 1058 50 5
1004 1141 11 1
1025 1026 23 3
1025 1027 29 9
1025 1028 30 4
1025 1029 19 6
1025 1030 13 4
1025 1031 42 4
1025 1032 28 8
1025 1033 47 4
1025 1034 34 2
1025 1035 5 6
1025 1036 5 4
1025 1092 40 8
1026 1027 28 8
1026 1028 2 4
1026 1029 43 2
1026 1030 22 5
1026 1037 21 8
1026 1038 7 9
1026 1075 23 5
1026 1093 9 2
1027 1028 10 9
1027 1029 31 1
1027 1030 16 3
1027 1039 1 3
1027 1040 3 4
1027 1041 29 3
1027 1042 21 9
1027 1075 31 8
1027 1141 50 10
1027 1161 49 6
1027 1164 1 1
1027 1195 40 3
1028 1029 2 5
1028 1030 45 10
1028 1043 42 9
1028 1044 18 10
1028 1058 22 9
1029 1030 20 8
1029 1045 36 10
1029 1046 24 9
1029 1047 24 4
1029 1048 42 7
1029 1049 36 4
1029 1050 29 3
1029 1051 25 10
1029 1052 11 8
1029 1053 19 8
1029 1058 44 1
1029 1142 35 4
1029 1195 10 3
1030 1054 28 10
1055 1056 38 7
1055 1057 33 5
1055 1058 19 8
1055 1059 30 10
1055 1060 39 6
1055 1061 17 7
1055 1062 23 7
1055 1077 17 6
1055 1161 43 9
1055 1162 5 9
1056 1057 47 1
1056 1058 49 9
1056 1063 11 4
1056 1064 22 1
1056 1065 26 3
1056 1066 2 10
1056 1097 10 2
1057 1058 33 6
1057 1067 7 3
1057 1068 24 3
1057 1075 7 8
1057 1143 7 3
1057 1195 36 2
1058 1069 30 10
1058 1070 24 2
1058 1071 40 10
1058 1072 42 4
1058 1073 48 4
1058 1074 42 6
1058 1098 42 1
1058 1142 50 10
1058 1195 44 4
1075 1076 47 10
1075 1077 30 5
1075 1078 42 9
1075 1079 18 2
1075 1080 16 6
1075 1081 29 9
1075 1082 33 4
1075 1083 48 2
1075 1090 14 4
1075 1163 44 4
1076 1077 2 1
1076 1084 16 1
1076 1085 13 10
1076 1086 20 5
1076 1087 9 7
1076 1088 16 1
1076 1162 21 1
1076 1195 4 4
1077 1089 13 7
1077 1096 19 3
1077 1140 13 8
1077 1195 42 7
1090 1091 8 9
1090 1092 5 4
1090 1093 31 10
1090 1094 26 6
1090 1095 23 5
1090 1096 9 2
1090 1097 46 10
1090 1098 23 2
1090 1099 7 5
1090 1100 8 8
1090 1101 34 9
1090 1141 49 6
1090 1195 29 3
1091 1092 2 1
1091 1093 34 3
1091 1094 24 8
1091 1095 27 7
1091 1096 17 1
1091 1097 18 7
1091 1098 36 7
1091 1099 8 1
1091 1102 9 8
1091 1103 24 6
1091 1104 42 3
1091 1105 24 7
1091 1106 27 6
1091 1107 24 1
1091 1162 41 5
1092 1093 3 5
1092 1094 14 5
1092 1095 40 6
1092 1096 16 2
1092 1097 6 10
1092 1098 20 7
1092 1099 37 10
1092 1108 43 5
1092 1109 19 6
1092 1110 46 1
1092 1111 21 6
1092 1112 37 8
1093 1094 13 7
1093 1095 34 2
1093 1096 47 9
1093 1097 8 6
1093 1098 11 5
1093 1099 3 10
1093 1113 21 7
1093 1114 4 5
1094 266 44 10
1094 1068 5 5
1094 1095 2 5
1094 1096 37 4
1094 1097 45 5
1094 1098 6 10
1094 1099 25 8
1094 1115 34 3
1094 1116 44 9
1095 1096 32 10
1095 1097 48 5
1095 1098 11 2
1095 1099 20 5
1095 1117 35 7
1095 1118 28 10
1095 1119 18 4
1095 1120 24 6
1095 1121 36 7
1095 1195 22 7
1096 1097 8 6
1096 1098 17 8
1096 1099 14 3
1096 1122 29 6
1096 1123 27 4
1096 1124 25 2
1096 1125 29 3
1096 1126 8 10
1096 1143 37 3
1097 1098 27 4
1097 1099 19 10
1097 1127 14 7
1097 1128 46 9
1097 1129 8 7
1097 1130 20 2
1098 1099 11 7
1098 1131 7 8
1098 1132 18 5
1098 1133 40 2
1098 1134 47 10
1098 1135 10 3
1098 1163 50 5
1099 1136 46 10
1099 1137 30 4
1099 1138 45 4
1099 1139 43 8
1140 1141 33 1
1140 1142 18 4
1140 1143 19 3
1140 1144 27 1
1140 1165 34 8
1140 1166 50 3
1140 1195 20 6
1141 1142 16 4
1141 1143 12 7
1141 1145 45 5
1141 1146 32 6
1141 1147 10 4
1141 1148 22 6
1141 1149 15 1
1141 1195 10 7
1142 1143 33 10
1142 1150 22 5
1142 1151 4 2
1142 1152 46 8
1142 1153 27 9
1142 1154 35 8
1142 1155 35 2
1142 1156 41 8
1142 1157 20 4
1142 1158 38 10
1143 1159 17 5
1160 1161 47 7
1160 1162 40 9
1160 1163 43 6
1160 1164 24 1
1160 1165 7 4
1160 1166 44 7
1160 1167 40 7
1160 1168 20 1
1160 1169 17 4
1161 1162 8 9
1161 1163 40 6
1161 1164 3 5
1161 1165 31 6
1161 1166 32 9
1161 1170 21 10
1161 1171 33 4
1161 1172 44 7
1161 1173 9 7
1161 1174 15 6
1162 1163 13 9
1162 1164 32 5
1162 1165 3 2
1162 1166 13 9
1162 1175 33 10
1162 1176 16 6
1162 1195 47 1
1163 1164 15 1
1163 1165 47 9
1163 1166 4 3
1163 1177 49 9
1164 1165 48 3
1164 1166 24 3
1164 1178 48 3
1164 1179 34 9
1164 1180 45 5
1164 1181 2 2
1164 1182 16 2
1164 1183 37 6
1165 1166 3 4
1165 1184 48 9
1165 1185 28 6
1165 1186 1 10
1165 1187 45 2
1165 1195 30 1
1166 1188 6 7
1166 1189 28 9
1166 1190 13 8
1166 1191 29 7
1166 1192 50 8
1166 1193 8 7
1166 1194 25 8
1195 1196 12 7
1195 1197 43 7
1195 1198 27 1
1195 1199 15 6

0 721 20
1 165 12
2 696 11
3 84 10
4 732 4
5 420 16
6 204 14
7 908 9
8 694 31
9 587 5
10 285 20
11 140 5
12 1179 18
13 702 9
14 54 13
15 354 16
16 217 28
17 322 10
18 225 14
19 320 18
20 997 8
21 1136 17
22 778 7
23 571 7
24 38 29
25 1126 4
26 729 12
27 676 13
28 797 2
29 24 8
30 699 9
31 870 4
32 815 14
33 345 7
34 229 4
35 1105 8
36 119 22
37 262 15
38 436 14
39 559 20
40 277 22
41 825 11
42 788 11
43 641 23
44 768 7
45 985 14
46 935 14
47 241 14
48 284 23
49 460 9
50 577 3
51 982 20
52 1010 8
53 245 10
54 409 23
55 1066 2
56 1035 2
57 824 7
58 936 11
59 1130 10
60 274 2
61 1109 12
62 340 7
63 607 16
64 628 14
65 934 6
66 349 5
67 506 8
68 471 10
69 535 9
70 412 11
71 82 9
72 113 5
73 883 7
74 65 24
75 765 4
76 867 27
77 443 5
78 147 4
79 287 19
80 283 3
81 638 23
82 50 5
83 186 18
84 618 3
85 754 5
86 608 16
87 690 18
88 921 2
89 643 33
90 360 35
91 981 15
92 642 2
93 73 17
94 968 5
95 558 3
96 579 6
97 348 23
98 1183 22
99 609 2
100 401 6
101 812 16
102 155 12
103 1186 1
104 442 14
105 482 6
106 505 29
107 1194 8
108 552 22
109 1115 9
110 1169 6
111 809 6
112 166 1
113 1158 12
114 357 13
115 74 14
116 402 10
117 159 21
118 650 16
119 282 15
120 919 9
121 667 2
122 904 11
123 67 2
124 1181 1
125 1012 19
126 773 17
127 446 11
128 194 7
129 953 14
130 7 2
131 437 4
132 486 16
133 906 11
134 916 1
135 112 5
136 359 10
137 1174 5
138 1182 10
139 549 7
140 53 25
141 250 11
142 11 11
143 96 19
144 51 6
145 1193 5
146 1122 19
147 572 15
148 1144 13
149 398 2
150 671 8
151 950 22
152 701 22
153 994 15
154 537 9
155 66 19
156 107 4
157 826 19
158 449 19
159 1079 5
160 190 1
161 611 7
162 298 9
163 801 33
164 69 9
165 585 18
166 1114 2
167 489 12
168 307 5
169 98 12
170 619 25
171 381 11
172 296 8
173 1106 14
174 197 3
175 766 32
176 786 10
177 689 3
178 79 16
179 800 21
180 258 8
181 602 1
182 991 10
183 566 6
184 843 1
185 932 14
186 144 3
187 578 4
188 43 7
189 1047 10
190 724 7
191 799 11
192 391 3
193 563 20
194 1111 6
195 1146 22
196 272 12
197 601 2
198 971 18
199 487 3
200 459 18
201 521 8
202 210 8
203 519 3
204 1023 11
205 1034 22
206 148 9
207 879 5
208 1121 11
209 34 4
210 362 11
211 736 6
212 478 4
213 1155 10
214 221 19
215 83 3
216 1071 13
217 753 17
218 29 22
219 426 13
220 856 6
221 915 2
222 1015 14
223 260 9
224 1198 17
225 396 1
226 772 26
227 42 21
228 775 12
229 422 5
230 438 23
231 539 22
232 817 7
233 118 9
234 309 13
235 327 19
236 492 2
237 1059 16
238 114 15
239 941 1
240 249 9
241 900 3
242 264 17
243 191 17
244 1197 10
245 564 9
246 881 5
247 464 6
248 39 14
249 439 2
250 1191 7
251 777 6
252 612 3
253 576 10
254 524 15
255 475 21
256 1180 25
257 640 6
258 355 24
259 350 5
260 1070 11
261 1018 30
262 456 9
263 654 10
264 405 1
265 508 32
266 844 24
267 836 10
268 1157 14
269 866 4
270 1199 5
271 594 7
272 472 6
273 1033 33
274 192 8
275 651 9
276 212 15
277 733 2
278 589 2
279 814 27
280 184 17
281 419 1
282 88 1
283 286 8
284 427 9
285 905 6
286 526 8
287 60 17
288 369 4
289 1043 26
290 712 20
291 554 2
292 485 4
293 473 4
294 1147 6
295 983 15
296 411 4
297 142 4
298 970 20
299 12 22
300 507 16
301 710 10
302 251 17
303 198 8
304 256 4
305 569 13
306 716 24
307 811 29
308 998 6
309 909 10
310 1131 3
311 674 10
312 188 4
313 162 7
314 161 4
315 738 7
316 64 10
317 947 3
318 1125 19
319 1128 30
320 226 11
321 170 1
322 1074 12
323 418 19
324 167 20
325 457 11
326 227 17
327 509 9
328 414 14
329 704 13
330 807 8
331 86 14
332 627 4
333 1153 16
334 802 15
335 62 21
336 1188 4
337 202 20
338 138 6
339 946 6
340 1172 20
341 659 11
342 213 12
343 254 9
344 329 21
345 1176 4
346 68 9
347 1139 26
348 914 3
349 978 3
350 477 7
351 393 16
352 731 7
353 1120 13
354 746 28
355 827 7
356 1152 22
357 972 4
358 675 10
359 832 21
360 973 2
361 895 21
362 735 10
363 952 4
364 573 20
365 115 7
366 669 2
367 292 13
368 89 1
369 1189 16
370 1119 8
371 9 25
372 61 2
373 407 11
374 1118 10
375 315 9
376 19 31
377 924 21
378 1052 3
379 323 11
380 1039 1
381 774 12
382 196 6
383 1069 11
384 850 16
385 366 17
386 938 26
387 470 10
388 779 11
389 517 15
390 891 16
391 214 15
392 1154 19
393 913 7
394 838 14
395 848 4
396 187 11
397 647 9
398 384 20
399 1107 8
400 1112 26
401 1051 13
402 1151 3
403 903 3
404 494 3
405 590 12
406 767 14
407 565 18
408 239 3
409 617 18
410 361 2
411 23 20
412 25 3
413 351 2
414 1045 18
415 687 8
416 810 12
417 890 23
418 1041 11
419 1054 9
420 476 12
421 303 1
422 948 17
423 917 15
424 586 17
425 1060 11
426 528 9
427 804 15
428 878 6
429 1133 19
430 465 2
431 126 21
432 279 18
433 1050 9
434 743 13
435 434 13
436 527 11
437 343 6
438 1129 6
439 1044 4
440 474 2
441 1036 4
442 648 10
443 356 2
444 200 10
445 1175 18
446 976 20
447 770 12
448 131 19
449 749 15
450 1078 14
451 1086 6
452 171 10
453 944 14
454 445 19
455 540 9
456 787 3
457 918 16
458 1117 8
459 1190 4
460 544 4
461 103 1
462 339 5
463 1061 5
464 305 20
465 347 20
466 1196 5
467 1082 18
468 988 2
469 830 9
470 338 18
471 679 2
472 294 13
473 383 11
474 522 2
475 117 9
476 656 10
477 1110 21
478 164 1
479 713 10
