1200 4787 480

0 25 200
1 50 500
2 100 1200
3 150 2800
4 200 4500
5 250 7000

0 1500
1 1500
2 1500
3 1500
4 1500
5 1500
6 1500
7 1500
8 1500
9 1000
10 2000
11 1000
12 2000
13 1000
14 2000
15 1000
16 1000
17 1000
18 1000
19 1000
20 2000
21 2000
22 2000
23 2000
24 1000
25 2000
26 2000
27 1000
28 1000
29 2000
30 1000
31 2000
32 1000
33 1000
34 2000
35 1000
36 1000
37 1000
38 2000
39 1000
40 2000
41 2000
42 2000
43 1000
44 2000
45 1500
46 1000
47 1500
48 1500
49 1000
50 1500
51 1000
52 2000
53 1000
54 1000
55 2000
56 1000
57 2000
58 2000
59 500
60 2000
61 1000
62 2000
63 2000
64 2000
65 1000
66 2000
67 2000
68 1000
69 2000
70 1000
71 2000
72 500
73 1000
74 1000
75 2000
76 1000
77 1000
78 500
79 500
80 1500
81 1500
82 1000
83 1000
84 1000
85 2000
86 2000
87 2000
88 2000
89 1000
90 2000
91 1000
92 1000
93 1000
94 500
95 500
96 500
97 500
98 500
99 500
100 1000
101 1500
102 1500
103 1500
104 1500
105 1000
106 1500
107 1500
108 500
109 1000
110 2000
111 2000
112 2000
113 2000
114 1000
115 2000
116 1000
117 2000
118 2000
119 1000
120 2000
121 1000
122 2000
123 2000
124 2000
125 1000
126 1000
127 1000
128 500
129 1000
130 2000
131 1000
132 1000
133 2000
134 1000
135 2000
136 1000
137 1000
138 2000
139 2000
140 1500
141 1500
142 1500
143 1000
144 1000
145 2000
146 2000
147 2000
148 1000
149 2000
150 2000
151 1000
152 1000
153 2000
154 1000
155 1500
156 1000
157 1500
158 1000
159 1000
160 1000
161 2000
162 1000
163 500
164 500
165 1000
166 1000
167 1000
168 2000
169 2000
170 1500
171 1500
172 2000
173 1000
174 1000
175 1000
176 1000
177 1000
178 2000
179 2000
180 1500
181 1500
182 1500
183 1500
184 1500
185 2000
186 1000
187 1000
188 2000
189 2000
190 1000
191 1000
192 2000
193 1000
194 2000
195 2000
196 2000
197 2000
198 2000
199 1000
200 1000
201 1000
202 1000
203 2000
204 1000
205 1500
206 1500
207 1500
208 2000
209 1000
210 2000
211 1000
212 2000
213 2000
214 1000
215 2000
216 1000
217 2000
218 2000
219 2000
220 1500
221 1500
222 1500
223 1500
224 1000
225 2000
226 1000
227 2000
228 2000
229 1000
230 1000
231 1000
232 2000
233 1000
234 2000
235 2000
236 2000
237 1000
238 2000
239 2000
240 1000
241 1000
242 1000
243 500
244 500
245 1500
246 1500
247 1500
248 1500
249 1500
250 1000
251 1000
252 2000
253 1000
254 1000
255 1000
256 2000
257 2000
258 1000
259 2000
260 2000
261 1000
262 2000
263 2000
264 1000
265 1000
266 1000
267 1000
268 2000
269 2000
270 1500
271 1000
272 1000
273 2000
274 2000
275 1500
276 1500
277 2000
278 1000
279 1000
280 2000
281 1000
282 1000
283 2000
284 2000
285 1000
286 1500
287 1500
288 500
289 500
290 2000
291 2000
292 1000
293 2000
294 2000
295 2000
296 1000
297 1000
298 2000
299 2000
300 1500
301 2000
302 1000
303 1000
304 2000
305 1500
306 1500
307 1500
308 1000
309 2000
310 1000
311 1000
312 1000
313 2000
314 2000
315 1000
316 2000
317 2000
318 2000
319 1000
320 1000
321 500
322 500
323 500
324 500
325 1500
326 1500
327 1500
328 2000
329 2000
330 1000
331 1000
332 1000
333 2000
334 1000
335 1000
336 2000
337 2000
338 1000
339 1000
340 1500
341 1500
342 1000
343 1500
344 2000
345 1000
346 2000
347 1000
348 2000
349 2000
350 1000
351 2000
352 1000
353 1000
354 500
355 500
356 500
357 2000
358 1000
359 1000
360 1000
361 1500
362 1500
363 1500
364 500
365 500
366 500
367 1000
368 1000
369 2000
370 2000
371 2000
372 1000
373 1000
374 2000
375 2000
376 2000
377 2000
378 1000
379 2000
380 1500
381 1500
382 1000
383 1000
384 1500
385 1500
386 1500
387 1500
388 1500
389 2000
390 1000
391 1000
392 2000
393 2000
394 1000
395 2000
396 1000
397 1000
398 2000
399 1000
400 1000
401 2000
402 500
403 500
404 500
405 500
406 500
407 2000
408 1000
409 2000
410 1000
411 1000
412 1000
413 2000
414 2000
415 2000
416 1000
417 1000
418 1000
419 2000
420 2000
421 1000
422 2000
423 2000
424 1000
425 1500
426 1500
427 1500
428 1500
429 1500
430 2000
431 2000
432 1000
433 2000
434 2000
435 2000
436 1000
437 2000
438 1000
439 2000
440 1000
441 1000
442 1000
443 2000
444 2000
445 1000
446 2000
447 1000
448 2000
449 2000
450 1500
451 2000
452 2000
453 1000
454 2000
455 1500
456 1500
457 1000
458 2000
459 2000
460 2000
461 2000
462 1000
463 2000
464 1000
465 1000
466 1500
467 500
468 500
469 500
470 2000
471 1000
472 1000
473 2000
474 2000
475 1500
476 1500
477 1000
478 1500
479 2000
480 2000
481 1000
482 2000
483 1000
484 1000
485 2000
486 2000
487 1000
488 1000
489 1000
490 500
491 2000
492 2000
493 2000
494 2000
495 1500
496 1500
497 1500
498 1500
499 2000
500 2000
501 1000
502 2000
503 2000
504 1000
505 2000
506 2000
507 1000
508 1000
509 1000
510 1000
511 1000
512 2000
513 1000
514 2000
515 1500
516 1500
517 2000
518 2000
519 1000
520 1000
521 2000
522 2000
523 1000
524 2000
525 1500
526 1000
527 1000
528 1000
529 2000
530 1500
531 1000
532 1500
533 1500
534 1500
535 2000
536 2000
537 1000
538 1000
539 2000
540 500
541 500
542 500
543 500
544 500
545 500
546 2000
547 2000
548 1000
549 1000
550 2000
551 2000
552 2000
553 2000
554 2000
555 1500
556 1500
557 1500
558 1500
559 1500
560 1500
561 2000
562 2000
563 2000
564 1000
565 1000
566 2000
567 2000
568 2000
569 1000
570 1000
571 1000
572 1000
573 2000
574 1000
575 1500
576 1000
577 2000
578 2000
579 2000
580 1000
581 1000
582 1000
583 1000
584 2000
585 1500
586 1000
587 1000
588 2000
589 2000
590 1500
591 1500
592 1500
593 1000
594 2000
595 1000
596 2000
597 1000
598 1000
599 1000
600 2000
601 2000
602 1000
603 2000
604 2000
605 1500
606 1000
607 1000
608 2000
609 1000
610 2000
611 2000
612 500
613 500
614 500
615 1500
616 1500
617 1500
618 1500
619 1500
620 1500
621 1500
622 1500
623 2000
624 2000
625 2000
626 1000
627 2000
628 2000
629 2000
630 2000
631 2000
632 2000
633 1000
634 1000
635 1000
636 2000
637 2000
638 1000
639 1000
640 1000
641 2000
642 2000
643 1000
644 2000
645 2000
646 2000
647 1000
648 2000
649 2000
650 2000
651 2000
652 1000
653 2000
654 2000
655 1000
656 1500
657 1500
658 1500
659 1500
660 1500
661 500
662 500
663 2000
664 2000
665 1000
666 2000
667 1000
668 2000
669 1000
670 1000
671 1000
672 2000
673 2000
674 2000
675 1000
676 1000
677 2000
678 1000
679 1000
680 2000
681 1000
682 2000
683 2000
684 1000
685 1500
686 1500
687 1500
688 1500
689 2000
690 2000
691 1000
692 2000
693 1000
694 2000
695 1000
696 2000
697 1000
698 1000
699 2000
700 2000
701 2000
702 2000
703 2000
704 2000
705 1500
706 1500
707 1500
708 1500
709 1500
710 1500
711 2000
712 1000
713 2000
714 1000
715 2000
716 2000
717 2000
718 1000
719 2000
720 1000
721 1000
722 1000
723 2000
724 1000
725 1000
726 2000
727 1000
728 2000
729 2000
730 1000
731 1000
732 2000
733 2000
734 2000
735 1500
736 1500
737 1500
738 1500
739 1000
740 1000
741 1000
742 2000
743 1000
744 2000
745 1000
746 1000
747 1000
748 1000
749 2000
750 1000
751 2000
752 1000
753 2000
754 2000
755 1000
756 1500
757 1500
758 1500
759 500
760 1000
761 2000
762 1000
763 2000
764 1000
765 2000
766 1000
767 1000
768 2000
769 1000
770 1000
771 1000
772 1000
773 2000
774 1000
775 1500
776 1500
777 1500
778 1000
779 1500
780 1000
781 1000
782 2000
783 1000
784 1000
785 2000
786 2000
787 2000
788 1000
789 2000
790 2000
791 2000
792 1000
793 2000
794 1000
795 2000
796 2000
797 500
798 2000
799 2000
800 1500
801 1000
802 2000
803 2000
804 1000
805 1500
806 1500
807 2000
808 1000
809 1000
810 2000
811 2000
812 2000
813 1000
814 2000
815 1500
816 1500
817 1000
818 2000
819 1000
820 2000
821 1000
822 2000
823 1000
824 1000
825 1500
826 1500
827 1500
828 1500
829 1500
830 1500
831 1500
832 2000
833 2000
834 2000
835 2000
836 1000
837 1000
838 2000
839 2000
840 2000
841 1000
842 2000
843 1000
844 1000
845 2000
846 1000
847 1000
848 1000
849 1000
850 2000
851 2000
852 2000
853 1000
854 1000
855 1000
856 1000
857 1000
858 2000
859 1000
860 1500
861 1500
862 1500
863 1500
864 2000
865 1000
866 1000
867 2000
868 1000
869 2000
870 1000
871 2000
872 2000
873 1000
874 2000
875 1000
876 2000
877 2000
878 2000
879 2000
880 1500
881 1500
882 1000
883 1500
884 1000
885 1500
886 2000
887 2000
888 2000
889 1000
890 1000
891 2000
892 2000
893 2000
894 1000
895 2000
896 1000
897 500
898 2000
899 1000
900 1000
901 1000
902 500
903 500
904 500
905 2000
906 2000
907 1000
908 2000
909 2000
910 1500
911 1500
912 1500
913 1500
914 1500
915 1000
916 2000
917 2000
918 2000
919 2000
920 2000
921 2000
922 1000
923 2000
924 2000
925 1000
926 2000
927 1000
928 2000
929 1000
930 1000
931 1000
932 2000
933 1000
934 1000
935 1500
936 1500
937 1500
938 1500
939 1500
940 1500
941 2000
942 1000
943 2000
944 1000
945 2000
946 2000
947 2000
948 2000
949 1000
950 2000
951 1000
952 1000
953 1000
954 2000
955 2000
956 2000
957 1000
958 1000
959 2000
960 2000
961 2000
962 2000
963 2000
964 1000
965 1500
966 1500
967 1500
968 1000
969 1500
970 1500
971 1500
972 1500
973 2000
974 1000
975 2000
976 1000
977 2000
978 1000
979 1000
980 2000
981 1000
982 2000
983 2000
984 1000
985 1000
986 1000
987 500
988 500
989 1000
990 1000
991 2000
992 2000
993 2000
994 1000
995 2000
996 1000
997 1000
998 2000
999 2000
1000 1000
1001 1000
1002 1000
1003 1000
1004 2000
1005 1500
1006 1500
1007 1500
1008 1000
1009 1000
1010 2000
1011 2000
1012 2000
1013 2000
1014 2000
1015 2000
1016 2000
1017 1000
1018 1000
1019 1000
1020 1500
1021 1500
1022 1500
1023 1500
1024 1000
1025 1000
1026 2000
1027 1000
1028 1000
1029 1000
1030 1000
1031 1000
1032 1000
1033 2000
1034 2000
1035 2000
1036 1000
1037 1000
1038 2000
1039 2000
1040 1500
1041 1500
1042 1000
1043 2000
1044 1000
1045 1000
1046 1000
1047 1000
1048 1000
1049 2000
1050 1000
1051 1000
1052 1000
1053 500
1054 500
1055 1500
1056 1500
1057 1500
1058 2000
1059 2000
1060 1000
1061 2000
1062 1000
1063 2000
1064 2000
1065 1000
1066 2000
1067 2000
1068 1000
1069 1000
1070 1500
1071 1500
1072 1500
1073 1500
1074 1500
1075 2000
1076 1000
1077 1000
1078 2000
1079 2000
1080 1000
1081 1000
1082 1000
1083 2000
1084 2000
1085 1000
1086 2000
1087 2000
1088 2000
1089 1000
1090 2000
1091 1000
1092 2000
1093 2000
1094 2000
1095 1500
1096 1000
1097 1000
1098 1000
1099 1000
1100 2000
1101 2000
1102 2000
1103 2000
1104 500
1105 1500
1106 1500
1107 1500
1108 1500
1109 1500
1110 1000
1111 1000
1112 1000
1113 2000
1114 2000
1115 2000
1116 2000
1117 2000
1118 1000
1119 2000
1120 1000
1121 2000
1122 2000
1123 1000
1124 2000
1125 2000
1126 2000
1127 1000
1128 2000
1129 1000
1130 1000
1131 2000
1132 500
1133 500
1134 500
1135 1500
1136 1500
1137 2000
1138 2000
1139 1000
1140 2000
1141 1000
1142 2000
1143 2000
1144 1000
1145 1500
1146 1000
1147 1500
1148 1500
1149 1500
1150 2000
1151 2000
1152 2000
1153 2000
1154 2000
1155 2000
1156 1000
1157 500
1158 500
1159 500
1160 1000
1161 1000
1162 2000
1163 2000
1164 2000
1165 2000
1166 2000
1167 2000
1168 2000
1169 2000
1170 1500
1171 1500
1172 1500
1173 1500
1174 1500
1175 1500
1176 2000
1177 1000
1178 2000
1179 1000
1180 2000
1181 2000
1182 2000
1183 1000
1184 2000
1185 1000
1186 1000
1187 2000
1188 1000
1189 1000
1190 2000
1191 2000
1192 2000
1193 2000
1194 1000
1195 2000
1196 1000
1197 2000
1198 1000
1199 2000

0 1 9 1
0 2 16 4
0 3 14 9
0 4 2 7
0 5 13 10
0 6 15 3
0 7 42 5
0 8 25 8
0 9 31 8
0 10 26 4
0 171 47 3
0 206 14 3
0 320 16 10
0 340 36 2
0 427 2 6
0 497 10 8
0 532 27 7
0 708 31 7
0 816 34 4
0 937 35 7
0 1070 20 8
0 1148 6 1
1 2 39 8
1 3 7 8
1 4 31 9
1 5 9 4
1 6 31 10
1 7 26 6
1 8 19 7
1 11 41 6
1 12 46 6
1 13 23 1
1 14 46 7
1 15 7 5
1 16 44 7
1 17 17 8
1 142 33 10
1 207 5 4
1 270 27 2
1 275 12 5
1 306 7 4
1 361 16 4
1 384 45 3
1 455 37 6
1 800 26 2
1 1171 48 8
2 3 35 5
2 4 31 4
2 5 42 6
2 6 12 2
2 7 42 6
2 8 2 1
2 18 29 2
2 19 4 9
2 20 27 7
2 21 13 7
2 170 26 6
2 180 32 2
2 184 5 3
2 307 34 6
2 590 42 6
2 621 30 4
2 655 28 1
2 709 18 3
2 756 42 3
2 775 7 8
2 969 19 7
2 1072 50 3
2 1135 14 5
3 4 42 2
3 5 10 2
3 6 37 9
3 7 29 2
3 8 8 2
3 22 12 9
3 23 21 10
3 24 27 1
3 25 27 4
3 26 39 5
3 360 6 4
3 525 43 8
3 585 31 1
3 658 30 7
3 738 46 1
3 816 1 9
3 829 2 1
3 914 48 1
3 939 13 2
3 1095 34 7
3 1172 27 5
4 5 17 1
4 6 39 3
4 7 3 6
4 8 13 7
4 27 3 8
4 28 1 10
4 29 17 6
4 30 10 3
4 31 33 3
4 155 45 2
4 223 21 1
4 249 4 7
4 270 38 5
4 429 3 3
4 455 14 7
4 466 44 6
4 496 30 7
4 532 19 5
4 560 21 4
4 619 14 9
4 800 14 8
4 806 35 10
4 882 41 4
4 1007 42 10
4 1023 47 2
4 1105 16 2
4 1136 8 7
5 6 26 6
5 7 1 4
5 8 32 5
5 32 21 1
5 33 23 4
5 34 20 6
5 48 30 2
5 51 47 7
5 81 4 7
5 157 25 8
5 286 46 1
5 325 47 9
5 340 19 5
5 476 35 5
5 516 16 8
5 805 44 8
5 860 40 5
5 1040 24 8
5 1147 25 4
6 7 41 5
6 8 39 6
6 35 33 4
6 36 5 2
6 37 35 2
6 38 16 3
6 107 34 1
6 559 9 8
6 585 4 1
6 606 15 8
6 831 50 8
6 910 37 7
6 969 7 9
6 1055 35 9
6 1096 24 6
7 8 1 6
7 39 14 4
7 40 36 10
7 101 17 1
7 275 18 5
7 300 31 7
7 384 3 10
7 466 8 1
7 525 24 9
7 605 20 3
7 685 22 9
7 686 50 1
7 736 33 1
7 756 39 4
7 776 22 6
7 860 39 9
7 882 3 8
7 1006 5 7
7 1022 22 8
7 1042 31 7
8 41 41 3
8 42 22 5
8 43 37 5
8 44 13 4
8 83 29 4
8 141 16 8
8 224 46 1
8 249 7 10
8 286 11 4
8 300 49 5
8 325 50 5
8 450 44 3
8 477 13 6
8 515 36 1
8 592 47 6
8 1057 36 7
8 1107 36 6
45 46 30 2
45 47 8 3
45 48 21 10
45 49 14 3
45 50 7 6
45 51 4 10
45 52 44 4
45 53 46 2
45 54 10 9
45 55 4 7
45 56 46 4
45 57 6 4
45 58 6 6
45 104 21 9
45 141 3 3
45 320 7 8
45 325 17 9
45 380 9 3
45 450 17 10
45 525 15 9
45 585 23 9
45 657 32 8
45 815 26 7
45 827 6 4
45 829 49 8
45 1005 8 7
45 1042 44 10
45 1173 36 2
46 47 17 10
46 48 33 4
46 49 39 4
46 50 8 1
46 51 49 3
46 59 38 2
46 83 48 7
46 157 31 2
46 183 23 4
46 220 43 7
46 248 1 10
46 325 50 6
46 340 5 7
46 361 29 1
46 515 26 3
46 591 42 7
46 605 33 3
46 800 24 5
46 805 43 9
46 938 29 7
46 966 36 3
46 967 18 7
46 1074 17 7
47 48 4 4
47 49 40 4
47 50 37 3
47 51 45 3
47 60 40 10
47 61 50 10
47 62 13 4
47 63 46 4
47 64 6 6
47 65 48 7
47 83 46 4
47 140 22 4
47 207 5 5
47 270 24 3
47 300 16 2
47 476 24 5
47 515 25 5
47 531 2 4
47 560 37 9
47 592 45 5
47 606 40 4
47 688 43 8
47 757 7 7
47 800 37 1
47 1056 28 4
47 1135 6 9
47 1136 36 7
48 49 25 9
48 50 14 1
48 51 22 9
48 66 36 4
48 67 50 5
48 68 5 5
48 69 2 5
48 70 30 4
48 71 17 7
48 456 23 5
48 465 27 3
48 496 22 10
48 558 21 1
48 660 13 2
48 735 18 5
48 736 15 3
48 757 26 9
48 881 25 10
48 914 24 3
48 936 41 1
48 1095 22 10
48 1108 15 8
48 1147 25 5
49 50 11 9
49 51 18 5
49 72 10 1
49 104 16 5
49 180 23 8
49 246 15 7
49 300 42 6
49 307 30 9
49 450 49 2
49 456 14 5
49 497 22 6
49 525 2 2
49 617 37 4
49 688 47 8
49 708 46 7
49 806 39 10
49 860 11 4
49 884 2 2
49 1007 37 6
49 1022 9 2
49 1056 35 4
50 51 39 3
50 73 21 10
50 74 36 8
50 75 1 6
50 76 37 8
50 77 48 4
50 156 7 4
50 171 27 2
50 206 23 2
50 220 37 7
50 287 2 5
50 341 32 10
50 382 8 9
50 426 16 3
50 533 25 2
50 709 32 3
50 776 12 5
50 1040 37 8
50 1073 43 1
50 1148 26 10
50 1173 29 9
51 78 4 8
51 79 42 8
51 171 22 2
51 270 20 9
51 275 26 6
51 276 50 5
51 286 19 2
51 363 19 5
51 425 34 8
51 477 47 7
51 585 21 5
51 618 25 4
51 779 3 7
51 815 1 7
51 862 21 9
51 911 49 3
51 1020 41 3
51 1096 41 9
51 1109 11 10
80 81 1 6
80 82 16 10
80 83 40 7
80 84 25 6
80 85 20 6
80 86 11 7
80 87 41 9
80 88 46 6
80 171 12 7
80 246 40 6
80 270 35 5
80 275 14 7
80 285 13 5
80 287 16 8
80 300 28 2
80 305 42 6
80 320 49 9
80 360 18 5
80 363 15 2
80 386 44 1
80 425 6 5
80 450 8 3
80 525 4 10
80 560 33 2
80 585 10 4
80 591 41 7
80 685 31 2
80 736 22 8
80 755 11 5
80 757 46 8
80 800 43 1
80 816 18 1
80 861 5 2
80 880 36 8
80 1071 41 10
80 1095 36 4
80 1145 36 9
80 1148 30 4
80 1171 20 9
81 82 27 2
81 83 22 3
81 89 27 9
81 90 34 3
81 91 16 7
81 92 22 8
81 93 24 9
81 100 26 4
81 104 20 5
81 156 48 8
81 170 44 7
81 183 37 9
81 206 45 9
81 325 44 6
81 340 50 7
81 384 9 7
81 455 43 2
81 456 37 3
81 466 14 10
81 516 12 7
81 533 10 8
81 585 32 9
81 592 44 6
81 778 9 3
81 779 36 5
81 805 25 10
81 815 7 8
81 827 47 1
81 882 29 6
81 937 47 7
81 971 14 6
81 1006 5 7
81 1022 22 2
82 83 12 10
82 94 36 1
82 95 5 2
82 141 5 7
82 270 32 4
82 341 15 8
82 428 35 5
82 450 44 10
82 465 7 6
82 476 3 5
82 496 12 6
82 498 34 8
82 525 43 9
82 656 31 8
82 688 2 3
82 707 8 1
82 710 16 8
82 800 14 3
82 805 41 1
82 826 32 7
82 968 49 9
82 1005 15 6
82 1021 5 7
82 1041 2 4
82 1042 39 10
82 1056 30 5
82 1073 14 9
82 1095 41 10
82 1105 18 3
82 1135 34 8
83 96 38 9
83 97 45 7
83 98 26 7
83 99 37 2
83 142 17 7
83 155 39 7
83 180 44 8
83 207 24 5
83 222 19 5
83 223 50 8
83 275 23 5
83 306 25 3
83 320 2 6
83 325 6 1
83 534 33 2
83 557 41 8
83 605 31 8
83 615 41 4
83 617 25 10
83 660 44 7
83 738 4 1
83 863 19 1
83 912 49 4
83 939 13 9
83 1055 37 3
83 1107 19 2
83 1136 48 6
83 1174 35 1
100 101 8 1
100 102 29 3
100 103 33 2
100 104 35 8
100 105 32 7
100 106 27 1
100 107 50 9
100 108 19 2
100 184 48 1
100 270 42 9
100 276 25 3
100 320 1 4
100 477 28 6
100 591 29 7
100 605 50 6
100 830 50 3
100 1005 28 2
100 1022 26 8
100 1055 36 4
101 102 13 5
101 103 21 7
101 104 36 2
101 105 10 7
101 106 34 8
101 107 13 10
101 109 2 5
101 110 3 2
101 111 3 10
101 112 46 4
101 113 5 8
101 114 12 8
101 115 25 8
101 182 19 3
101 270 50 10
101 306 14 2
101 327 17 4
101 363 1 7
101 450 18 8
101 525 15 7
101 592 14 4
101 615 39 7
101 705 4 2
101 757 25 4
101 815 43 5
101 862 49 5
101 1041 47 6
101 1135 35 10
102 103 32 1
102 104 24 8
102 105 3 10
102 106 31 2
102 107 45 6
102 116 40 4
102 117 50 2
102 118 49 6
102 140 37 9
102 155 41 9
102 170 46 10
102 248 39 9
102 380 45 4
102 426 42 3
102 450 45 7
102 466 28 10
102 477 39 4
102 497 21 2
102 515 19 2
102 585 12 7
102 621 32 8
102 737 33 8
102 800 13 1
102 885 31 4
102 966 26 10
102 1042 50 6
102 1072 36 9
102 1135 43 5
102 1172 22 9
103 104 13 6
103 105 32 5
103 106 12 8
103 107 17 7
103 119 29 2
103 120 36 5
103 121 38 6
103 306 23 5
103 515 42 3
103 737 50 10
103 777 13 7
103 806 14 4
103 881 41 6
103 938 27 2
103 1005 23 4
103 1095 25 5
103 1171 49 10
104 105 26 8
104 106 30 6
104 107 19 8
104 122 20 8
104 123 21 9
104 124 22 4
104 125 50 6
104 126 46 7
104 127 1 1
104 207 1 9
104 246 41 4
104 300 21 10
104 343 46 6
104 685 28 8
104 914 45 7
104 1095 23 3
104 1105 13 3
104 1109 20 6
104 1145 23 7
105 106 7 8
105 107 15 4
105 128 35 5
105 223 14 10
105 276 24 2
105 326 13 9
105 360 18 10
105 525 39 7
105 530 4 9
105 606 37 8
105 658 41 10
105 710 30 8
105 805 39 6
105 826 47 10
105 938 1 4
105 1021 10 9
105 1056 25 3
106 107 5 2
106 129 50 8
106 130 20 4
106 131 24 2
106 132 3 5
106 133 38 7
106 134 17 9
106 135 16 6
106 141 11 10
106 171 14 8
106 221 43 6
106 285 21 2
106 386 23 4
106 455 39 2
106 466 30 2
106 497 42 5
106 755 46 4
106 914 29 4
106 970 35 3
106 1073 6 4
107 136 40 7
107 137 49 7
107 138 45 4
107 139 31 3
107 155 8 9
107 205 5 8
107 286 34 9
107 300 16 6
107 320 45 10
107 341 20 2
107 428 22 7
107 533 48 5
107 558 4 3
107 559 31 4
107 656 21 10
107 779 5 2
107 800 12 2
107 816 35 2
107 863 35 6
107 1146 30 9
140 141 12 5
140 142 18 4
140 143 12 1
140 144 39 2
140 145 8 7
140 146 5 5
140 157 27 4
140 171 23 9
140 182 35 6
140 206 50 2
140 220 45 6
140 221 10 9
140 249 13 5
140 270 21 10
140 300 31 6
140 307 42 3
140 320 4 7
140 326 19 8
140 383 19 5
140 425 4 6
140 450 45 2
140 456 26 9
140 465 48 9
140 498 41 10
140 525 45 8
140 534 39 7
140 615 44 4
140 619 18 10
140 657 33 4
140 686 25 2
140 735 1 4
140 738 40 8
140 815 36 8
140 816 6 10
140 825 20 2
140 882 46 9
140 968 38 2
140 971 21 1
140 1006 2 10
140 1105 16 10
140 1171 34 3
141 142 15 9
141 147 29 6
141 157 11 4
141 245 36 1
141 275 30 8
141 276 36 5
141 325 1 8
141 343 49 1
141 360 33 9
141 361 15 4
141 385 44 9
141 450 1 3
141 466 7 6
141 475 29 4
141 530 38 1
141 559 35 3
141 592 28 3
141 605 35 4
141 686 14 7
141 755 9 2
141 756 28 3
141 777 26 10
141 800 34 7
141 805 25 1
141 860 1 4
141 863 3 3
141 881 36 2
141 910 24 6
141 912 21 6
141 936 49 8
141 1007 19 6
141 1021 44 3
141 1022 31 3
141 1055 9 10
141 1070 42 2
141 1110 20 6
141 1136 5 10
141 1145 15 4
142 148 6 4
142 149 43 3
142 150 44 10
142 151 21 8
142 152 31 5
142 153 7 5
142 154 26 10
142 170 7 5
142 182 35 6
142 207 49 6
142 286 16 8
142 300 26 10
142 305 3 2
142 320 15 10
142 429 11 3
142 455 44 3
142 477 21 4
142 495 5 2
142 515 46 7
142 525 39 2
142 555 2 7
142 585 27 1
142 591 44 8
142 606 7 5
142 660 36 7
142 707 43 8
142 708 47 9
142 777 14 7
142 800 43 4
142 825 15 2
142 935 2 10
142 1040 8 10
142 1041 14 9
142 1057 38 5
142 1095 21 6
142 1135 15 3
142 1146 4 8
142 1174 5 9
155 156 45 10
155 157 38 10
155 158 16 4
155 159 28 10
155 160 42 5
155 161 16 10
155 162 4 9
155 170 26 2
155 181 44 8
155 205 30 5
155 270 28 8
155 300 32 5
155 341 19 7
155 362 12 6
155 450 36 8
155 496 10 2
155 533 6 4
155 560 43 2
155 708 36 1
155 757 19 9
155 776 32 10
155 777 22 3
155 800 20 9
155 806 45 4
155 815 45 4
155 861 47 3
155 863 48 3
155 883 22 5
155 938 42 5
155 940 1 8
155 1022 16 7
155 1055 15 5
155 1057 28 8
155 1136 48 7
155 1148 39 5
155 1173 31 10
156 157 35 2
156 163 6 2
156 164 11 9
156 183 28 3
156 207 12 7
156 223 47 5
156 224 46 7
156 249 9 7
156 270 32 1
156 276 27 7
156 287 37 8
156 305 14 7
156 320 20 2
156 360 39 9
156 425 1 4
156 426 34 2
156 456 7 8
156 465 12 1
156 475 35 3
156 498 38 7
156 515 31 5
156 525 18 3
156 557 8 8
156 620 47 2
156 737 39 7
156 758 21 10
156 805 13 10
156 816 2 3
156 830 4 5
156 881 11 5
156 913 6 9
156 966 25 8
156 1005 13 4
156 1021 8 7
156 1107 14 3
157 165 48 6
157 166 15 3
157 167 15 7
157 168 41 6
157 169 48 3
157 171 18 4
157 248 40 9
157 275 2 4
157 285 39 2
157 300 50 6
157 326 48 2
157 327 4 3
157 340 30 2
157 380 39 5
157 387 50 3
157 450 21 9
157 455 34 1
157 465 13 4
157 478 11 3
157 516 34 2
157 525 33 8
157 533 13 1
157 585 27 3
157 592 35 7
157 606 16 6
157 616 31 2
157 656 15 10
157 685 30 7
157 686 32 3
157 708 16 6
157 736 15 8
157 831 48 1
157 912 3 6
157 965 24 6
157 1007 29 2
157 1041 10 9
157 1042 16 10
157 1073 4 7
157 1074 36 3
157 1095 12 4
157 1096 44 1
157 1107 6 4
157 1136 14 6
157 1148 44 5
157 1173 22 6
170 171 33 6
170 172 46 4
170 173 9 4
170 174 24 5
170 175 21 10
170 176 45 1
170 182 37 1
170 207 24 7
170 245 31 6
170 270 32 5
170 275 50 6
170 276 9 6
170 285 25 6
170 300 20 3
170 306 36 2
170 307 25 2
170 320 18 2
170 327 13 6
170 342 10 5
170 362 22 1
170 363 25 5
170 427 19 4
170 450 20 1
170 456 38 5
170 466 22 6
170 475 5 9
170 477 44 3
170 515 13 6
170 525 30 8
170 558 11 9
170 585 35 1
170 606 46 1
170 621 47 6
170 659 50 8
170 687 26 2
170 705 29 7
170 756 47 3
170 757 10 9
170 800 10 9
170 806 49 7
170 815 13 3
170 826 14 3
170 860 5 8
170 884 30 10
170 885 43 1
170 912 6 9
170 935 4 2
170 938 15 9
170 1007 20 7
170 1023 48 10
170 1073 34 8
170 1095 48 4
170 1136 11 6
170 1146 33 3
170 1147 36 8
170 1172 23 1
170 1174 35 2
171 177 50 4
171 178 45 6
171 179 21 7
171 184 5 6
171 205 25 7
171 223 21 1
171 224 6 6
171 247 16 7
171 270 9 9
171 287 33 1
171 320 16 8
171 327 17 10
171 342 7 5
171 383 10 6
171 385 17 8
171 426 39 2
171 450 39 10
171 465 1 4
171 495 7 9
171 496 22 10
171 525 2 1
171 530 19 6
171 533 21 10
171 555 36 2
171 585 17 9
171 590 38 2
171 591 18 1
171 605 43 5
171 656 24 3
171 685 10 10
171 710 43 10
171 735 37 10
171 738 28 8
171 778 48 1
171 779 43 7
171 800 14 5
171 806 45 9
171 816 44 1
171 829 47 6
171 860 40 10
171 910 3 7
171 966 8 4
171 967 34 5
171 1005 17 7
171 1023 1 6
171 1040 37 8
171 1042 27 10
171 1055 35 7
171 1056 1 5
171 1070 8 8
171 1107 41 1
171 1110 1 7
171 1136 50 7
180 181 49 7
180 182 14 1
180 183 39 10
180 184 6 2
180 185 26 7
180 186 38 2
180 187 6 2
180 248 33 3
180 287 16 5
180 381 45 8
180 387 21 5
180 478 38 1
180 515 4 8
180 516 50 2
180 559 2 5
180 605 28 8
180 659 27 3
180 706 45 1
180 777 35 5
180 862 34 10
180 883 3 9
180 884 31 8
180 1005 39 2
180 1021 2 8
180 1041 39 7
180 1042 33 6
180 1096 27 10
181 182 45 6
181 183 21 4
181 184 27 10
181 188 12 4
181 189 14 6
181 206 45 6
181 276 46 2
181 300 31 7
181 320 26 3
181 327 47 5
181 450 3 9
181 456 31 1
181 465 18 5
181 476 23 6
181 495 24 5
181 559 40 2
181 685 5 2
181 707 23 1
181 738 44 9
181 800 35 5
181 861 22 10
181 1006 14 10
181 1057 33 7
181 1135 18 1
181 1146 37 10
182 183 22 6
182 184 15 4
182 190 39 3
182 191 4 5
182 192 43 2
182 193 5 5
182 205 7 8
182 248 33 7
182 360 49 8
182 450 24 10
182 455 40 2
182 466 17 1
182 525 30 1
182 585 15 2
182 591 30 7
182 737 31 6
182 756 46 9
182 800 33 2
182 826 12 4
182 913 19 3
182 936 42 7
182 965 39 1
182 1108 25 8
182 1135 40 8
183 184 29 8
183 194 31 10
183 195 28 2
183 196 14 6
183 197 35 1
183 198 24 8
183 199 11 5
183 287 34 1
183 300 2 8
183 325 29 2
183 340 17 2
183 496 5 10
183 532 22 8
183 605 21 8
183 619 38 10
183 686 5 4
183 806 29 6
183 816 45 5
183 828 39 4
183 968 10 4
183 1021 10 2
183 1095 25 1
183 1172 15 9
184 200 43 4
184 201 28 8
184 202 16 2
184 203 21 1
184 204 32 2
184 222 28 2
184 223 27 3
184 270 33 9
184 305 9 9
184 306 32 7
184 320 44 8
184 342 9 1
184 361 16 5
184 426 6 5
184 427 23 3
184 525 18 3
184 530 16 6
184 585 7 1
184 590 8 1
184 620 18 1
184 655 4 8
184 758 20 5
184 778 20 3
184 805 49 1
184 815 14 2
184 910 31 2
184 940 41 4
184 1057 34 8
184 1071 47 7
184 1107 1 5
184 1145 38 10
184 1171 31 4
205 206 26 4
205 207 49 7
205 208 15 9
205 209 15 9
205 210 32 9
205 211 49 8
205 212 14 3
205 224 43 4
205 247 1 7
205 270 31 4
205 285 25 8
205 300 42 6
205 306 10 9
205 327 35 4
205 341 28 6
205 343 3 5
205 456 13 4
205 465 50 2
205 466 8 1
205 498 15 1
205 515 12 3
205 516 2 10
205 525 18 6
205 533 24 2
205 559 2 6
205 585 48 3
205 592 6 5
205 606 47 10
205 618 21 9
205 622 39 5
205 655 21 3
205 709 40 4
205 756 2 9
205 758 26 6
205 779 8 5
205 800 9 5
205 805 11 4
205 816 10 5
205 863 13 9
205 880 27 8
205 912 27 9
205 913 48 2
205 1006 9 6
205 1020 37 7
205 1073 20 8
205 1096 42 4
205 1110 6 6
205 1136 48 3
205 1147 5 10
205 1172 49 7
206 207 40 9
206 213 2 7
206 214 25 5
206 215 27 1
206 221 25 2
206 275 23 3
206 286 21 4
206 320 39 2
206 360 9 4
206 426 7 7
206 455 21 5
206 478 1 9
206 496 36 3
206 532 30 3
206 560 5 4
206 585 11 5
206 606 17 1
206 688 45 4
206 736 12 6
206 778 49 2
206 831 2 1
206 883 14 1
206 1040 10 3
206 1072 36 2
206 1135 35 4
206 1173 48 9
207 216 15 4
207 217 27 7
207 218 10 4
207 219 16 4
207 245 46 8
207 270 32 6
207 275 46 8
207 305 25 3
207 325 32 6
207 360 23 3
207 384 49 3
207 385 26 1
207 429 44 3
207 450 33 1
207 477 18 7
207 591 13 1
207 658 6 9
207 686 49 2
207 707 15 3
207 735 33 5
207 800 40 9
207 805 1 4
207 816 40 2
207 827 6 4
207 863 1 5
207 938 29 5
207 966 11 3
207 970 36 10
207 1005 44 8
207 1022 7 9
207 1041 30 7
207 1055 13 4
207 1056 26 4
207 1095 29 8
207 1145 43 8
220 221 26 1
220 222 36 9
220 223 34 9
220 224 14 4
220 225 36 9
220 226 23 1
220 227 43 9
220 228 9 7
220 229 20 5
220 249 12 5
220 300 4 3
220 320 36 2
220 341 42 8
220 362 7 10
220 363 23 1
220 450 46 9
220 466 44 9
220 585 12 1
220 618 44 2
220 800 22 3
220 805 40 8
220 816 28 8
220 827 4 3
220 831 8 6
220 881 29 6
220 935 48 2
220 1005 8 6
220 1042 3 1
220 1096 28 3
220 1106 48 3
220 1145 27 3
221 222 45 3
221 223 15 9
221 224 22 8
221 230 38 8
221 231 27 9
221 232 50 6
221 233 15 2
221 234 14 4
221 247 46 9
221 286 35 4
221 306 4 6
221 327 9 8
221 385 41 1
221 386 16 5
221 466 12 2
221 558 17 2
221 590 13 1
221 606 18 9
221 618 41 4
221 735 37 9
221 737 38 7
221 756 5 5
221 883 40 3
221 913 38 7
221 965 33 1
221 968 38 2
221 1021 12 4
221 1135 4 7
221 1174 27 8
222 223 31 7
222 224 32 2
222 235 36 8
222 236 40 6
222 237 47 8
222 238 49 3
222 270 32 7
222 307 7 8
222 325 5 8
222 427 17 5
222 450 47 3
222 456 42 4
222 498 37 3
222 533 40 3
222 605 42 9
222 656 36 10
222 688 5 1
222 705 35 6
222 708 50 2
222 1110 14 7
222 1135 26 6
223 224 46 8
223 239 28 8
223 240 14 5
223 241 26 6
223 242 33 7
223 275 37 8
223 320 20 4
223 343 12 2
223 429 41 5
223 456 32 1
223 496 42 4
223 515 23 2
223 516 27 5
223 525 2 5
223 657 27 8
223 755 13 1
223 1055 19 2
223 1056 40 1
223 1074 10 4
223 1095 27 6
223 1149 13 10
224 243 49 2
224 244 20 8
224 270 30 1
224 285 28 2
224 300 18 8
224 477 19 7
224 478 33 5
224 525 18 3
224 531 22 9
224 558 22 3
224 585 2 5
224 688 46 4
224 778 45 8
224 779 7 3
224 800 13 5
224 805 5 1
224 815 34 8
224 860 50 9
224 861 16 9
224 913 25 6
224 939 23 6
224 1005 4 4
224 1023 2 3
224 1041 4 8
224 1074 13 9
224 1172 35 1
245 246 9 10
245 247 20 6
245 248 23 9
245 249 47 10
245 250 28 8
245 251 16 8
245 252 44 6
245 253 13 4
245 287 29 6
245 381 48 4
245 388 4 5
245 426 30 3
245 456 50 5
245 516 19 1
245 619 31 6
245 736 20 1
245 775 8 8
245 806 31 2
245 1005 50 2
245 1040 36 2
245 1071 17 1
245 1105 48 10
245 1148 9 8
245 1173 44 1
246 247 28 4
246 248 40 8
246 249 26 1
246 254 35 8
246 255 27 8
246 256 46 5
246 257 28 5
246 258 7 10
246 300 23 6
246 325 35 4
246 340 4 9
246 450 9 6
246 525 23 8
246 558 33 2
246 585 33 7
246 591 10 4
246 688 28 1
246 800 15 1
246 805 26 6
246 881 5 3
246 885 3 2
246 912 7 6
246 972 41 7
246 1020 12 6
246 1021 19 5
246 1056 25 8
246 1073 27 1
246 1096 1 5
246 1136 18 3
247 248 49 10
247 249 31 6
247 259 33 2
247 260 11 2
247 261 48 5
247 262 12 2
247 270 27 8
247 275 15 7
247 300 28 8
247 306 19 2
247 341 7 7
247 465 7 1
247 525 6 1
247 710 2 9
247 736 17 5
247 755 17 5
247 757 36 8
247 826 36 6
247 862 14 3
247 936 10 8
247 1042 10 9
247 1135 31 10
247 1173 23 6
248 249 23 7
248 263 17 7
248 264 17 8
248 265 25 9
248 266 15 8
248 270 16 9
248 276 8 2
248 327 1 1
248 425 17 7
248 465 31 3
248 477 8 1
248 498 45 1
248 515 5 9
248 531 39 8
248 533 26 1
248 585 21 8
248 592 26 8
248 606 30 10
248 615 11 3
248 658 16 5
248 687 30 3
248 709 6 9
248 816 2 9
248 913 33 3
248 936 27 7
248 965 29 7
248 1007 7 3
248 1096 21 6
249 267 37 6
249 268 12 4
249 269 32 1
249 287 43 5
249 307 8 5
249 320 47 7
249 362 8 1
249 363 10 1
249 456 14 9
249 476 16 6
249 497 24 10
249 559 30 8
249 606 14 3
249 660 11 5
249 776 14 4
249 800 14 4
249 816 43 3
249 825 29 7
249 861 18 5
249 1108 23 3
249 1149 9 1
270 271 5 9
270 272 22 6
270 273 41 6
270 274 8 7
270 275 35 5
270 285 50 2
270 286 43 10
270 300 35 1
270 305 16 4
270 307 5 1
270 320 21 3
270 326 26 7
270 327 39 2
270 340 38 6
270 343 29 4
270 360 5 5
270 363 26 8
270 385 30 1
270 388 23 1
270 425 23 4
270 426 47 1
270 450 28 3
270 456 38 10
270 465 26 9
270 466 19 2
270 475 14 10
270 477 38 9
270 495 31 9
270 496 23 3
270 516 2 5
270 525 16 1
270 532 14 7
270 533 49 10
270 556 12 10
270 560 16 5
270 585 31 3
270 591 24 8
270 592 46 2
270 606 15 3
270 615 39 7
270 618 34 2
270 656 26 5
270 660 7 1
270 687 12 8
270 688 29 7
270 706 30 1
270 709 3 6
270 735 15 1
270 737 22 1
270 756 27 9
270 758 49 5
270 775 30 10
270 778 35 10
270 800 11 5
270 805 37 6
270 815 36 8
270 816 17 10
270 828 8 3
270 831 50 9
270 861 15 6
270 881 45 1
270 885 24 10
270 910 23 8
270 912 6 8
270 936 28 2
270 966 12 4
270 969 27 3
270 1005 16 5
270 1006 49 1
270 1022 35 2
270 1041 38 4
270 1042 10 7
270 1055 33 2
270 1056 1 8
270 1070 43 6
270 1074 39 6
270 1095 41 5
270 1096 45 1
270 1106 35 6
270 1108 6 9
270 1135 5 8
270 1145 14 4
270 1149 41 3
270 1173 14 7
270 1174 38 10
275 276 20 3
275 277 44 3
275 278 49 8
275 279 35 9
275 285 14 7
275 286 49 1
275 300 24 4
275 320 48 3
275 327 32 6
275 360 41 2
275 361 12 9
275 382 50 9
275 427 42 3
275 428 23 9
275 450 31 4
275 456 9 8
275 475 45 2
275 515 36 8
275 525 49 8
275 533 49 9
275 555 12 3
275 556 5 7
275 585 50 8
275 590 50 10
275 605 1 8
275 655 36 3
275 688 18 4
275 709 39 8
275 756 2 1
275 757 41 3
275 776 8 7
275 805 48 4
275 806 34 7
275 815 31 7
275 816 14 2
275 861 24 9
275 882 49 10
275 911 36 2
275 913 47 8
275 936 47 5
275 965 20 3
275 971 40 2
275 1006 13 1
275 1021 32 5
275 1041 50 8
275 1055 34 5
275 1070 12 9
275 1073 18 9
275 1095 3 4
275 1096 43 5
275 1106 41 3
275 1135 3 1
275 1145 13 5
275 1172 50 9
276 280 26 6
276 281 42 3
276 282 42 10
276 283 5 9
276 284 18 10
276 300 39 7
276 306 32 8
276 307 41 9
276 320 12 1
276 325 26 10
276 340 6 3
276 342 31 1
276 381 9 2
276 450 27 3
276 455 30 6
276 465 49 10
276 466 28 2
276 476 6 10
276 496 1 6
276 498 2 6
276 515 12 8
276 525 47 2
276 531 11 3
276 585 3 2
276 591 36 5
276 606 25 5
276 620 9 3
276 622 50 4
276 658 24 2
276 688 26 1
276 707 9 1
276 737 36 1
276 738 24 5
276 777 1 8
276 800 28 1
276 825 22 7
276 829 14 6
276 862 33 4
276 939 22 4
276 1007 8 10
276 1021 46 9
276 1042 5 8
276 1056 5 1
276 1110 6 8
276 1135 42 6
276 1147 48 1
276 1171 41 3
285 286 27 5
285 287 22 10
285 288 50 4
285 289 8 2
285 300 26 8
285 307 17 9
285 340 39 6
285 360 14 10
285 385 13 5
285 450 36 10
285 498 7 7
285 515 18 3
285 525 15 1
285 585 41 4
285 606 27 2
285 618 44 6
285 738 24 1
285 756 9 2
285 779 1 5
285 800 36 7
285 816 38 7
285 940 45 5
285 969 16 4
285 1007 22 6
285 1042 31 10
285 1056 24 2
285 1073 5 2
285 1136 16 2
286 287 21 2
286 290 11 9
286 291 23 8
286 292 29 1
286 293 16 6
286 294 40 2
286 295 10 10
286 296 18 3
286 300 35 6
286 307 20 9
286 320 1 2
286 325 40 10
286 342 23 5
286 425 3 4
286 429 18 10
286 456 31 9
286 465 47 8
286 475 24 1
286 476 11 8
286 516 6 2
286 525 47 2
286 531 16 5
286 534 43 6
286 557 5 1
286 560 16 3
286 585 39 6
286 591 10 8
286 606 25 4
286 656 16 4
286 775 23 3
286 800 29 2
286 815 11 8
286 862 21 9
286 971 44 2
286 1021 19 2
286 1055 50 9
286 1072 6 5
286 1096 18 1
286 1146 21 7
286 1171 35 3
286 1172 3 6
287 297 6 8
287 298 37 5
287 299 46 1
287 320 42 1
287 326 29 8
287 360 35 2
287 381 16 6
287 450 3 4
287 465 45 10
287 495 32 2
287 590 49 8
287 616 48 5
287 660 26 5
287 686 48 4
287 688 35 5
287 705 26 3
287 736 10 10
287 805 40 1
287 806 1 6
287 826 49 8
287 829 39 5
287 861 30 1
287 881 6 6
287 884 37 5
287 912 29 2
287 913 39 9
287 940 23 5
287 1006 28 3
287 1021 45 2
287 1041 5 2
287 1096 7 2
287 1105 37 3
287 1108 40 6
287 1135 35 4
287 1149 14 3
300 301 32 2
300 302 24 7
300 303 24 5
300 304 35 5
300 306 10 3
300 307 34 5
300 320 1 7
300 325 29 2
300 326 16 10
300 342 15 7
300 360 26 7
300 385 47 8
300 388 17 8
300 426 41 10
300 427 44 6
300 450 7 5
300 456 32 3
300 466 41 9
300 476 23 10
300 477 14 5
300 496 38 9
300 515 9 3
300 525 2 2
300 530 30 9
300 534 47 1
300 556 22 8
300 560 29 7
300 585 41 8
300 590 30 8
300 591 37 5
300 606 32 4
300 616 27 8
300 621 13 4
300 656 27 3
300 658 3 10
300 687 9 10
300 688 15 2
300 705 48 4
300 706 19 2
300 736 30 2
300 737 2 2
300 756 22 7
300 757 20 6
300 775 14 3
300 776 39 3
300 800 37 6
300 805 11 7
300 815 1 1
300 816 6 1
300 827 32 3
300 828 12 5
300 860 22 1
300 861 21 1
300 880 7 2
300 884 17 4
300 910 22 2
300 912 45 6
300 940 21 4
300 965 30 7
300 966 10 5
300 1006 10 8
300 1007 3 4
300 1020 23 1
300 1023 21 5
300 1041 16 4
300 1055 27 6
300 1056 37 1
300 1071 45 6
300 1074 20 7
300 1096 7 5
300 1107 17 2
300 1108 25 7
300 1135 38 8
300 1136 24 4
300 1146 31 5
300 1148 6 4
300 1173 8 9
300 1174 16 10
305 306 24 3
305 307 2 8
305 308 31 6
305 309 12 2
305 310 23 5
305 311 30 8
305 312 3 6
305 313 16 2
305 325 5 10
305 385 37 6
305 429 22 5
305 456 36 3
305 465 4 6
305 466 17 3
305 476 21 9
305 531 18 4
305 532 29 4
305 585 34 5
305 656 11 4
305 707 8 9
305 735 44 5
305 737 21 7
305 777 13 7
305 806 34 9
305 826 22 7
305 914 19 4
305 936 22 3
305 968 31 9
305 1020 17 8
305 1022 7 3
305 1040 16 5
305 1041 23 8
305 1072 48 5
305 1095 23 6
305 1110 2 1
305 1136 2 2
305 1172 28 1
306 307 17 1
306 314 16 9
306 315 37 2
306 320 45 6
306 342 43 5
306 360 4 4
306 386 33 8
306 450 39 7
306 456 17 9
306 475 35 3
306 515 50 9
306 525 48 4
306 556 43 8
306 559 20 4
306 585 33 5
306 592 35 2
306 605 31 5
306 659 48 10
306 757 18 2
306 758 43 8
306 775 17 8
306 805 21 6
306 816 19 3
306 826 6 1
306 863 47 6
306 880 12 1
306 912 42 10
306 1005 3 5
306 1057 17 10
306 1072 27 3
306 1109 16 1
306 1136 34 7
306 1146 24 6
307 316 22 6
307 317 3 4
307 318 5 6
307 319 47 5
307 325 10 1
307 340 29 5
307 362 19 5
307 429 3 4
307 497 6 4
307 498 12 2
307 515 31 4
307 592 39 10
307 606 22 10
307 617 20 4
307 687 5 5
307 688 45 10
307 705 4 9
307 800 22 10
307 816 45 4
307 860 15 10
307 881 45 9
307 940 48 8
307 971 11 10
307 1005 23 3
307 1056 31 1
307 1147 8 10
307 1171 22 6
320 321 29 2
320 322 40 5
320 323 41 4
320 324 39 5
320 327 8 6
320 340 23 5
320 342 30 10
320 360 14 5
320 381 9 7
320 383 46 4
320 429 35 4
320 450 9 1
320 455 24 5
320 456 1 3
320 465 22 2
320 476 27 8
320 495 36 1
320 498 28 10
320 515 34 3
320 516 1 8
320 525 45 8
320 530 41 3
320 533 19 9
320 557 34 6
320 559 43 5
320 585 16 5
320 590 8 8
320 591 25 5
320 605 40 9
320 619 23 7
320 621 5 7
320 655 49 8
320 686 25 9
320 688 2 7
320 709 10 3
320 736 40 7
320 738 14 1
320 757 28 10
320 758 46 1
320 776 5 10
320 777 41 5
320 800 31 2
320 805 50 1
320 815 2 5
320 816 26 9
320 827 26 3
320 861 47 9
320 862 14 5
320 881 31 1
320 884 17 6
320 910 39 3
320 914 21 6
320 935 21 7
320 937 7 7
320 965 47 6
320 969 30 10
320 1005 35 9
320 1007 23 5
320 1020 3 3
320 1023 35 7
320 1040 47 7
320 1042 6 6
320 1055 15 10
320 1056 23 8
320 1073 19 1
320 1074 1 9
320 1095 36 10
320 1105 11 7
320 1107 35 10
320 1135 46 4
320 1145 29 6
320 1149 27 4
320 1171 1 4
320 1172 24 2
325 326 23 5
325 327 17 10
325 328 4 10
325 329 5 6
325 330 31 5
325 331 26 10
325 332 10 7
325 341 30 7
325 450 26 5
325 525 24 9
325 558 24 9
325 592 6 1
325 605 20 10
325 615 25 10
325 685 32 10
325 737 42 7
325 828 4 8
325 863 50 6
325 914 8 4
325 939 43 4
325 970 18 5
325 972 12 7
325 1005 8 6
325 1023 31 10
325 1042 21 1
325 1095 46 6
325 1106 40 10
325 1135 28 4
325 1136 5 10
326 327 30 4
326 333 10 6
326 382 42 1
326 426 19 1
326 429 25 8
326 465 40 9
326 475 10 10
326 476 36 1
326 515 23 10
326 525 24 6
326 558 28 7
326 585 28 5
326 592 12 8
326 660 32 4
326 708 26 7
326 738 5 7
326 755 38 4
326 777 31 3
326 800 36 5
326 806 8 4
326 815 13 6
326 828 34 6
326 884 32 2
326 1006 7 6
326 1022 41 10
326 1070 31 9
326 1072 34 2
326 1095 15 2
326 1170 49 7
327 334 33 10
327 335 31 4
327 336 31 7
327 337 24 3
327 338 13 4
327 339 43 9
327 360 34 10
327 362 5 1
327 387 26 1
327 450 3 2
327 455 50 4
327 456 15 4
327 466 9 7
327 497 35 6
327 516 14 4
327 530 24 3
327 585 7 8
327 606 45 8
327 655 48 7
327 687 18 10
327 708 3 6
327 755 25 3
327 776 15 5
327 800 42 1
327 815 45 10
327 860 27 6
327 880 5 7
327 912 18 1
327 939 39 7
327 1042 17 6
327 1055 43 4
327 1057 19 8
327 1108 13 4
327 1145 17 1
327 1149 26 2
340 341 37 9
340 342 35 10
340 343 8 5
340 344 50 3
340 345 25 2
340 346 19 1
340 347 21 2
340 425 40 9
340 450 48 1
340 455 49 3
340 465 46 2
340 496 37 6
340 516 21 6
340 525 7 7
340 606 37 5
340 815 43 1
340 826 21 8
340 880 20 5
340 884 43 6
340 939 18 8
340 967 13 1
340 970 37 4
340 1023 50 10
340 1041 5 4
340 1055 19 8
340 1073 3 3
340 1095 18 8
340 1146 45 4
341 342 45 7
341 343 45 10
341 348 28 5
341 349 43 7
341 350 24 1
341 351 35 7
341 352 15 3
341 353 8 7
341 386 27 7
341 450 3 2
341 465 41 8
341 558 26 9
341 585 10 6
341 591 38 6
341 618 20 4
341 655 43 6
341 687 26 10
341 709 5 5
341 735 44 6
341 800 16 7
341 806 22 1
341 831 50 2
341 940 13 9
341 1005 3 1
341 1006 4 2
341 1070 2 9
341 1095 9 6
341 1109 32 3
342 343 2 4
342 354 18 3
342 355 33 2
342 356 41 8
342 361 20 5
342 363 4 1
342 382 27 9
342 427 3 9
342 456 41 6
342 475 2 3
342 478 26 2
342 515 5 3
342 525 41 1
342 557 21 2
342 591 50 6
342 619 36 3
342 657 16 6
342 705 20 8
342 735 29 8
342 755 15 3
342 758 48 7
342 777 6 5
342 779 6 10
342 910 18 1
342 914 22 8
342 1021 30 2
342 1055 32 2
342 1110 35 9
342 1136 36 7
342 1171 33 10
343 357 1 5
343 358 40 9
343 359 27 2
343 497 12 2
343 532 4 2
343 533 42 2
343 585 48 5
343 685 48 9
343 800 10 2
343 861 20 8
343 862 17 8
343 1042 23 8
343 1136 43 6
343 1145 8 7
343 1175 45 7
360 361 18 4
360 362 14 1
360 363 41 2
360 364 2 8
360 365 31 9
360 366 49 3
360 383 24 5
360 429 25 4
360 455 6 5
360 466 37 7
360 478 16 1
360 496 22 10
360 515 40 9
360 516 5 2
360 525 2 5
360 532 35 8
360 592 10 7
360 606 42 9
360 619 28 9
360 622 36 7
360 688 24 6
360 806 45 7
360 831 27 3
360 860 37 8
360 884 26 8
360 910 25 1
360 911 18 9
360 940 36 6
360 1021 20 6
360 1022 23 3
360 1057 39 6
360 1095 5 4
360 1147 30 9
361 362 40 4
361 363 23 4
361 367 8 4
361 368 11 5
361 369 42 10
361 370 45 5
361 371 27 10
361 372 26 4
361 373 16 9
361 427 46 5
361 450 4 1
361 475 45 6
361 525 38 9
361 555 20 10
361 592 20 5
361 710 19 6
361 757 41 7
361 777 43 3
361 778 22 4
361 800 33 6
361 861 50 6
361 968 18 3
361 1109 30 4
361 1110 11 4
361 1135 30 5
362 363 34 4
362 374 37 5
362 375 16 3
362 376 46 8
362 385 39 10
362 455 7 5
362 465 2 8
362 496 4 9
362 532 11 9
362 559 33 10
362 585 28 4
362 606 24 3
362 736 45 7
362 830 34 9
362 938 46 3
362 1005 29 4
362 1041 47 1
362 1070 29 4
362 1072 47 3
362 1095 45 1
362 1136 50 8
362 1149 31 10
362 1170 1 5
363 377 34 4
363 378 39 8
363 379 40 5
363 450 14 3
363 655 10 5
363 657 16 9
363 687 22 2
363 705 23 7
363 738 50 2
363 815 41 2
363 968 13 5
363 1007 21 8
363 1041 13 10
363 1055 28 1
363 1173 46 3
380 381 35 5
380 382 10 6
380 383 24 4
380 384 7 5
380 385 22 8
380 386 25 1
380 387 38 5
380 388 49 8
380 389 20 2
380 390 3 1
380 391 49 2
380 392 36 4
380 393 8 1
380 394 15 6
380 395 10 5
380 455 37 10
380 466 44 1
380 478 48 7
380 516 46 4
380 806 37 4
380 815 21 5
380 938 2 5
380 1021 13 6
380 1135 45 10
381 382 43 4
381 383 32 1
381 384 16 3
381 385 23 4
381 386 31 6
381 387 35 9
381 388 20 6
381 396 2 5
381 397 16 3
381 398 49 8
381 399 45 7
381 400 6 5
381 401 5 10
381 450 28 6
381 531 13 8
381 755 47 9
381 970 18 6
381 1023 42 7
381 1055 44 9
381 1095 39 7
381 1135 19 5
382 383 5 6
382 384 11 10
382 385 16 8
382 386 37 2
382 387 11 5
382 388 14 2
382 402 9 3
382 516 29 4
382 525 38 4
382 591 22 6
382 606 5 4
382 688 29 9
382 707 37 1
382 775 10 10
382 1005 7 5
382 1041 43 2
382 1173 2 9
383 384 23 6
383 385 32 2
383 386 14 7
383 387 5 7
383 388 1 7
383 403 42 3
383 404 6 8
383 405 11 2
383 406 49 6
383 556 50 5
383 659 48 3
383 800 8 7
383 806 31 8
383 936 5 6
384 385 33 3
384 386 41 1
384 387 46 5
384 388 1 9
384 407 7 4
384 408 3 6
384 409 14 8
384 410 2 7
384 411 34 3
384 425 30 6
384 525 27 7
384 530 45 5
384 555 27 10
384 585 22 6
384 688 47 9
384 738 5 10
384 861 8 6
384 862 32 1
384 1071 19 8
384 1108 7 1
385 386 21 5
385 387 45 3
385 388 1 5
385 412 16 10
385 413 46 1
385 591 34 3
385 620 18 10
385 660 50 8
385 710 39 6
385 736 3 1
385 827 50 5
385 830 7 7
385 883 37 9
385 1042 49 7
385 1057 30 8
385 1147 24 7
386 387 40 9
386 388 45 5
386 414 13 2
386 415 31 9
386 416 18 9
386 417 40 7
386 418 15 5
386 456 12 1
386 466 36 9
386 498 17 1
386 585 25 10
386 606 15 8
386 816 39 9
386 1007 36 9
386 1073 7 2
386 1148 22 7
386 1172 4 7
387 388 26 7
387 419 43 4
387 420 45 4
387 421 49 3
387 422 6 5
387 423 50 5
387 428 50 5
387 477 7 1
387 616 38 2
387 800 10 1
387 883 6 8
387 910 22 9
387 912 9 8
387 1110 36 4
388 424 26 10
388 450 35 7
388 755 3 7
388 776 19 4
388 970 5 5
388 1067 5 4
425 426 21 10
425 427 29 3
425 428 3 5
425 429 32 3
425 430 4 3
425 431 7 8
425 432 22 3
425 433 46 2
425 475 4 5
425 498 31 5
425 525 49 6
425 591 20 1
425 656 40 9
425 756 29 3
425 913 29 10
425 935 30 1
425 1135 49 2
425 1174 30 5
426 427 50 9
426 428 24 7
426 429 16 4
426 434 28 2
426 435 30 3
426 475 8 9
426 515 13 10
426 516 37 3
426 525 10 2
426 585 7 5
426 617 21 3
426 706 48 10
426 800 24 1
426 825 9 4
426 882 15 2
426 938 29 2
426 971 22 1
426 1020 31 5
426 1040 9 6
426 1042 21 3
426 1071 1 7
426 1095 46 3
426 1096 26 8
426 1105 36 5
426 1135 41 4
427 428 30 9
427 429 48 10
427 436 30 1
427 437 39 10
427 438 24 6
427 439 31 1
427 440 47 2
427 441 1 9
427 442 15 3
427 443 23 3
427 450 5 5
427 455 38 7
427 466 26 3
427 495 28 2
427 585 31 9
427 591 49 4
427 686 41 2
427 758 25 10
427 775 33 6
427 776 40 2
427 815 33 8
427 816 44 7
427 826 48 5
427 862 13 10
427 1005 42 4
427 1056 10 2
427 1074 15 9
428 429 35 1
428 444 10 5
428 445 20 2
428 446 22 10
428 466 32 1
428 530 32 2
428 533 12 8
428 605 10 9
428 708 31 9
428 736 20 8
428 805 36 2
428 880 39 3
428 971 20 2
428 1020 9 8
428 1106 10 10
428 1174 47 3
429 447 26 3
429 448 17 9
429 449 49 5
429 450 35 7
429 456 12 6
429 555 25 1
429 556 29 7
429 606 8 1
429 620 45 10
429 659 11 6
429 688 39 9
429 736 19 2
429 800 8 5
429 805 41 4
429 862 31 9
429 910 16 2
429 1005 47 4
429 1056 16 10
429 1145 7 10
429 1147 44 7
450 451 26 7
450 452 47 4
450 453 40 8
450 454 47 5
450 455 49 9
450 465 1 10
450 466 15 4
450 476 27 9
450 477 37 1
450 495 1 5
450 497 34 8
450 516 48 6
450 525 3 8
450 530 8 7
450 558 15 4
450 585 19 10
450 591 40 7
450 592 14 6
450 605 9 3
450 606 24 7
450 616 21 3
450 621 15 4
450 657 40 8
450 659 26 1
450 685 8 8
450 686 18 8
450 707 22 2
450 710 33 3
450 737 31 6
450 738 12 4
450 755 15 4
450 757 18 1
450 778 25 9
450 779 2 4
450 800 28 6
450 806 27 3
450 815 4 9
450 816 5 7
450 825 27 10
450 829 24 4
450 860 15 10
450 881 11 3
450 885 12 4
450 912 32 1
450 913 23 8
450 939 35 8
450 940 24 4
450 968 4 9
450 972 12 3
450 1005 38 9
450 1006 49 10
450 1021 21 5
450 1023 23 9
450 1041 49 1
450 1055 22 8
450 1056 12 3
450 1073 6 2
450 1095 5 7
450 1096 15 1
450 1105 24 2
450 1110 41 1
450 1136 5 3
450 1145 6 10
450 1146 37 5
450 1171 48 1
450 1175 8 7
455 456 34 8
455 457 21 3
455 458 45 4
455 459 35 8
455 466 8 4
455 475 2 4
455 477 38 10
455 496 30 2
455 525 40 7
455 530 31 1
455 532 29 5
455 560 13 8
455 585 22 10
455 590 5 2
455 606 36 6
455 619 6 4
455 657 4 9
455 685 39 5
455 737 26 6
455 806 10 1
455 815 7 8
455 830 26 8
455 881 16 6
455 882 36 2
455 912 14 7
455 938 25 4
455 969 27 6
455 972 33 2
455 1021 20 9
455 1040 1 6
455 1056 39 7
455 1057 46 6
455 1070 39 9
455 1095 49 5
455 1146 9 4
455 1171 12 10
456 460 17 5
456 461 11 3
456 462 30 2
456 463 24 9
456 464 30 7
456 466 33 10
456 496 29 2
456 515 9 4
456 516 43 3
456 525 21 6
456 559 23 10
456 585 1 10
456 591 30 4
456 605 26 3
456 619 33 1
456 657 25 3
456 686 8 5
456 705 11 5
456 709 47 8
456 736 29 3
456 757 3 8
456 777 45 3
456 800 44 8
456 805 16 8
456 815 1 9
456 827 31 10
456 860 38 4
456 862 31 5
456 914 15 7
456 940 41 3
456 1005 12 10
456 1007 25 7
456 1022 34 3
456 1040 40 8
456 1072 15 3
456 1096 20 9
456 1105 10 4
456 1107 2 4
456 1135 29 2
456 1136 46 4
456 1147 13 7
456 1174 37 7
465 466 48 2
465 467 29 5
465 468 15 4
465 469 35 3
465 525 45 1
465 532 2 8
465 533 42 1
465 556 42 1
465 605 17 4
465 606 2 4
465 620 18 4
465 622 4 9
465 660 20 3
465 687 4 5
465 707 12 2
465 738 14 9
465 757 15 2
465 777 14 7
465 779 40 6
465 800 38 8
465 805 15 1
465 815 20 8
465 827 48 9
465 831 23 6
465 863 47 5
465 880 44 3
465 910 37 7
465 935 23 2
465 936 14 10
465 968 37 5
465 1055 47 8
465 1057 43 3
465 1074 50 7
465 1095 43 9
465 1110 36 8
465 1135 5 5
465 1146 12 5
465 1170 33 2
466 470 28 9
466 471 31 9
466 472 9 3
466 473 11 4
466 474 37 9
466 477 2 10
466 496 26 9
466 498 50 9
466 516 15 4
466 525 27 9
466 557 33 9
466 585 45 4
466 590 17 7
466 591 8 7
466 659 36 3
466 709 27 7
466 736 39 1
466 755 29 9
466 800 12 1
466 816 11 3
466 862 19 10
466 880 40 9
466 912 26 4
466 965 6 4
466 1005 36 10
466 1006 38 6
466 1021 46 7
466 1040 27 5
466 1041 1 4
466 1072 36 8
466 1095 36 6
466 1110 13 9
466 1136 41 7
466 1148 4 7
466 1175 8 10
475 476 17 4
475 477 5 8
475 478 35 7
475 479 44 7
475 480 16 10
475 481 3 1
475 482 14 6
475 483 36 7
475 484 39 4
475 485 17 7
475 531 10 2
475 585 20 1
475 621 4 2
475 659 34 5
475 738 33 7
475 758 38 1
475 800 31 7
475 969 1 2
475 1070 26 3
475 1095 26 2
475 1136 35 9
475 1147 46 1
475 1148 30 7
476 477 2 8
476 478 20 9
476 486 43 6
476 487 6 4
476 488 14 9
476 489 38 2
476 525 4 6
476 557 44 9
476 585 12 2
476 591 2 1
476 616 45 4
476 738 8 7
476 805 40 4
476 816 21 6
476 935 17 9
476 1007 38 6
476 1041 10 10
476 1057 30 9
476 1173 40 2
477 478 49 3
477 490 21 2
477 498 44 8
477 515 29 4
477 531 43 2
477 605 12 9
477 606 28 10
477 658 39 1
477 710 32 1
477 778 22 2
477 815 23 4
477 862 19 10
477 882 11 9
477 910 42 3
477 937 30 3
477 966 24 7
477 1007 47 7
477 1021 35 5
477 1041 2 5
477 1070 11 8
477 1095 15 4
477 1109 36 5
477 1135 5 1
477 1172 12 1
478 491 37 6
478 492 17 3
478 493 36 8
478 494 47 7
478 496 21 5
478 515 43 6
478 525 33 5
478 592 20 9
478 688 3 5
478 708 32 3
478 755 50 10
478 779 36 2
478 800 2 4
478 806 36 8
478 827 20 9
478 829 13 5
478 862 43 3
478 882 26 9
478 913 34 6
478 1023 49 5
478 1055 27 8
478 1109 27 1
495 496 7 10
495 497 50 9
495 498 30 4
495 499 49 3
495 500 9 4
495 501 11 4
495 502 48 1
495 532 30 5
495 555 47 10
495 605 42 5
495 657 7 8
495 688 4 7
495 755 49 10
495 758 47 8
495 777 36 7
495 800 4 3
495 829 3 2
495 861 7 6
495 910 41 2
495 937 31 7
495 970 9 6
495 1020 3 4
495 1022 23 2
495 1040 36 6
495 1070 47 6
495 1096 3 10
495 1109 34 1
495 1170 32 6
496 497 15 4
496 498 10 6
496 503 21 3
496 504 24 7
496 516 33 5
496 525 25 9
496 686 46 2
496 709 41 8
496 710 28 5
496 736 39 1
496 815 17 3
496 860 12 9
496 1006 24 6
496 1057 12 6
496 1106 24 5
496 1136 44 5
496 1148 22 1
497 498 40 9
497 505 19 3
497 506 34 8
497 507 29 6
497 508 2 1
497 516 19 6
497 525 12 7
497 534 15 4
497 585 36 6
497 606 24 3
497 615 41 7
497 659 20 10
497 800 34 7
497 805 16 2
497 806 40 2
497 815 34 6
497 829 35 8
497 911 18 8
497 938 25 2
497 1007 42 5
497 1041 29 10
497 1055 5 6
498 509 24 9
498 510 1 9
498 511 47 1
498 512 4 6
498 513 48 8
498 514 49 4
498 557 49 10
498 585 30 7
498 590 29 4
498 592 43 5
498 621 19 4
498 735 50 5
498 775 2 1
498 885 41 1
498 965 21 8
498 1074 30 1
498 1095 14 5
498 1148 2 4
515 516 37 2
515 517 16 8
515 518 1 3
515 519 24 2
515 525 45 5
515 531 24 2
515 532 50 5
515 559 10 5
515 560 16 3
515 585 4 4
515 591 44 3
515 592 43 4
515 605 34 4
515 606 8 8
515 619 24 5
515 621 39 3
515 757 36 10
515 776 33 3
515 800 8 5
515 805 8 4
515 806 6 7
515 815 41 5
515 860 15 6
515 863 31 4
515 881 50 4
515 912 16 7
515 940 47 8
515 968 34 3
515 1005 15 7
515 1022 40 8
515 1023 22 10
515 1071 48 4
515 1096 21 5
515 1109 11 5
515 1136 15 2
515 1175 20 4
516 520 4 7
516 521 31 3
516 522 47 7
516 523 50 1
516 524 37 4
516 525 32 4
516 585 39 6
516 658 3 5
516 660 47 10
516 685 17 6
516 686 11 8
516 705 42 7
516 708 38 8
516 735 7 3
516 737 6 4
516 777 22 7
516 800 17 10
516 816 3 2
516 826 20 1
516 829 29 6
516 885 12 3
516 912 44 7
516 969 21 2
516 1007 25 5
516 1040 37 9
516 1041 24 8
516 1057 19 8
516 1071 32 10
516 1096 20 5
516 1110 42 7
516 1145 1 10
516 1146 10 2
516 1171 1 7
525 526 50 1
525 527 25 6
525 528 4 9
525 529 42 8
525 530 42 3
525 556 36 3
525 557 16 10
525 585 36 5
525 590 18 5
525 592 18 4
525 605 34 1
525 606 20 4
525 617 48 8
525 622 41 4
525 660 37 3
525 686 37 6
525 687 27 9
525 706 5 2
525 735 6 6
525 736 50 10
525 755 50 4
525 758 30 5
525 775 2 9
525 800 1 7
525 805 49 4
525 806 29 9
525 816 26 10
525 826 46 1
525 829 19 6
525 860 6 8
525 863 28 9
525 881 47 9
525 884 1 5
525 910 10 5
525 912 5 5
525 935 14 10
525 938 28 5
525 965 11 9
525 966 27 3
525 1006 35 4
525 1022 25 6
525 1023 19 7
525 1041 4 8
525 1055 26 2
525 1072 23 8
525 1074 44 6
525 1095 34 4
525 1096 26 7
525 1105 50 7
525 1109 8 6
525 1136 22 8
525 1146 29 10
525 1148 29 7
525 1170 33 9
525 1175 14 2
530 531 24 8
530 532 47 5
530 533 23 2
530 534 41 6
530 535 36 5
530 536 27 8
530 537 13 4
530 538 49 9
530 539 33 9
530 558 33 6
530 585 19 6
530 590 16 3
530 615 39 9
530 737 11 1
530 805 31 2
530 970 14 1
530 1021 28 1
530 1172 48 10
531 532 42 2
531 533 38 8
531 534 14 8
531 540 23 2
531 541 32 9
531 542 21 5
531 543 47 8
531 544 10 1
531 545 31 3
531 617 29 6
531 655 9 10
531 687 5 4
531 709 27 7
531 800 50 9
531 827 5 6
531 937 8 8
531 1023 4 5
531 1041 14 4
531 1055 16 4
531 1096 44 10
532 533 47 3
532 534 9 10
532 546 2 3
532 547 7 7
532 548 29 9
532 559 49 10
532 585 4 4
532 606 14 10
532 686 39 2
532 815 2 8
532 861 24 9
532 971 26 7
532 1055 21 8
532 1136 44 9
533 534 38 5
533 549 39 6
533 550 30 9
533 551 32 9
533 591 4 2
533 606 11 8
533 660 30 2
533 707 36 9
533 755 18 1
533 776 33 9
533 816 37 9
533 880 15 3
533 912 50 2
533 914 32 7
533 936 21 2
533 1005 49 3
533 1070 22 9
533 1074 13 7
533 1107 9 8
533 1136 47 10
533 1147 29 1
533 1174 19 2
534 552 44 3
534 553 16 5
534 554 22 8
534 738 19 9
534 757 36 4
534 778 23 9
534 800 46 2
534 805 39 9
534 825 26 5
534 862 1 2
534 884 4 4
534 1005 16 3
534 1041 27 3
534 1095 20 7
534 1106 31 8
534 1146 2 10
555 556 13 1
555 557 37 8
555 558 10 5
555 559 24 7
555 560 47 6
555 561 19 2
555 562 40 4
555 563 35 5
555 564 38 9
555 565 1 2
555 566 3 9
555 606 34 10
555 659 13 8
555 738 13 9
555 806 9 5
555 816 50 1
555 1040 25 5
555 1057 20 2
555 1096 33 8
555 1147 44 8
555 1174 13 6
556 557 19 9
556 558 3 6
556 559 33 6
556 560 11 7
556 567 13 3
556 568 34 10
556 569 12 6
556 585 40 5
556 592 12 8
556 686 10 3
556 709 9 10
556 800 33 6
556 826 13 3
556 860 13 2
556 935 4 3
556 967 13 5
556 972 39 3
556 1007 37 7
556 1020 17 3
556 1021 49 10
556 1070 6 10
556 1095 40 3
556 1173 25 9
557 558 39 8
557 559 44 9
557 560 4 2
557 570 15 1
557 571 16 9
557 572 44 4
557 573 50 9
557 591 25 4
557 605 11 10
557 658 9 3
557 685 18 5
557 800 42 3
557 882 7 6
558 559 11 9
558 560 10 4
558 574 24 2
558 575 48 8
558 576 37 9
558 577 4 7
558 756 48 4
558 815 33 8
558 1007 36 5
558 1042 16 9
558 1105 49 2
558 1107 16 5
559 560 27 9
559 578 4 9
559 579 35 6
559 580 36 4
559 581 40 10
559 582 15 9
559 583 48 7
559 622 33 7
559 775 22 10
559 776 31 10
559 911 19 8
559 913 31 4
559 939 26 5
559 1057 23 4
559 1135 11 8
559 1148 18 9
560 584 39 5
560 617 19 3
560 708 16 6
560 737 26 10
560 805 10 5
560 829 23 5
560 882 13 4
560 1074 23 1
560 1136 44 10
575 494 28 6
585 586 44 9
585 587 18 7
585 588 31 10
585 589 25 2
585 590 26 4
585 592 14 4
585 605 16 8
585 606 24 10
585 619 30 9
585 655 35 7
585 685 15 10
585 687 27 1
585 705 5 8
585 706 39 3
585 735 4 9
585 755 12 4
585 775 15 2
585 779 16 6
585 800 16 4
585 805 4 3
585 806 39 9
585 815 34 6
585 816 22 7
585 828 11 2
585 831 45 9
585 860 26 6
585 862 32 4
585 882 25 7
585 883 39 6
585 914 10 2
585 938 3 7
585 939 34 3
585 965 34 1
585 1006 9 8
585 1022 49 10
585 1023 35 9
585 1040 12 1
585 1042 24 1
585 1055 7 7
585 1057 35 9
585 1070 40 3
585 1072 12 1
585 1095 42 4
585 1096 34 6
585 1106 11 1
585 1136 8 2
585 1147 43 2
585 1148 1 5
585 1174 11 4
590 591 21 7
590 592 31 7
590 593 19 4
590 594 50 3
590 595 42 2
590 619 1 9
590 657 20 2
590 659 44 1
590 688 19 2
590 705 37 3
590 738 37 9
590 800 3 2
590 828 10 6
590 860 44 5
590 880 9 3
590 910 36 1
590 968 14 3
590 1005 15 2
590 1022 11 4
590 1042 41 10
590 1073 42 7
590 1170 23 3
591 592 44 6
591 596 50 6
591 597 20 8
591 606 19 4
591 616 43 4
591 708 13 1
591 755 1 10
591 778 32 3
591 831 12 9
591 860 50 9
591 940 29 7
591 1022 20 9
591 1056 18 2
591 1095 7 7
591 1096 43 3
591 1106 7 7
591 1107 30 2
591 1135 46 5
591 1136 17 3
591 1145 47 6
591 1173 9 2
592 598 31 10
592 599 11 10
592 600 3 6
592 601 48 1
592 602 22 3
592 603 2 1
592 604 7 7
592 605 38 3
592 685 32 5
592 736 47 2
592 756 28 9
592 800 11 3
592 805 28 6
592 806 3 6
592 815 43 5
592 883 11 4
592 911 6 10
592 936 20 9
592 970 21 3
592 1005 39 9
592 1040 7 2
592 1056 2 9
592 1071 16 3
592 1146 21 5
605 606 46 7
605 607 13 10
605 608 40 9
605 609 37 4
605 610 30 1
605 611 24 6
605 621 48 1
605 658 32 1
605 685 42 8
605 688 5 5
605 710 36 8
605 736 30 3
605 756 17 7
605 758 4 6
605 775 31 7
605 778 12 4
605 800 16 2
605 805 15 9
605 806 4 5
605 816 6 9
605 829 32 9
605 860 29 7
605 863 14 8
605 882 29 2
605 910 38 10
605 935 49 7
605 965 25 7
605 1105 30 8
605 1109 12 9
605 1135 23 2
605 1136 5 9
605 1146 26 7
606 612 7 8
606 613 9 1
606 614 34 5
606 616 19 9
606 710 27 1
606 736 4 4
606 800 42 4
606 816 29 7
606 825 10 3
606 885 33 9
606 912 1 1
606 938 20 5
606 966 20 4
606 1005 4 6
606 1007 33 5
606 1021 22 9
606 1041 2 1
606 1042 26 4
606 1055 42 10
606 1057 34 5
606 1071 18 10
606 1073 15 3
606 1096 23 9
606 1145 10 10
606 1170 41 4
606 1174 40 2
615 616 2 3
615 617 9 3
615 618 49 8
615 619 24 7
615 620 41 5
615 621 13 5
615 622 46 7
615 623 26 3
615 624 37 3
615 625 28 8
615 737 7 8
615 825 36 2
615 860 16 4
615 1005 11 9
615 1040 24 3
615 1055 42 6
615 1096 18 7
615 1110 47 6
615 1170 29 2
616 617 18 10
616 618 32 3
616 619 1 6
616 620 20 2
616 621 36 7
616 622 26 7
616 626 15 9
616 627 3 7
616 628 15 1
616 775 6 10
616 805 34 8
616 815 29 9
616 965 50 10
616 969 5 5
616 1109 23 4
617 618 18 3
617 619 22 1
617 620 10 6
617 621 18 3
617 622 39 1
617 629 38 7
617 657 46 10
617 800 27 2
617 880 33 2
617 940 43 9
617 1007 48 4
617 1056 17 5
617 1136 48 2
618 619 11 10
618 620 2 4
618 621 36 6
618 622 42 8
618 630 33 3
618 631 31 2
618 632 15 2
618 633 7 3
618 657 44 9
618 776 39 2
618 881 4 5
618 914 42 8
618 938 41 7
619 620 10 3
619 621 45 6
619 622 33 3
619 634 1 2
619 635 21 5
619 636 46 9
619 637 17 2
619 638 22 8
619 688 19 1
619 705 17 8
619 709 45 3
619 736 13 6
619 757 46 1
619 860 10 9
619 1020 38 5
619 1072 2 9
619 1135 32 9
619 1145 44 8
619 1173 2 2
620 621 16 2
620 622 29 7
620 639 31 10
620 640 43 9
620 641 18 5
620 800 36 7
620 914 9 1
620 1041 19 8
620 1073 1 4
620 1148 4 9
621 622 26 7
621 642 43 9
621 643 13 6
621 644 5 10
621 645 32 1
621 646 8 10
621 647 46 4
621 648 22 6
621 649 45 9
622 650 33 5
622 651 12 9
622 652 49 7
622 653 26 10
622 654 3 2
622 688 20 3
622 757 33 7
622 805 48 5
622 815 47 10
622 828 28 10
622 1021 24 2
622 1096 23 5
655 656 7 3
655 657 3 9
655 658 5 4
655 659 32 3
655 660 23 4
655 661 34 6
655 662 30 7
655 687 50 4
655 806 36 10
655 816 35 3
655 860 33 6
655 1005 33 9
655 1006 12 5
655 1105 33 5
655 1148 24 2
656 657 17 6
656 658 32 5
656 659 38 5
656 660 10 6
656 663 43 1
656 664 37 7
656 665 41 9
656 666 29 10
656 667 20 4
656 668 9 8
656 669 5 10
656 670 15 5
656 737 8 10
656 800 7 5
656 806 28 9
656 830 32 9
656 885 1 7
656 935 18 2
656 969 8 9
656 1041 26 9
656 1055 47 8
656 1096 8 2
657 658 40 4
657 659 42 3
657 660 30 3
657 671 20 2
657 672 48 5
657 673 1 5
657 738 47 4
657 757 29 5
657 910 3 8
657 1021 12 5
657 1096 44 4
657 1135 49 9
657 1147 9 9
658 659 33 9
658 660 4 5
658 674 1 1
658 830 47 5
658 935 41 8
658 967 31 8
658 1021 25 6
658 1070 49 10
658 1107 22 7
658 1136 14 4
658 1174 17 3
659 660 37 6
659 675 47 7
659 676 27 5
659 677 9 3
659 678 16 8
659 679 38 8
659 685 29 3
659 709 18 4
659 800 2 9
659 862 40 7
659 1057 24 8
659 1074 35 9
659 1170 13 8
660 680 43 10
660 681 42 10
660 682 21 9
660 683 10 2
660 684 19 10
660 709 7 4
660 756 27 6
660 777 36 7
660 778 31 7
660 815 33 3
660 911 23 5
660 1041 16 5
685 686 46 4
685 687 20 10
685 688 34 1
685 689 2 1
685 690 24 6
685 691 13 8
685 692 44 4
685 693 48 10
685 735 42 4
685 755 17 10
685 800 36 5
685 885 33 7
685 911 11 6
685 940 10 9
685 1040 26 9
685 1074 13 6
685 1095 36 5
685 1096 28 8
685 1106 29 10
686 687 21 1
686 688 35 10
686 694 22 6
686 695 9 5
686 696 46 1
686 697 41 3
686 698 50 2
686 705 8 9
686 707 19 2
686 737 27 10
686 755 9 8
686 778 19 2
686 816 30 6
686 883 27 2
686 1005 12 9
686 1021 27 10
686 1040 21 2
686 1055 33 7
686 1072 14 8
686 1109 28 4
686 1135 26 8
686 1173 45 2
687 688 36 8
687 699 11 1
687 776 33 8
687 800 25 3
687 805 9 6
687 816 37 4
687 828 26 8
687 863 35 9
687 967 10 8
687 1020 3 4
687 1170 49 6
688 700 18 10
688 701 9 1
688 702 46 1
688 703 36 1
688 704 49 1
688 860 41 2
688 912 11 4
688 936 42 5
688 965 6 6
688 1007 25 1
688 1056 20 9
688 1135 15 10
688 1147 27 4
705 706 6 6
705 707 42 2
705 708 25 8
705 709 12 6
705 710 9 1
705 711 33 6
705 712 44 7
705 757 37 4
705 967 34 10
705 1006 43 4
705 1020 13 3
705 1021 21 3
705 1136 16 2
705 1173 5 7
706 707 4 5
706 708 23 5
706 709 3 6
706 710 47 7
706 713 35 8
706 714 3 1
706 737 34 7
706 815 8 1
706 831 31 6
706 863 29 9
706 940 8 10
706 1072 33 1
706 1110 49 4
706 1136 6 5
707 708 43 1
707 709 46 7
707 710 46 7
707 715 40 10
707 716 9 8
707 717 8 4
707 718 44 6
707 719 31 10
707 720 24 8
707 721 28 9
707 722 20 10
707 863 9 6
707 913 50 5
707 967 32 5
707 1072 37 6
708 709 32 8
708 710 48 7
708 723 4 8
708 724 26 7
708 725 40 1
708 726 26 4
708 727 25 3
708 728 18 7
708 778 14 8
708 800 27 10
708 910 8 2
708 1056 2 2
708 1107 32 10
708 1148 30 5
708 1149 8 8
709 710 27 1
709 729 7 4
709 730 4 9
709 731 38 9
709 758 4 2
709 800 34 2
709 805 14 2
709 882 40 5
709 1040 25 6
709 1096 2 5
709 1175 48 4
710 732 47 7
710 733 34 5
710 734 24 8
710 779 11 8
710 806 48 7
710 816 47 6
710 830 46 3
710 883 13 2
710 935 39 4
710 1006 37 1
710 1041 45 8
710 1056 11 4
710 1096 25 3
735 736 2 3
735 737 47 5
735 738 16 4
735 739 9 10
735 740 45 9
735 741 31 5
735 742 6 9
735 743 1 9
735 744 13 5
735 745 30 7
735 746 50 5
735 756 39 7
735 800 7 10
735 913 29 1
735 937 15 6
735 969 1 8
735 1055 27 3
735 1096 40 10
735 1135 50 6
735 1148 50 6
735 1174 19 4
736 737 28 10
736 738 13 3
736 747 21 2
736 748 39 4
736 749 34 6
736 750 1 3
736 779 14 8
736 806 31 5
736 816 41 9
736 830 45 3
736 881 37 5
736 1007 16 3
736 1057 15 2
736 1095 22 6
736 1109 46 4
737 738 15 3
737 751 3 4
737 778 10 2
737 860 4 7
737 1135 8 2
737 1147 41 4
737 1173 47 9
738 752 19 8
738 753 38 2
738 754 32 7
738 757 12 4
738 800 11 5
738 806 4 8
738 816 29 8
738 826 43 5
738 884 6 8
738 914 33 3
738 940 8 1
738 966 50 8
738 1006 37 8
738 1020 21 3
738 1040 11 10
738 1072 13 7
738 1073 4 10
755 756 1 1
755 757 12 2
755 758 45 3
755 759 42 8
755 861 11 6
755 935 33 10
755 966 10 1
755 1007 12 4
755 1020 37 4
755 1040 11 5
755 1055 21 8
755 1070 12 8
755 1071 38 10
755 1096 26 8
755 1174 21 9
756 757 29 3
756 758 50 10
756 760 32 4
756 761 27 10
756 762 24 7
756 763 42 3
756 764 17 4
756 778 32 4
756 800 26 2
756 965 35 8
756 1007 43 1
756 1096 28 8
756 1108 23 4
756 1136 28 4
756 1145 20 2
757 758 26 7
757 765 3 6
757 766 46 9
757 767 7 2
757 779 13 6
757 806 25 7
757 815 11 2
757 816 6 7
757 883 24 10
757 885 49 6
757 939 20 4
757 1022 4 4
758 768 27 6
758 769 18 9
758 770 45 4
758 771 30 4
758 772 21 2
758 773 39 7
758 774 50 5
758 806 21 2
758 825 7 5
758 829 13 7
758 860 3 5
758 910 1 9
758 911 39 1
758 1042 9 10
758 1107 2 5
758 1149 6 5
758 1170 11 3
775 776 7 5
775 777 25 8
775 778 38 4
775 779 3 4
775 780 35 9
775 781 15 5
775 782 26 7
775 783 12 10
775 784 41 4
775 805 9 7
775 861 28 1
775 910 45 5
775 1006 18 7
775 1106 14 1
776 777 24 7
776 778 48 7
776 779 49 7
776 785 29 1
776 786 39 8
776 787 10 6
776 788 25 5
776 789 44 5
776 790 12 7
776 791 21 6
776 792 3 4
776 800 31 1
776 831 14 1
776 913 48 2
776 935 43 1
777 778 22 10
777 779 26 7
777 793 39 6
777 794 32 5
777 795 43 10
777 796 31 8
777 805 42 6
777 815 11 6
777 882 44 7
777 970 49 2
777 1057 10 6
777 1135 8 3
777 1145 6 7
778 779 29 1
778 797 21 7
778 816 9 8
778 881 21 3
778 935 46 2
778 1023 21 3
778 1040 3 1
778 1056 32 2
778 1071 5 2
778 1146 20 4
778 1174 42 2
779 798 20 1
779 799 15 2
779 800 50 5
779 829 7 9
779 860 2 8
779 968 12 4
779 1005 31 4
779 1021 44 3
779 1074 8 6
779 1095 19 4
779 1107 11 5
779 1136 45 2
779 1171 8 5
800 801 21 9
800 802 16 10
800 803 49 2
800 804 41 4
800 805 28 1
800 806 6 4
800 815 18 2
800 816 11 9
800 829 7 10
800 831 41 1
800 860 10 10
800 862 48 2
800 883 14 1
800 885 33 6
800 910 44 8
800 912 12 10
800 937 46 6
800 938 48 7
800 971 44 3
800 972 31 10
800 1005 14 4
800 1006 24 3
800 1022 36 6
800 1023 2 5
800 1040 45 10
800 1042 15 7
800 1055 43 2
800 1056 35 5
800 1070 45 4
800 1074 18 4
800 1096 46 5
800 1105 40 2
800 1109 3 3
800 1136 30 10
800 1145 47 6
800 1147 10 4
800 1171 14 7
800 1172 35 10
805 806 44 8
805 807 45 10
805 808 45 10
805 809 44 1
805 810 25 8
805 811 50 2
805 815 11 9
805 828 42 2
805 860 48 10
805 880 20 3
805 884 3 9
805 912 26 6
805 936 46 2
805 972 35 5
805 1005 9 3
805 1020 4 6
805 1023 15 9
805 1040 32 8
805 1072 36 5
805 1106 4 7
805 1135 8 1
805 1170 38 1
805 1175 12 1
806 812 16 7
806 813 41 10
806 814 22 10
806 816 35 2
806 831 10 5
806 912 11 2
806 938 30 9
806 970 14 8
806 1005 43 4
806 1041 31 3
806 1055 16 9
806 1072 37 8
806 1095 18 2
806 1096 5 10
806 1110 21 1
806 1135 50 7
806 1148 25 3
815 816 11 5
815 817 42 7
815 818 35 9
815 819 23 6
815 830 1 4
815 861 43 6
815 883 50 9
815 912 48 10
815 940 26 3
815 970 45 4
815 1007 4 3
815 1042 7 9
815 1070 27 2
815 1095 18 4
815 1106 5 10
815 1108 10 4
815 1136 2 6
815 1149 37 2
815 1170 20 9
816 820 32 8
816 821 19 1
816 822 50 3
816 823 44 3
816 824 1 10
816 831 3 6
816 862 26 4
816 880 33 6
816 912 37 9
816 938 21 9
816 965 7 5
816 1005 3 8
816 1020 50 9
816 1023 40 10
816 1041 26 8
816 1055 8 1
816 1056 18 8
816 1095 31 1
816 1136 13 10
816 1148 38 3
816 1170 45 9
825 826 13 2
825 827 46 6
825 828 1 1
825 829 1 1
825 830 29 4
825 831 35 1
825 832 13 9
825 833 30 3
825 834 28 10
825 835 20 9
825 836 34 1
825 837 21 8
825 1005 30 1
825 1023 21 8
825 1056 7 7
826 827 47 4
826 828 39 1
826 829 25 9
826 830 42 4
826 831 41 3
826 838 19 3
826 839 29 1
826 840 42 8
826 841 37 7
826 936 47 9
826 1057 43 3
827 828 10 7
827 829 12 8
827 830 21 8
827 831 32 5
827 842 35 9
827 843 12 3
827 844 3 10
827 965 33 6
827 969 12 7
827 1095 24 10
827 1147 10 3
827 1173 41 3
828 829 47 7
828 830 45 2
828 831 39 1
828 845 26 4
828 846 8 7
828 847 15 2
828 880 18 1
828 1095 13 7
828 1135 3 6
828 1147 2 3
829 830 32 9
829 831 28 8
829 848 17 4
829 849 1 6
829 850 4 9
829 851 47 6
829 914 30 5
829 1006 13 7
829 1042 9 6
829 1105 14 5
829 1108 42 8
829 1135 47 2
830 831 48 7
830 852 10 6
830 853 11 1
830 854 12 7
830 855 46 3
830 861 11 1
830 863 42 8
830 1022 50 2
830 1040 1 10
830 1070 25 1
830 1172 26 4
831 856 49 7
831 857 37 2
831 858 10 4
831 859 42 3
831 883 6 10
831 910 11 8
831 938 44 9
831 1074 20 6
860 861 19 2
860 862 10 6
860 863 10 1
860 864 26 6
860 865 33 4
860 866 1 6
860 867 14 5
860 881 48 7
860 885 3 2
860 910 31 10
860 972 39 8
860 1007 14 8
860 1022 6 5
860 1109 29 9
860 1136 20 4
860 1149 36 6
860 1175 48 4
861 862 3 4
861 863 46 5
861 868 9 5
861 869 12 1
861 870 14 9
861 914 26 1
861 940 30 4
861 1021 49 7
861 1041 21 3
861 1055 29 5
861 1070 43 2
861 1096 12 9
862 863 47 8
862 871 11 6
862 872 18 1
862 972 32 6
862 1042 41 2
862 1055 13 8
862 1136 18 7
862 1147 36 6
863 873 23 8
863 874 10 8
863 875 31 4
863 876 12 7
863 877 18 3
863 878 19 9
863 879 40 4
863 940 27 2
863 1005 25 6
863 1073 42 7
863 1110 13 4
863 1171 3 7
880 881 26 5
880 882 13 7
880 883 49 7
880 884 34 5
880 885 17 6
880 886 35 1
880 887 11 9
880 888 46 10
880 938 37 6
880 1005 3 3
880 1023 29 4
880 1096 21 3
880 1173 11 1
881 882 39 1
881 883 42 7
881 884 46 6
881 885 20 3
881 889 32 6
881 890 8 1
881 891 41 5
881 892 3 7
881 893 13 6
881 894 4 7
881 895 29 8
881 896 45 7
881 913 24 9
881 1042 46 9
881 1057 19 8
881 1107 34 5
882 883 40 6
882 884 7 8
882 885 16 5
882 897 39 3
882 965 21 2
882 971 13 4
882 1006 37 6
882 1070 11 9
882 1109 3 2
882 1135 32 9
883 884 7 2
883 885 48 3
883 898 48 6
883 899 37 10
883 900 27 2
883 901 43 5
883 1055 27 5
883 1071 39 4
884 885 36 5
884 902 22 5
884 903 42 2
884 904 21 10
884 1021 42 2
884 1040 44 2
885 905 28 1
885 906 24 8
885 907 29 4
885 908 48 8
885 909 25 10
885 910 44 1
885 935 31 7
885 1095 49 1
885 1147 38 1
885 1148 5 9
885 1170 17 9
910 911 32 4
910 912 21 1
910 913 50 3
910 914 48 10
910 915 46 6
910 916 27 9
910 917 46 8
910 918 13 3
910 939 47 2
910 970 13 6
910 1005 43 6
910 1055 19 7
910 1106 39 8
911 912 11 1
911 913 37 8
911 914 40 8
911 919 48 1
911 920 24 2
911 921 2 8
911 922 29 5
911 937 49 7
911 1072 33 9
911 1095 2 9
911 1175 8 10
912 913 29 1
912 914 38 8
912 923 21 6
912 924 15 5
912 925 35 6
912 1146 30 8
912 1174 13 3
913 914 36 3
913 926 1 10
913 927 14 3
913 928 13 2
913 929 49 5
913 930 42 2
913 931 28 5
913 967 9 1
913 1042 38 10
913 1074 39 6
913 1136 45 8
914 932 45 7
914 933 27 8
914 934 8 1
914 1006 15 5
914 1020 40 3
914 1022 25 8
914 1041 48 3
914 1095 12 4
914 1109 2 3
914 1135 8 10
914 1148 11 8
935 936 27 7
935 937 23 1
935 938 12 9
935 939 46 8
935 940 25 6
935 941 29 10
935 942 29 4
935 943 38 1
935 944 37 5
935 945 35 2
935 965 25 8
935 1070 30 3
935 1136 36 9
935 1145 43 7
935 1170 25 7
936 937 21 8
936 938 7 7
936 939 25 4
936 940 41 1
936 946 23 6
936 1022 11 1
936 1041 39 8
936 1057 15 1
936 1095 7 6
936 1107 1 6
936 1136 48 3
937 938 7 5
937 939 41 5
937 940 41 1
937 947 47 6
937 948 42 1
937 949 11 1
937 950 46 3
937 951 15 1
937 1021 50 5
937 1040 37 9
937 1095 12 5
937 1107 40 8
938 939 50 1
938 940 15 1
938 952 21 9
938 953 21 2
938 954 6 2
938 955 48 10
938 971 41 10
938 1005 26 6
938 1146 22 2
939 940 31 7
939 956 46 9
939 957 23 6
939 958 33 9
939 1055 19 6
939 1172 24 3
940 959 16 6
940 960 34 9
940 961 5 8
940 962 21 8
940 963 9 10
940 964 7 4
940 1007 27 2
940 1070 37 6
965 966 45 5
965 967 18 7
965 968 40 10
965 969 47 3
965 970 15 3
965 971 18 7
965 972 27 3
965 973 9 1
966 967 30 5
966 968 5 4
966 969 50 6
966 970 10 2
966 971 11 3
966 972 4 9
966 974 27 5
966 975 23 1
966 976 43 8
966 977 44 9
966 978 45 10
966 1109 29 2
966 1171 7 1
966 1175 31 8
967 968 27 1
967 969 49 5
967 970 28 8
967 971 5 3
967 972 38 9
967 979 12 1
967 980 13 8
967 981 24 7
967 982 30 2
967 983 46 9
967 984 19 1
967 985 39 2
967 986 20 6
967 1136 46 6
968 969 28 2
968 970 35 6
968 971 34 6
968 972 36 10
968 987 5 5
968 988 23 7
968 1106 29 6
969 970 46 9
969 971 30 2
969 972 47 1
969 989 17 3
969 990 18 2
969 991 9 7
969 992 23 8
969 1007 22 3
969 1041 21 4
969 1057 38 3
969 1072 23 7
969 1095 4 6
969 1146 32 6
970 971 29 10
970 972 25 2
970 993 26 5
970 994 42 10
970 995 8 9
970 996 40 7
970 997 15 8
970 1042 45 10
970 1055 27 5
970 1095 28 1
970 1147 41 1
971 972 14 9
971 998 22 8
971 1023 41 9
972 999 34 6
972 1000 35 1
972 1001 33 8
972 1002 4 6
972 1003 11 8
972 1004 49 9
972 1006 20 10
972 1020 40 1
972 1071 45 2
972 1136 44 5
1005 1006 46 8
1005 1007 5 7
1005 1008 9 8
1005 1009 25 5
1005 1010 6 8
1005 1041 10 5
1005 1071 20 2
1005 1074 49 9
1005 1170 9 2
1006 1007 49 4
1006 1011 41 3
1006 1012 3 5
1006 1013 19 8
1006 1014 26 2
1006 1015 42 5
1006 1055 29 10
1006 1135 31 8
1006 1136 43 8
1006 1175 27 3
1007 1016 49 7
1007 1017 14 9
1007 1018 47 9
1007 1019 19 5
1007 1021 34 1
1007 1022 26 5
1007 1040 45 2
1007 1057 42 4
1007 1095 34 10
1007 1105 37 2
1007 1109 34 1
1007 1145 47 1
1007 1146 2 4
1020 1021 29 2
1020 1022 14 9
1020 1023 48 9
1020 1024 19 2
1020 1025 29 1
1020 1026 48 2
1020 1027 30 8
1020 1042 24 8
1020 1096 31 3
1020 1136 2 7
1020 1149 16 5
1021 1022 10 10
1021 1023 15 6
1021 1028 45 3
1021 1029 35 3
1021 1030 34 6
1021 1031 4 7
1021 1032 40 1
1021 1033 13 3
1021 1040 13 6
1021 1055 31 6
1021 1072 7 8
1021 1108 47 9
1021 1135 11 10
1021 1147 9 8
1021 1175 47 8
1022 1023 8 4
1022 1034 9 1
1022 1035 16 2
1022 1036 41 5
1022 1037 28 9
1022 1072 23 1
1022 1109 32 4
1022 1171 39 1
1023 1038 10 9
1023 1039 41 8
1023 1057 18 2
1023 1095 17 1
1040 1041 30 1
1040 1042 40 5
1040 1043 1 10
1040 1044 11 7
1040 1045 27 9
1040 1057 32 5
1040 1096 48 5
1040 1105 43 8
1040 1107 38 10
1040 1147 38 6
1040 1148 35 9
1041 1042 27 5
1041 1046 10 6
1041 1047 25 10
1041 1048 20 6
1041 1049 32 9
1041 1050 2 6
1041 1051 18 7
1041 1052 4 4
1041 1071 14 1
1041 1136 14 8
1041 1173 33 7
1042 1053 49 8
1042 1054 44 9
1042 1056 15 10
1042 1070 43 7
1042 1095 45 5
1042 1136 37 7
1042 1170 23 9
1055 1056 18 6
1055 1057 1 5
1055 1058 15 3
1055 1059 47 8
1055 1060 16 9
1055 1061 19 3
1055 1062 2 2
1055 1073 29 9
1055 1096 17 6
1055 1135 2 6
1056 1057 30 2
1056 1063 40 10
1056 1064 8 10
1056 1071 31 3
1056 1096 1 6
1056 1110 26 4
1056 1173 7 5
1057 1065 35 6
1057 1066 8 3
1057 1067 13 4
1057 1068 30 8
1057 1069 29 5
1057 1110 39 2
1057 1135 12 4
1057 1145 9 8
1057 1147 14 9
1057 1175 20 7
1070 1071 15 8
1070 1072 6 2
1070 1073 45 7
1070 1074 27 8
1070 1075 32 8
1070 1076 36 7
1070 1077 28 9
1070 1096 5 5
1070 1136 19 5
1071 1072 42 8
1071 1073 8 2
1071 1074 39 8
1071 1078 38 10
1071 1079 17 6
1071 1080 47 9
1071 1105 40 6
1072 1073 19 9
1072 1074 1 4
1072 1081 18 10
1072 1082 22 10
1072 1083 5 4
1072 1084 26 2
1072 1095 46 3
1072 1145 42 9
1073 1074 5 9
1073 1085 13 8
1073 1086 1 7
1073 1087 8 3
1073 1088 41 9
1073 1089 41 8
1073 1107 40 8
1073 1147 42 5
1074 1090 10 7
1074 1091 11 2
1074 1092 7 8
1074 1093 39 10
1074 1094 41 6
1074 1171 48 6
1074 1175 45 1
1095 1096 41 5
1095 1097 16 1
1095 1098 25 2
1095 1099 46 5
1095 1100 39 8
1095 1101 41 7
1095 1102 6 3
1095 1103 36 3
1095 1109 7 2
1095 1135 8 8
1095 1136 37 4
1096 1104 9 8
1096 1110 30 10
1096 1147 44 2
1096 1149 41 9
1096 1170 32 1
1096 1172 40 2
1105 1106 42 3
1105 1107 4 9
1105 1108 44 10
1105 1109 17 10
1105 1110 32 9
1105 1111 49 8
1105 1112 39 6
1105 1113 24 2
1105 1114 44 6
1105 1115 23 8
1105 1116 17 5
1105 1117 35 4
1105 1118 2 6
1105 1135 19 10
1105 1170 37 5
1106 1107 37 2
1106 1108 47 3
1106 1109 37 6
1106 1110 12 3
1106 1119 22 4
1106 1135 49 1
1107 1108 48 9
1107 1109 29 9
1107 1110 1 2
1107 1120 37 9
1107 1121 7 7
1107 1122 38 8
1107 1123 24 3
1107 1146 7 6
1107 1175 4 9
1108 1109 46 4
1108 1110 37 1
1108 1124 29 7
1108 1125 33 4
1108 1126 12 6
1108 1127 41 6
1108 1128 11 2
1108 1129 21 9
1109 1110 16 1
1109 1130 1 6
1109 1131 30 1
1109 1149 9 7
1110 1132 10 1
1110 1133 20 4
1110 1134 36 9
1135 1136 18 10
1135 1137 28 10
1135 1145 24 3
1135 1148 16 1
1135 1174 38 8
1136 1138 46 10
1136 1139 40 5
1136 1140 23 1
1136 1141 26 8
1136 1142 24 2
1136 1143 32 8
1136 1144 41 3
1136 1171 8 1
1145 1146 9 2
1145 1147 14 9
1145 1148 4 7
1145 1149 6 2
1145 1150 47 6
1145 1151 14 7
1145 1152 48 7
1145 1153 29 4
1145 1154 19 1
1145 1155 19 5
1145 1156 2 8
1145 1170 26 1
1146 1147 40 3
1146 1148 39 8
1146 1149 4 1
1146 1157 42 8
1146 1158 37 8
1146 1159 44 4
1147 1148 1 7
1147 1149 12 7
1147 1160 33 9
1147 1161 28 6
1147 1162 32 4
1147 1163 21 6
1147 1164 12 2
1147 1165 12 2
1147 1174 33 6
1148 1149 13 7
1148 1166 29 8
1148 1167 35 7
1149 1168 4 4
1149 1169 23 3
1170 1171 37 6
1170 1172 26 10
1170 1173 31 10
1170 1174 24 5
1170 1175 26 7
1170 1176 39 9
1170 1177 39 8
1170 1178 22 8
1170 1179 32 9
1170 1180 32 8
1170 1181 35 3
1171 1172 33 6
1171 1173 3 3
1171 1174 21 8
1171 1175 30 7
1171 1182 34 6
1171 1183 10 10
1172 1173 18 6
1172 1174 39 10
1172 1175 31 3
1172 1184 8 10
1172 1185 21 5
1172 1186 50 4
1172 1187 47 8
1172 1188 23 8
1173 1174 27 8
1173 1175 37 1
1173 1189 24 6
1173 1190 47 2
1173 1191 17 4
1173 1192 42 3
1174 1175 35 6
1174 1193 17 5
1174 1194 17 6
1174 1195 37 9
1174 1196 6 8
1174 1197 7 2
1175 1198 46 5
1175 1199 37 4

0 601 24
1 954 3
2 115 15
3 631 19
4 90 14
5 886 8
6 1101 18
7 42 15
8 932 20
9 917 27
10 203 5
11 733 17
12 1195 23
13 260 7
14 703 18
15 1182 17
16 1012 2
17 832 9
18 1067 10
19 86 6
20 212 7
21 1078 16
22 88 23
23 139 18
24 434 16
25 993 17
26 1043 1
27 723 2
28 505 7
29 415 8
30 147 16
31 845 18
32 31 12
33 518 1
34 451 12
35 377 10
36 238 22
37 807 31
38 1039 19
39 1164 6
40 625 14
41 1075 20
42 22 6
43 1143 20
44 135 4
45 551 9
46 921 1
47 1086 1
48 704 10
49 898 19
50 44 10
51 236 28
52 149 15
53 1063 13
54 963 5
55 1151 6
56 629 26
57 474 16
58 1004 34
59 407 4
60 793 17
61 529 21
62 1103 9
63 459 21
64 535 19
65 650 17
66 1079 5
67 463 10
68 546 2
69 1034 5
70 1167 12
71 420 32
72 413 23
73 637 8
74 401 4
75 1122 13
76 1176 27
77 787 4
78 435 11
79 962 14
80 1169 12
81 918 10
82 700 11
83 623 6
84 1119 9
85 876 5
86 838 5
87 869 5
88 179 15
89 920 7
90 1126 8
91 522 14
92 295 3
93 630 16
94 674 1
95 600 2
96 673 1
97 811 26
98 850 3
99 1093 18
100 14 11
101 290 6
102 1153 17
103 1049 14
104 239 9
105 117 11
106 608 24
107 124 5
108 20 9
109 790 3
110 69 1
111 461 4
112 924 9
113 351 24
114 879 20
115 1121 5
116 21 8
117 188 9
118 1155 6
119 563 8
120 1100 9
121 480 6
122 749 13
123 653 14
124 414 5
125 611 10
126 782 17
127 872 13
128 840 15
129 851 26
130 178 29
131 444 4
132 562 19
133 867 5
134 916 8
135 26 21
136 60 20
137 943 14
138 333 7
139 479 16
140 1138 16
141 1192 19
142 715 14
143 701 4
144 346 8
145 389 5
146 57 3
147 317 1
148 1083 3
149 283 3
150 1090 4
151 316 7
152 588 16
153 304 20
154 208 9
155 1131 18
156 791 12
157 123 11
158 314 4
159 554 16
160 512 3
161 624 16
162 926 1
163 75 1
164 1191 8
165 820 14
166 1142 10
167 627 2
168 138 20
169 273 27
170 349 10
171 641 11
172 263 9
173 1152 28
174 552 26
175 995 4
176 486 10
177 539 10
178 213 1
179 694 8
180 291 14
181 58 4
182 374 13
183 395 5
184 493 10
185 153 5
186 228 4
187 168 26
188 392 17
189 502 14
190 482 7
191 982 19
192 892 2
193 789 29
194 189 6
195 1150 26
196 1187 22
197 842 13
198 765 1
199 491 14
200 262 5
201 196 6
202 1190 32
203 85 8
204 906 14
205 423 31
206 514 19
207 301 10
208 34 13
209 666 20
210 1197 4
211 62 7
212 112 32
213 632 4
214 648 10
215 1178 10
216 852 7
217 961 4
218 274 4
219 524 10
220 448 6
221 257 14
222 1014 14
223 664 8
224 234 4
225 672 14
226 596 32
227 185 17
228 761 11
229 299 15
230 799 10
231 422 4
232 983 28
233 1084 12
234 728 11
235 960 17
236 145 3
237 1066 5
238 812 4
239 814 8
240 895 18
241 945 12
242 379 10
243 1181 20
244 1114 29
245 454 33
246 947 31
247 329 4
248 948 13
249 1092 3
250 1128 3
251 409 7
252 1113 17
253 146 3
254 858 4
255 713 20
256 975 11
257 198 10
258 566 1
259 768 14
260 150 29
261 1166 9
262 419 29
263 194 21
264 1137 9
265 452 21
266 818 8
267 668 5
268 25 18
269 1088 18
270 293 7
271 719 12
272 991 7
273 682 9
274 822 30
275 52 27
276 235 22
277 219 11
278 803 11
279 499 17
280 133 25
281 256 17
282 344 19
283 517 11
284 41 23
285 874 7
286 195 10
287 1163 12
288 521 9
289 169 30
290 888 15
291 506 23
292 891 21
293 753 18
294 645 12
295 744 9
296 433 26
297 67 20
298 1058 10
299 742 2
300 550 16
301 802 10
302 729 4
303 473 7
304 485 10
305 763 24
306 111 2
307 711 8
308 29 12
309 1094 14
310 460 10
311 610 19
312 55 3
313 393 3
314 810 8
315 494 30
316 458 14
317 443 5
318 584 25
319 536 8
320 1033 8
321 646 5
322 950 32
323 71 11
324 893 7
325 1117 18
326 628 7
327 336 18
328 110 1
329 604 5
330 1064 5
331 268 7
332 87 15
333 210 13
334 298 14
335 1193 9
336 217 8
337 161 8
338 1162 18
339 928 5
340 553 5
341 603 1
342 215 17
343 1026 16
344 225 19
345 376 32
346 642 23
347 1059 29
348 449 33
349 919 22
350 636 21
351 113 3
352 492 4
353 40 24
354 64 4
355 23 9
356 227 14
357 699 7
358 192 10
359 573 27
360 579 25
361 561 6
362 1180 15
363 864 9
364 172 12
365 567 4
366 118 11
367 956 29
368 649 28
369 923 10
370 909 7
371 734 13
372 871 3
373 431 5
374 1199 11
375 446 6
376 677 5
377 578 2
378 1124 12
379 197 21
380 318 2
381 977 13
382 786 22
383 500 6
384 644 2
385 941 11
386 732 30
387 1165 5
388 702 31
389 751 2
390 1087 4
391 1125 21
392 1168 2
393 1010 3
394 277 9
395 259 8
396 834 19
397 680 14
398 369 28
399 1061 8
400 877 11
401 269 13
402 437 12
403 959 5
404 1102 4
405 375 7
406 998 11
407 370 19
408 371 11
409 999 17
410 122 7
411 696 30
412 651 5
413 348 15
414 690 11
415 663 11
416 252 16
417 1116 10
418 1015 18
419 66 19
420 568 19
421 1115 6
422 337 16
423 946 14
424 905 12
425 878 9
426 589 18
427 754 19
428 120 8
429 328 2
430 785 13
431 218 3
432 980 8
433 357 1
434 1013 9
435 309 6
436 835 13
437 887 5
438 470 8
439 232 21
440 726 16
441 795 11
442 973 6
443 1038 6
444 1154 6
445 833 18
446 1184 5
447 692 20
448 716 3
449 439 7
450 717 2
451 1035 11
452 503 10
453 38 4
454 773 21
455 284 6
456 1140 9
457 63 19
458 594 21
459 280 15
460 908 22
461 1016 30
462 796 15
463 689 2
464 12 21
465 294 25
466 130 14
467 798 7
468 398 34
469 10 7
470 683 3
471 577 2
472 1011 26
473 992 12
474 547 4
475 430 2
476 313 6
477 839 13
478 654 2
479 955 25
