1200 4749 480

0 25 200
1 50 500
2 100 1200
3 150 2800
4 200 4500
5 250 7000

0 1500
1 1000
2 2000
3 1000
4 1000
5 1500
6 1500
7 1500
8 1500
9 1500
10 2000
11 2000
12 1000
13 1000
14 2000
15 2000
16 2000
17 2000
18 1000
19 2000
20 1000
21 1000
22 2000
23 2000
24 1000
25 2000
26 1000
27 1000
28 2000
29 1000
30 1500
31 1500
32 1000
33 2000
34 1000
35 1000
36 2000
37 2000
38 1000
39 1000
40 1000
41 1500
42 1500
43 1500
44 500
45 500
46 500
47 500
48 2000
49 1000
50 2000
51 1000
52 1000
53 2000
54 2000
55 1000
56 2000
57 1000
58 2000
59 1000
60 1500
61 1500
62 2000
63 1000
64 2000
65 1000
66 1000
67 2000
68 1000
69 2000
70 1500
71 1000
72 2000
73 2000
74 2000
75 1500
76 1000
77 2000
78 1000
79 2000
80 1500
81 1500
82 1500
83 1500
84 1500
85 1500
86 1500
87 1000
88 1000
89 2000
90 2000
91 1000
92 2000
93 1000
94 2000
95 2000
96 1000
97 1000
98 2000
99 2000
100 1000
101 1000
102 2000
103 2000
104 2000
105 2000
106 1000
107 2000
108 1000
109 2000
110 2000
111 2000
112 2000
113 2000
114 1000
115 1500
116 1000
117 1000
118 1500
119 1500
120 1500
121 1000
122 2000
123 1000
124 1000
125 2000
126 1000
127 1000
128 2000
129 500
130 500
131 500
132 500
133 2000
134 1000
135 1000
136 1000
137 1000
138 1000
139 2000
140 1000
141 1000
142 1000
143 2000
144 2000
145 1500
146 1500
147 1500
148 1000
149 1500
150 1000
151 2000
152 2000
153 1000
154 2000
155 1000
156 2000
157 1000
158 1000
159 2000
160 2000
161 1000
162 1000
163 2000
164 1000
165 1000
166 500
167 2000
168 1000
169 2000
170 2000
171 2000
172 500
173 500
174 500
175 1500
176 1500
177 1500
178 1500
179 1500
180 1000
181 2000
182 2000
183 2000
184 2000
185 2000
186 1000
187 1000
188 2000
189 2000
190 1000
191 2000
192 2000
193 1000
194 2000
195 2000
196 2000
197 2000
198 1000
199 1000
200 1000
201 1500
202 1500
203 1500
204 500
205 500
206 1000
207 2000
208 2000
209 2000
210 2000
211 1000
212 1000
213 2000
214 1000
215 2000
216 1000
217 2000
218 2000
219 2000
220 1500
221 1500
222 1500
223 1500
224 1000
225 2000
226 1000
227 2000
228 2000
229 1000
230 1000
231 1000
232 1000
233 2000
234 2000
235 2000
236 1000
237 2000
238 1000
239 2000
240 1500
241 1500
242 2000
243 1000
244 2000
245 1000
246 2000
247 1000
248 1000
249 1000
250 1500
251 1500
252 2000
253 2000
254 1000
255 1000
256 2000
257 1000
258 1000
259 1000
260 1500
261 1500
262 1500
263 1500
264 1500
265 1500
266 2000
267 1000
268 2000
269 1000
270 2000
271 2000
272 2000
273 1000
274 1000
275 1000
276 1000
277 1000
278 2000
279 1000
280 1000
281 1000
282 2000
283 1000
284 2000
285 2000
286 2000
287 2000
288 2000
289 2000
290 1500
291 1000
292 2000
293 2000
294 1000
295 1500
296 1500
297 1500
298 1500
299 1500
300 1500
301 1000
302 2000
303 1000
304 2000
305 1000
306 2000
307 2000
308 1000
309 1000
310 1000
311 2000
312 2000
313 1000
314 2000
315 1000
316 2000
317 1000
318 2000
319 1000
320 1000
321 1000
322 1000
323 1000
324 2000
325 1000
326 1500
327 1500
328 1500
329 1500
330 500
331 500
332 1000
333 2000
334 2000
335 2000
336 1000
337 2000
338 2000
339 1000
340 2000
341 1000
342 1000
343 2000
344 1000
345 2000
346 2000
347 2000
348 1000
349 2000
350 1500
351 1500
352 1500
353 1500
354 1000
355 2000
356 2000
357 1000
358 2000
359 2000
360 1000
361 2000
362 2000
363 1000
364 2000
365 1000
366 1000
367 2000
368 1000
369 1000
370 1500
371 1500
372 1500
373 1500
374 1000
375 1000
376 1500
377 1500
378 2000
379 1000
380 2000
381 2000
382 1000
383 1000
384 2000
385 1000
386 2000
387 1000
388 1000
389 2000
390 2000
391 1000
392 2000
393 1000
394 1000
395 500
396 500
397 500
398 500
399 500
400 2000
401 1000
402 1000
403 2000
404 1000
405 2000
406 1000
407 2000
408 2000
409 2000
410 1500
411 1500
412 1000
413 1500
414 1500
415 1500
416 1500
417 1000
418 2000
419 2000
420 1000
421 2000
422 2000
423 2000
424 1000
425 1000
426 2000
427 1000
428 1000
429 1000
430 500
431 2000
432 2000
433 2000
434 1000
435 1000
436 1000
437 2000
438 2000
439 1000
440 1000
441 2000
442 2000
443 2000
444 1000
445 1500
446 1500
447 1500
448 1500
449 1500
450 1500
451 1500
452 1500
453 1000
454 2000
455 2000
456 2000
457 1000
458 1000
459 2000
460 2000
461 1000
462 1000
463 2000
464 2000
465 1000
466 2000
467 1000
468 2000
469 2000
470 1000
471 2000
472 2000
473 2000
474 1000
475 1000
476 2000
477 1000
478 1000
479 1000
480 2000
481 1000
482 2000
483 2000
484 2000
485 2000
486 1000
487 2000
488 1000
489 500
490 1500
491 2000
492 2000
493 1000
494 1500
495 1000
496 1500
497 1500
498 500
499 500
500 500
501 500
502 2000
503 1000
504 1000
505 1000
506 2000
507 1000
508 1000
509 2000
510 1500
511 1500
512 1000
513 2000
514 2000
515 2000
516 2000
517 2000
518 2000
519 1000
520 1500
521 1500
522 2000
523 1000
524 1000
525 2000
526 2000
527 1000
528 1000
529 2000
530 1500
531 1000
532 1500
533 1500
534 2000
535 2000
536 500
537 500
538 500
539 2000
540 2000
541 1000
542 1000
543 2000
544 1000
545 2000
546 1000
547 1000
548 1000
549 2000
550 1500
551 1500
552 1500
553 1500
554 2000
555 1000
556 1000
557 1000
558 2000
559 2000
560 1000
561 1000
562 2000
563 2000
564 2000
565 2000
566 1000
567 1000
568 1000
569 1000
570 1500
571 1500
572 2000
573 1000
574 2000
575 1000
576 1000
577 1000
578 2000
579 2000
580 1500
581 1000
582 1500
583 1500
584 1000
585 2000
586 1000
587 500
588 2000
589 1000
590 2000
591 1000
592 2000
593 2000
594 1000
595 1000
596 1000
597 2000
598 2000
599 1000
600 1000
601 1500
602 1000
603 500
604 2000
605 1000
606 1000
607 2000
608 500
609 500
610 500
611 500
612 500
613 500
614 500
615 1500
616 1500
617 1500
618 1500
619 2000
620 1000
621 2000
622 2000
623 1000
624 2000
625 1000
626 1000
627 2000
628 2000
629 2000
630 2000
631 1000
632 1000
633 2000
634 1000
635 1500
636 1000
637 1500
638 1000
639 1500
640 1500
641 2000
642 2000
643 500
644 2000
645 1000
646 1000
647 2000
648 2000
649 1000
650 500
651 500
652 1000
653 2000
654 1000
655 2000
656 2000
657 2000
658 1000
659 1000
660 2000
661 2000
662 1000
663 2000
664 1000
665 1000
666 1500
667 1500
668 1500
669 1500
670 1500
671 1500
672 1500
673 1500
674 500
675 500
676 500
677 2000
678 1000
679 2000
680 2000
681 1000
682 2000
683 1000
684 2000
685 2000
686 2000
687 1000
688 2000
689 2000
690 1000
691 2000
692 1000
693 2000
694 1000
695 2000
696 2000
697 1000
698 1000
699 2000
700 2000
701 2000
702 2000
703 1000
704 2000
705 2000
706 2000
707 2000
708 1000
709 1000
710 1500
711 1500
712 1500
713 1000
714 1000
715 1000
716 1000
717 2000
718 1000
719 1000
720 1000
721 1000
722 2000
723 2000
724 1000
725 1500
726 1500
727 1500
728 1000
729 1500
730 1000
731 2000
732 1000
733 2000
734 2000
735 1000
736 1000
737 1000
738 2000
739 1000
740 2000
741 2000
742 500
743 2000
744 1000
745 2000
746 2000
747 1000
748 1000
749 2000
750 1500
751 1500
752 1500
753 1000
754 2000
755 2000
756 2000
757 1000
758 1000
759 2000
760 1000
761 2000
762 1000
763 1000
764 2000
765 1000
766 2000
767 2000
768 500
769 500
770 1500
771 1000
772 1500
773 1500
774 1500
775 1500
776 1500
777 2000
778 2000
779 2000
780 2000
781 500
782 1000
783 1000
784 2000
785 2000
786 2000
787 2000
788 1000
789 2000
790 1000
791 2000
792 1000
793 2000
794 1000
795 1000
796 1000
797 2000
798 1000
799 2000
800 2000
801 2000
802 1000
803 1000
804 1000
805 1500
806 2000
807 2000
808 2000
809 1000
810 1500
811 1500
812 1500
813 1500
814 1000
815 2000
816 2000
817 1000
818 2000
819 2000
820 2000
821 1000
822 2000
823 2000
824 2000
825 1000
826 1000
827 1000
828 2000
829 2000
830 1500
831 1500
832 1500
833 1500
834 2000
835 2000
836 2000
837 2000
838 1000
839 2000
840 2000
841 1000
842 2000
843 1000
844 2000
845 1000
846 2000
847 1000
848 2000
849 1000
850 1000
851 1500
852 1500
853 500
854 1000
855 2000
856 2000
857 2000
858 2000
859 2000
860 2000
861 1000
862 1000
863 1000
864 2000
865 1500
866 1000
867 2000
868 1000
869 2000
870 1500
871 1500
872 1500
873 1500
874 1500
875 1500
876 1500
877 1500
878 2000
879 1000
880 1000
881 1000
882 2000
883 1000
884 2000
885 2000
886 1000
887 2000
888 2000
889 1000
890 2000
891 2000
892 1000
893 2000
894 2000
895 1000
896 2000
897 2000
898 1000
899 1000
900 2000
901 2000
902 1000
903 1000
904 2000
905 2000
906 1000
907 2000
908 1000
909 2000
910 1500
911 1500
912 1000
913 1000
914 2000
915 2000
916 1000
917 1000
918 1000
919 2000
920 1500
921 1500
922 1500
923 1500
924 2000
925 2000
926 1000
927 1000
928 2000
929 2000
930 1000
931 2000
932 1000
933 2000
934 1000
935 1000
936 1000
937 1000
938 2000
939 1000
940 1500
941 1500
942 1500
943 2000
944 1000
945 1000
946 1000
947 2000
948 1000
949 2000
950 1000
951 2000
952 2000
953 2000
954 2000
955 1500
956 1500
957 1500
958 1500
959 1500
960 2000
961 2000
962 2000
963 1000
964 2000
965 1000
966 1000
967 1000
968 1000
969 1000
970 2000
971 1000
972 1000
973 2000
974 2000
975 2000
976 2000
977 1000
978 2000
979 2000
980 1000
981 1500
982 1500
983 1500
984 1500
985 1500
986 500
987 500
988 1000
989 1000
990 1000
991 2000
992 2000
993 1000
994 1000
995 1000
996 2000
997 2000
998 1000
999 2000
1000 2000
1001 1000
1002 1000
1003 1000
1004 2000
1005 2000
1006 2000
1007 2000
1008 2000
1009 1000
1010 1500
1011 1500
1012 1500
1013 1500
1014 1500
1015 1500
1016 1000
1017 1000
1018 2000
1019 2000
1020 1000
1021 2000
1022 2000
1023 1000
1024 1000
1025 2000
1026 2000
1027 1000
1028 1000
1029 2000
1030 2000
1031 2000
1032 2000
1033 1000
1034 1000
1035 2000
1036 1000
1037 1000
1038 2000
1039 2000
1040 1500
1041 1500
1042 1500
1043 1500
1044 1500
1045 1500
1046 1500
1047 1500
1048 1000
1049 1500
1050 2000
1051 2000
1052 1000
1053 1000
1054 2000
1055 1000
1056 1000
1057 2000
1058 1000
1059 2000
1060 1000
1061 1000
1062 1000
1063 1000
1064 2000
1065 1000
1066 1000
1067 2000
1068 1000
1069 2000
1070 1000
1071 1000
1072 2000
1073 1000
1074 2000
1075 1000
1076 1000
1077 2000
1078 2000
1079 1000
1080 1000
1081 1000
1082 1000
1083 1000
1084 2000
1085 2000
1086 2000
1087 500
1088 500
1089 2000
1090 1500
1091 1000
1092 1000
1093 2000
1094 2000
1095 1500
1096 1500
1097 1500
1098 1000
1099 1500
1100 1500
1101 1500
1102 1500
1103 1000
1104 2000
1105 1000
1106 2000
1107 1000
1108 2000
1109 1000
1110 2000
1111 2000
1112 2000
1113 2000
1114 1000
1115 500
1116 2000
1117 1000
1118 2000
1119 2000
1120 2000
1121 2000
1122 1000
1123 2000
1124 1000
1125 1000
1126 1000
1127 2000
1128 1000
1129 1000
1130 2000
1131 2000
1132 1000
1133 2000
1134 2000
1135 1500
1136 1500
1137 1500
1138 2000
1139 2000
1140 1000
1141 1000
1142 1000
1143 1000
1144 2000
1145 2000
1146 2000
1147 2000
1148 2000
1149 1000
1150 1500
1151 1500
1152 1000
1153 2000
1154 2000
1155 2000
1156 1000
1157 1000
1158 2000
1159 1000
1160 1000
1161 1500
1162 1500
1163 1500
1164 500
1165 500
1166 500
1167 500
1168 1000
1169 2000
1170 2000
1171 2000
1172 2000
1173 1000
1174 1000
1175 1000
1176 2000
1177 2000
1178 2000
1179 2000
1180 1000
1181 1500
1182 500
1183 500
1184 2000
1185 2000
1186 2000
1187 1000
1188 2000
1189 2000
1190 1500
1191 2000
1192 2000
1193 1000
1194 1000
1195 1500
1196 1000
1197 2000
1198 2000
1199 2000

0 1 41 9
0 2 4 6
0 3 40 10
0 4 42 9
0 8 25 7
0 9 43 1
0 31 31 6
0 40 23 3
0 42 26 6
0 60 7 9
0 61 43 3
0 70 22 3
0 75 49 4
0 80 29 2
0 85 1 7
0 116 38 4
0 147 32 8
0 150 26 7
0 176 33 5
0 177 33 2
0 200 20 1
0 202 7 5
0 220 6 1
0 221 20 6
0 240 26 6
0 250 3 10
0 261 33 10
0 262 28 9
0 290 22 8
0 295 15 3
0 296 17 9
0 325 32 7
0 327 45 3
0 353 43 6
0 370 37 9
0 375 23 8
0 411 12 5
0 416 29 5
0 450 47 8
0 451 33 1
0 490 11 6
0 495 9 10
0 496 19 6
0 510 42 3
0 520 23 5
0 521 40 5
0 531 31 4
0 551 36 8
0 552 23 1
0 571 3 3
0 581 42 5
0 582 29 6
0 600 9 2
0 601 10 8
0 617 48 10
0 637 23 10
0 640 35 2
0 671 8 7
0 673 12 5
0 710 18 5
0 728 2 7
0 729 35 7
0 750 4 8
0 753 23 8
0 771 17 5
0 774 16 7
0 805 43 8
0 811 39 1
0 813 38 2
0 830 38 5
0 850 12 1
0 851 26 6
0 865 17 5
0 875 30 8
0 877 27 2
0 910 23 6
0 920 12 5
0 922 50 4
0 940 38 4
0 958 37 8
0 959 35 10
0 980 3 3
0 981 7 2
0 1010 37 3
0 1014 18 8
0 1042 47 2
0 1046 17 5
0 1090 42 2
0 1095 10 10
0 1101 20 2
0 1135 26 8
0 1137 19 6
0 1150 15 4
0 1161 18 6
0 1180 4 8
0 1181 30 3
0 1190 6 5
0 1195 34 3
5 6 20 9
5 7 31 7
5 8 11 5
5 9 30 1
5 10 16 6
5 11 14 2
5 12 1 10
5 13 49 2
5 85 18 6
5 200 38 5
5 220 8 1
5 222 33 2
5 264 40 2
5 290 27 2
5 326 32 1
5 353 31 7
5 377 28 5
5 412 14 1
5 449 2 2
5 510 44 5
5 520 7 5
5 550 38 5
5 581 24 9
5 600 32 9
5 615 38 6
5 618 38 1
5 636 25 2
5 711 25 8
5 805 43 6
5 811 46 3
5 832 3 1
5 850 27 5
5 911 35 3
5 942 29 6
5 959 48 8
5 980 25 3
5 1014 28 7
5 1095 9 10
6 7 28 7
6 8 39 9
6 9 11 10
6 14 50 9
6 15 1 2
6 16 28 1
6 17 7 2
6 18 28 7
6 43 36 1
6 116 16 10
6 177 43 7
6 240 16 8
6 453 19 4
6 496 37 4
6 550 29 1
6 750 22 7
6 865 13 8
6 956 26 1
6 984 18 9
6 1090 14 5
6 1097 42 1
6 1181 49 4
6 1195 42 4
7 8 1 4
7 9 39 3
7 19 33 8
7 20 25 7
7 21 30 6
7 22 38 8
7 23 23 9
7 24 14 5
7 86 21 10
7 150 46 7
7 177 39 9
7 240 34 2
7 251 15 10
7 300 42 10
7 325 24 6
7 372 31 6
7 490 13 7
7 495 13 2
7 510 2 2
7 813 48 7
7 831 21 8
7 851 4 2
7 876 7 3
7 910 21 3
7 922 35 6
7 1090 1 9
7 1137 47 4
7 1160 32 7
7 1190 16 3
8 9 30 9
8 25 14 5
8 26 32 9
8 27 26 10
8 31 5 6
8 60 49 2
8 70 27 6
8 75 30 8
8 533 26 3
8 571 33 4
8 582 13 8
8 601 34 4
8 638 18 1
8 671 48 1
8 727 45 5
8 729 10 6
8 753 46 2
8 776 30 10
8 865 22 10
8 923 34 5
8 1163 47 9
8 1181 31 2
8 1190 3 8
9 28 1 5
9 29 23 4
9 30 27 10
9 43 23 6
9 60 18 2
9 70 28 8
9 117 36 5
9 148 35 2
9 200 21 8
9 250 9 8
9 265 43 6
9 290 43 3
9 298 8 9
9 351 12 8
9 412 8 9
9 521 45 9
9 533 30 10
9 571 22 4
9 671 47 9
9 711 7 6
9 774 9 4
9 805 26 10
9 872 34 6
9 940 1 3
9 1015 23 7
9 1044 38 6
9 1048 40 10
9 1136 5 8
9 1150 3 6
9 1151 5 3
30 31 13 7
30 32 42 5
30 33 47 10
30 34 37 5
30 35 18 6
30 41 41 8
30 60 18 1
30 70 37 10
30 75 45 6
30 178 33 3
30 202 30 9
30 221 1 8
30 240 39 7
30 251 20 3
30 262 41 4
30 290 16 7
30 296 31 4
30 299 48 7
30 326 2 4
30 374 28 8
30 377 32 4
30 412 43 5
30 446 28 1
30 448 45 5
30 490 31 10
30 495 39 5
30 510 5 7
30 520 33 10
30 521 18 7
30 531 17 6
30 532 18 8
30 550 15 2
30 571 10 6
30 581 10 3
30 601 10 9
30 617 21 1
30 640 43 4
30 712 13 3
30 727 40 9
30 750 7 2
30 771 21 10
30 805 17 1
30 832 28 5
30 850 21 10
30 865 41 3
30 874 33 8
30 875 22 3
30 910 14 2
30 920 12 6
30 921 28 10
30 940 17 6
30 958 36 4
30 984 50 6
30 985 50 9
30 1040 30 10
30 1096 15 5
30 1137 18 8
30 1150 40 8
30 1160 10 8
30 1181 45 10
30 1190 2 1
31 36 26 8
31 37 49 8
31 38 11 8
31 39 32 4
31 42 27 6
31 60 37 10
31 85 23 10
31 86 33 7
31 116 1 4
31 118 26 9
31 146 32 4
31 147 37 9
31 178 37 7
31 200 30 3
31 220 5 4
31 241 27 9
31 251 32 1
31 263 38 1
31 326 2 5
31 351 11 4
31 353 32 3
31 410 8 2
31 490 30 4
31 550 26 3
31 570 28 5
31 583 34 10
31 602 23 6
31 616 1 3
31 639 50 4
31 667 40 5
31 668 8 8
31 710 32 4
31 729 5 6
31 750 45 7
31 775 21 1
31 813 34 4
31 830 6 1
31 851 16 8
31 865 20 8
31 910 18 4
31 941 24 2
31 956 5 7
31 1014 49 4
31 1042 37 4
31 1090 13 5
31 1097 7 3
31 1136 4 10
31 1160 35 5
31 1181 7 7
31 1190 14 10
31 1195 14 6
40 41 9 5
40 42 6 5
40 43 17 3
40 44 50 5
40 45 15 9
40 46 34 2
40 47 12 3
40 60 41 9
40 70 11 1
40 75 5 10
40 250 34 6
40 290 16 2
40 326 50 7
40 352 40 5
40 371 4 8
40 375 24 9
40 450 50 3
40 495 41 10
40 511 47 6
40 532 10 10
40 550 4 6
40 571 35 8
40 635 36 6
40 671 44 3
40 712 8 5
40 810 24 6
40 851 47 2
40 865 49 2
40 876 35 10
40 1015 23 6
40 1095 19 4
40 1161 5 10
40 1180 42 3
40 1190 26 6
40 1195 44 3
41 42 29 2
41 43 41 6
41 48 28 1
41 49 21 10
41 50 24 3
41 51 2 3
41 52 39 4
41 53 10 3
41 75 29 2
41 83 34 4
41 118 23 2
41 148 34 8
41 177 42 9
41 200 3 4
41 222 38 5
41 250 48 9
41 261 42 3
41 328 17 4
41 410 45 1
41 416 2 7
41 452 1 2
41 495 32 7
41 552 26 5
41 582 31 7
41 601 49 8
41 615 9 6
41 671 21 9
41 725 41 6
41 752 36 9
41 770 43 8
41 805 5 4
41 812 31 10
41 877 27 8
41 911 15 10
41 921 19 2
41 940 16 2
41 959 43 2
41 980 41 10
41 1015 2 10
41 1047 4 10
41 1090 43 1
41 1137 4 7
41 1151 21 9
41 1195 21 9
42 43 30 4
42 54 5 6
42 70 44 6
42 200 45 7
42 240 19 2
42 265 37 4
42 296 35 4
42 351 21 7
42 490 11 3
42 520 19 3
42 571 38 5
42 583 33 7
42 615 10 10
42 637 12 5
42 833 11 1
42 850 43 5
42 865 37 9
42 955 49 2
42 1045 1 6
42 1090 49 6
42 1101 49 4
42 1181 46 2
43 55 26 6
43 56 29 5
43 57 45 8
43 58 5 10
43 59 35 3
43 60 24 7
43 83 45 5
43 119 27 1
43 149 19 1
43 177 36 5
43 220 28 6
43 240 49 6
43 290 31 1
43 299 1 6
43 510 14 2
43 521 42 3
43 532 17 6
43 600 34 7
43 711 30 1
43 725 11 9
43 752 15 5
43 773 6 10
43 805 8 4
43 831 1 2
43 911 18 10
43 920 35 10
43 942 18 7
43 980 30 4
43 1137 32 3
43 1151 47 3
43 1161 4 4
60 61 47 8
60 62 19 5
60 63 42 8
60 64 13 3
60 65 47 10
60 70 47 10
60 75 5 4
60 116 20 8
60 147 48 6
60 179 28 6
60 223 18 9
60 240 45 1
60 264 34 2
60 350 38 6
60 371 48 1
60 416 42 10
60 448 27 6
60 453 28 1
60 490 27 9
60 495 42 8
60 520 22 2
60 521 39 9
60 551 43 6
60 570 40 9
60 581 28 9
60 601 31 3
60 615 21 8
60 617 37 5
60 637 21 6
60 640 48 4
60 711 21 5
60 712 47 2
60 752 49 7
60 776 39 6
60 805 7 10
60 811 30 7
60 831 19 8
60 851 24 8
60 852 26 4
60 865 48 5
60 911 24 10
60 922 20 1
60 940 14 9
60 956 46 8
60 980 3 2
60 1014 23 2
60 1045 18 2
60 1137 13 1
60 1151 50 10
60 1160 25 1
60 1181 42 4
60 1195 22 10
61 66 16 4
61 67 31 6
61 68 38 10
61 69 37 7
61 70 41 3
61 75 19 3
61 80 3 7
61 86 42 8
61 120 26 2
61 150 27 3
61 176 32 1
61 200 19 10
61 201 22 7
61 223 7 7
61 241 17 7
61 250 27 9
61 263 48 6
61 290 17 8
61 297 28 3
61 325 41 9
61 327 25 7
61 353 47 9
61 376 14 4
61 416 4 9
61 497 3 4
61 510 19 1
61 511 23 8
61 530 39 1
61 532 39 3
61 550 40 2
61 571 19 6
61 580 38 5
61 601 37 2
61 665 37 6
61 672 18 2
61 728 10 6
61 751 14 3
61 776 10 3
61 812 39 10
61 830 21 4
61 865 48 9
61 870 5 8
61 871 9 5
61 911 16 7
61 922 49 6
61 941 33 7
61 957 25 1
61 985 42 8
61 1011 14 8
61 1045 12 8
61 1090 27 7
61 1095 50 3
61 1100 49 3
61 1150 19 9
61 1160 27 4
61 1190 9 6
70 71 18 10
70 72 48 9
70 73 31 2
70 74 7 7
70 75 8 4
70 80 17 10
70 81 29 2
70 117 20 8
70 120 10 10
70 150 33 5
70 177 28 3
70 178 18 6
70 202 7 7
70 203 17 4
70 220 36 6
70 222 13 8
70 241 22 1
70 250 9 3
70 260 23 4
70 290 50 10
70 295 7 5
70 296 33 5
70 328 11 4
70 329 2 5
70 352 3 7
70 370 23 5
70 372 14 6
70 410 10 6
70 413 39 7
70 452 17 6
70 453 24 9
70 490 3 9
70 495 49 9
70 496 46 4
70 510 43 8
70 511 10 7
70 521 40 9
70 532 14 7
70 533 9 5
70 550 29 3
70 552 50 6
70 570 33 10
70 571 31 2
70 581 47 1
70 600 34 10
70 615 30 10
70 617 4 5
70 635 49 2
70 672 3 1
70 673 30 6
70 711 8 10
70 712 3 8
70 725 44 8
70 729 26 2
70 750 29 8
70 752 39 9
70 772 48 5
70 805 14 10
70 813 26 8
70 831 47 3
70 850 42 2
70 852 19 5
70 865 25 4
70 871 33 10
70 877 44 8
70 910 45 1
70 920 26 8
70 921 26 4
70 941 12 3
70 942 37 9
70 957 42 10
70 958 47 10
70 980 34 5
70 981 25 7
70 1010 12 1
70 1015 22 2
70 1046 1 4
70 1047 45 1
70 1090 41 9
70 1096 49 1
70 1099 1 5
70 1136 37 3
70 1137 21 3
70 1150 45 2
70 1151 28 2
70 1161 14 8
70 1180 1 4
70 1181 41 9
70 1190 30 7
70 1195 49 8
75 76 34 5
75 77 43 1
75 78 11 5
75 79 27 7
75 84 28 2
75 116 28 9
75 118 40 4
75 145 3 8
75 175 37 7
75 201 48 4
75 203 3 6
75 220 41 4
75 241 39 7
75 250 13 6
75 251 35 6
75 265 8 5
75 290 20 8
75 295 32 6
75 300 17 1
75 326 49 3
75 327 3 7
75 350 22 6
75 353 23 2
75 374 48 10
75 377 33 2
75 412 27 4
75 413 32 7
75 452 48 2
75 453 4 4
75 490 6 3
75 497 39 1
75 510 43 6
75 511 32 2
75 521 4 4
75 531 22 5
75 533 12 2
75 551 8 6
75 571 30 5
75 580 28 8
75 582 29 4
75 600 28 3
75 602 4 4
75 615 1 9
75 616 35 1
75 635 34 1
75 637 23 1
75 670 37 9
75 671 25 8
75 710 36 1
75 711 43 10
75 726 30 2
75 728 27 9
75 751 20 7
75 753 45 3
75 771 46 7
75 776 17 6
75 805 9 9
75 813 10 10
75 830 43 5
75 832 18 9
75 850 23 1
75 865 32 7
75 875 4 8
75 910 25 3
75 920 4 4
75 922 37 1
75 941 41 5
75 942 2 9
75 956 24 3
75 958 12 5
75 980 35 7
75 981 5 1
75 1010 11 3
75 1014 21 1
75 1041 33 1
75 1045 23 2
75 1090 7 8
75 1098 22 1
75 1099 18 10
75 1135 20 3
75 1137 40 5
75 1151 22 5
75 1161 50 3
75 1162 24 7
75 1180 34 10
75 1190 30 8
75 1195 32 4
80 81 42 7
80 82 12 10
80 83 20 3
80 84 19 2
80 85 4 10
80 86 17 10
80 87 1 5
80 88 19 10
80 89 41 5
80 90 8 1
80 91 17 2
80 92 16 5
80 93 47 3
80 94 46 10
80 116 9 3
80 150 12 3
80 175 43 3
80 179 15 10
80 413 2 8
80 414 45 2
80 445 4 10
80 490 8 3
80 511 3 6
80 571 12 9
80 831 49 7
80 921 23 1
80 1150 28 2
81 82 8 2
81 83 8 5
81 84 20 8
81 85 43 7
81 86 43 10
81 95 28 5
81 96 4 1
81 97 48 2
81 98 20 9
81 200 21 7
81 250 23 5
81 290 46 6
81 329 19 1
81 377 1 5
81 450 30 4
81 532 26 2
81 551 48 3
81 602 29 6
81 639 6 8
81 727 49 5
81 728 16 1
81 872 29 5
81 875 14 8
81 957 28 5
81 959 34 6
81 1010 20 8
81 1102 41 2
81 1135 35 6
81 1137 47 9
81 1181 32 8
82 83 10 10
82 84 18 9
82 85 20 4
82 86 1 10
82 99 24 10
82 100 41 4
82 101 15 7
82 102 17 5
82 103 9 10
82 118 34 5
82 251 23 6
82 328 17 1
82 495 37 9
82 520 32 5
82 600 49 5
82 667 45 4
82 710 40 7
82 750 1 10
82 770 35 2
82 772 49 10
82 810 40 4
82 865 15 3
82 1163 8 6
83 84 36 7
83 85 1 5
83 86 50 9
83 104 29 8
83 105 3 7
83 150 15 7
83 262 39 1
83 374 26 1
83 495 37 10
83 533 8 5
83 550 49 6
83 570 25 4
83 666 30 1
83 813 26 8
83 940 45 3
83 981 41 9
83 1090 30 10
83 1150 47 10
83 1160 32 1
84 85 38 10
84 86 36 2
84 106 29 8
84 107 13 7
84 108 16 8
84 241 19 3
84 290 39 4
84 298 25 4
84 352 26 1
84 521 50 9
84 617 43 3
84 636 2 1
84 711 37 1
84 750 1 3
84 851 16 6
84 852 26 8
84 920 14 5
84 1042 18 3
84 1190 38 4
84 1195 12 4
85 86 15 1
85 109 7 8
85 110 2 8
85 111 36 2
85 112 28 5
85 201 33 1
85 264 29 4
85 295 43 5
85 350 29 6
85 583 34 6
85 865 33 2
85 910 44 10
85 981 23 9
85 1042 3 9
86 113 3 10
86 114 5 1
86 223 3 9
86 241 3 3
86 490 37 6
86 510 32 1
86 580 35 3
86 615 25 9
86 805 38 10
86 832 9 3
86 910 48 4
86 941 33 6
86 1015 20 10
86 1090 46 7
86 1101 17 7
86 1181 33 4
86 1190 23 7
86 1195 30 9
115 116 25 4
115 117 16 1
115 118 12 6
115 119 6 7
115 120 12 10
115 121 27 10
115 122 35 5
115 123 44 4
115 124 46 3
115 125 17 1
115 126 10 7
115 127 5 7
115 128 25 4
115 148 14 9
115 221 37 1
115 222 46 4
115 241 30 2
115 250 28 10
115 262 34 5
115 290 38 4
115 453 9 2
115 580 10 5
115 581 24 2
115 711 30 3
115 712 1 1
115 726 29 9
115 875 46 6
115 923 18 5
115 958 33 8
115 985 48 1
115 1044 34 10
115 1135 11 7
116 117 5 4
116 118 13 3
116 119 16 4
116 120 2 2
116 129 11 4
116 130 41 2
116 131 5 4
116 250 25 6
116 263 31 9
116 296 29 2
116 352 41 5
116 377 29 8
116 617 11 8
116 752 16 6
116 753 20 3
116 775 34 5
116 805 48 3
116 833 15 8
116 851 35 7
116 865 19 1
116 984 35 5
116 1011 31 3
116 1161 23 7
117 118 2 5
117 119 41 2
117 120 29 9
117 132 6 3
117 202 49 2
117 290 25 7
117 325 22 3
117 414 11 3
117 495 13 1
117 511 38 10
117 550 3 1
117 727 17 8
117 1011 44 10
117 1044 15 9
117 1090 11 3
117 1096 15 9
117 1098 11 9
117 1150 29 6
117 1161 50 10
117 1181 22 2
118 119 37 5
118 120 43 9
118 133 15 9
118 134 45 8
118 135 31 8
118 176 45 9
118 297 45 6
118 353 32 10
118 496 4 5
118 511 12 10
118 532 18 6
118 571 18 9
118 636 20 3
118 810 20 5
118 872 1 2
118 910 4 4
118 921 28 6
118 959 18 7
118 1136 3 6
118 1190 24 9
118 1195 30 5
119 120 1 3
119 136 12 9
119 137 43 9
119 138 45 4
119 139 17 1
119 140 17 1
119 141 36 2
119 240 22 7
119 327 1 10
119 373 39 2
119 449 42 1
119 490 26 4
119 520 5 10
119 552 38 2
119 616 11 9
119 635 32 1
119 665 46 4
119 668 47 3
119 805 44 2
119 813 17 10
119 851 38 4
119 865 17 5
119 1090 46 1
119 1180 14 7
120 142 18 3
120 143 37 1
120 144 13 2
120 148 15 7
120 179 49 3
120 202 32 6
120 410 32 5
120 490 22 9
120 520 42 7
120 531 16 6
120 600 41 3
120 601 33 6
120 771 45 9
120 832 17 1
120 910 41 7
120 941 15 1
120 942 16 9
120 1150 46 1
145 146 12 8
145 147 41 2
145 148 48 4
145 149 13 1
145 150 17 8
145 151 47 5
145 152 44 3
145 222 48 8
145 297 34 1
145 496 49 9
145 602 27 9
145 710 23 7
145 725 27 9
145 753 39 3
145 812 44 5
145 865 25 1
145 922 7 8
145 942 10 7
145 959 14 2
145 1135 47 10
146 147 38 3
146 148 10 10
146 149 6 9
146 150 9 10
146 153 26 6
146 154 48 4
146 155 15 6
146 156 13 6
146 157 34 2
146 158 23 2
146 159 41 5
146 240 35 6
146 351 45 9
146 370 2 5
146 410 41 8
146 520 24 6
146 773 46 6
146 871 2 8
146 923 22 3
146 1015 27 2
146 1090 13 2
146 1151 40 3
147 148 34 10
147 149 2 7
147 150 4 2
147 160 10 9
147 161 12 4
147 162 32 4
147 163 47 3
147 164 8 5
147 165 47 1
147 201 5 8
147 240 3 8
147 262 33 5
147 263 25 1
147 290 5 7
147 297 14 1
147 328 2 10
147 453 3 6
147 521 10 3
147 571 25 2
147 600 31 9
147 640 7 2
147 666 3 1
147 728 47 7
147 805 12 3
147 830 44 8
147 852 1 2
147 911 15 8
147 1014 4 3
147 1190 1 6
147 1195 16 5
148 149 28 1
148 150 9 4
148 166 3 3
148 176 34 6
148 201 22 3
148 290 6 4
148 325 24 4
148 351 9 8
148 490 1 1
148 511 33 1
148 583 7 10
148 616 27 1
148 833 16 8
148 850 16 1
148 865 6 6
148 871 5 9
148 941 13 7
148 958 15 3
148 985 25 4
148 1043 41 8
149 150 48 1
149 167 11 1
149 168 25 4
149 169 37 9
149 170 36 2
149 171 29 4
149 178 27 3
149 222 4 6
149 251 9 4
149 411 26 5
149 490 26 3
149 530 15 7
149 553 45 4
149 570 20 2
149 581 13 7
149 712 26 1
149 752 34 9
149 770 47 1
149 811 33 2
149 910 28 4
149 1100 35 4
149 1102 16 1
149 1150 25 7
149 1163 7 7
149 1181 30 3
150 172 23 5
150 173 48 9
150 174 35 3
150 250 7 8
150 370 31 7
150 447 46 7
150 497 43 4
150 533 8 8
150 552 17 10
150 638 8 5
150 667 33 7
150 981 43 2
150 1047 20 3
150 1090 22 8
150 1136 19 3
150 1162 44 9
150 1180 2 5
150 1190 41 6
150 1195 24 4
175 176 36 7
175 177 14 1
175 178 9 9
175 179 27 8
175 180 31 10
175 181 24 4
175 201 11 1
175 220 11 7
175 223 1 4
175 240 21 7
175 241 8 8
175 299 47 3
175 453 43 4
175 571 5 7
175 615 32 6
175 672 20 7
175 712 34 9
175 772 6 7
175 921 40 3
175 942 41 3
175 956 32 5
175 1048 48 5
175 1136 23 2
175 1195 9 9
176 177 2 4
176 178 48 6
176 179 35 3
176 182 45 9
176 183 25 6
176 184 25 3
176 300 3 4
176 411 18 3
176 414 39 1
176 490 45 5
176 497 7 10
176 520 23 7
176 531 9 6
176 550 23 2
176 600 18 8
176 751 34 2
176 776 34 3
176 805 19 10
176 812 26 7
176 852 5 5
176 940 29 4
176 1090 23 4
176 1151 11 6
176 1160 32 4
177 178 27 6
177 179 19 7
177 185 15 10
177 186 42 3
177 187 18 8
177 203 29 3
177 353 44 5
177 511 41 4
177 553 27 6
177 571 45 2
177 640 4 4
177 711 7 2
177 833 42 7
177 865 35 3
177 870 30 9
177 922 36 6
177 1012 8 4
177 1040 19 8
177 1090 2 5
177 1181 12 10
178 179 36 10
178 188 27 8
178 189 4 10
178 190 39 9
178 191 8 4
178 192 40 7
178 193 7 4
178 250 5 9
178 264 48 3
178 265 4 3
178 290 30 7
178 325 20 2
178 370 26 5
178 490 25 9
178 497 45 2
178 510 10 7
178 580 15 10
178 638 27 9
178 670 2 8
178 729 16 1
178 805 9 10
178 813 40 4
178 851 49 5
178 872 2 1
178 1097 20 1
178 1136 12 9
178 1151 32 8
178 1163 4 3
178 1190 33 2
178 1195 10 1
179 194 18 6
179 195 13 4
179 196 29 2
179 197 38 8
179 198 17 9
179 199 25 5
179 250 50 7
179 290 19 7
179 329 43 2
179 350 37 1
179 374 9 3
179 451 35 3
179 530 21 2
179 583 36 7
179 602 15 2
179 617 33 9
179 727 20 8
179 753 32 2
179 832 38 7
179 910 5 5
179 911 38 4
179 956 44 7
179 983 40 5
179 985 9 1
179 1010 21 10
179 1100 13 4
179 1180 46 1
200 201 29 7
200 202 47 8
200 203 34 10
200 204 7 7
200 205 9 4
200 223 17 10
200 250 14 7
200 296 31 3
200 328 44 3
200 372 32 2
200 375 44 3
200 416 30 4
200 510 10 1
200 531 40 5
200 580 6 3
200 601 27 3
200 618 29 1
200 668 30 9
200 750 33 6
200 752 4 3
200 805 29 7
200 851 48 8
200 877 50 5
200 911 28 9
200 921 29 8
200 942 8 7
200 956 9 7
200 1011 15 9
200 1044 30 4
200 1090 4 8
200 1195 11 7
201 202 45 3
201 203 14 4
201 206 15 5
201 207 4 6
201 240 15 8
201 250 29 4
201 264 2 4
201 265 36 4
201 352 14 7
201 414 6 4
201 490 22 2
201 496 19 10
201 520 22 6
201 616 4 3
201 636 23 2
201 775 15 2
201 833 19 6
201 941 16 3
201 980 21 4
201 985 42 6
201 1090 48 4
201 1150 46 10
201 1151 23 7
201 1181 19 2
202 203 3 3
202 208 9 4
202 209 47 3
202 210 20 9
202 211 44 2
202 212 8 7
202 221 21 3
202 297 39 7
202 329 27 10
202 448 18 9
202 495 12 10
202 520 40 7
202 531 31 10
202 550 50 8
202 571 10 4
202 602 8 1
202 635 6 2
202 670 15 10
202 710 29 8
202 712 46 1
202 729 28 1
202 813 17 4
202 852 23 3
202 865 6 8
202 910 38 5
202 957 14 7
202 1095 23 6
202 1096 12 1
202 1137 29 7
202 1161 14 10
202 1181 35 10
202 1190 14 9
203 213 15 5
203 214 1 4
203 215 5 7
203 216 37 5
203 217 8 6
203 218 12 9
203 219 20 8
203 240 18 1
203 290 41 2
203 452 2 8
203 510 27 8
203 570 26 4
203 581 26 2
203 726 19 8
203 774 37 3
203 813 4 10
203 865 8 2
203 871 1 3
203 923 49 5
203 1012 21 3
203 1046 1 1
203 1136 8 6
203 1195 45 5
220 221 24 3
220 222 15 1
220 223 32 7
220 224 49 2
220 225 17 5
220 226 28 1
220 227 35 6
220 228 47 1
220 229 23 10
220 241 11 2
220 251 35 5
220 265 1 1
220 296 20 5
220 377 30 9
220 412 39 3
220 530 39 9
220 552 43 7
220 570 7 9
220 602 16 6
220 668 1 4
220 712 35 6
220 753 28 7
220 770 14 5
220 773 47 8
220 805 11 8
220 865 32 4
220 872 23 3
220 923 18 9
220 942 22 1
220 956 49 9
220 980 48 6
220 1011 26 9
220 1090 26 4
220 1135 18 10
220 1151 33 10
220 1180 17 9
220 1195 13 1
221 222 11 7
221 223 21 4
221 230 28 5
221 231 38 1
221 232 32 9
221 233 3 6
221 234 39 9
221 299 34 10
221 325 42 1
221 328 19 2
221 351 48 2
221 414 36 4
221 450 36 1
221 453 50 2
221 490 22 1
221 511 17 1
221 552 42 7
221 665 31 6
221 710 30 8
221 811 4 5
221 813 19 7
221 851 37 6
221 911 9 8
221 940 16 6
221 981 14 5
221 1150 44 3
221 1161 49 9
221 1181 10 9
222 223 38 4
222 235 15 4
222 236 10 10
222 241 15 2
222 250 13 7
222 490 25 10
222 497 44 7
222 511 21 8
222 521 24 5
222 571 37 10
222 615 23 4
222 616 9 1
222 635 24 10
222 750 43 4
222 850 12 6
222 910 25 1
222 921 26 1
222 1040 29 6
222 1090 48 9
222 1096 49 9
222 1135 45 7
222 1160 10 2
222 1190 47 8
223 237 32 5
223 238 18 9
223 239 46 1
223 262 22 7
223 290 45 6
223 351 47 2
223 371 41 5
223 497 3 8
223 531 34 6
223 580 30 6
223 583 25 6
223 636 48 7
223 726 48 7
223 805 39 4
223 830 32 7
223 865 5 2
223 875 39 3
223 959 2 9
223 1011 10 1
223 1040 14 3
223 1095 20 7
223 1190 42 1
223 1195 19 3
240 241 25 5
240 242 3 7
240 243 18 1
240 251 8 6
240 260 9 8
240 261 40 4
240 290 12 10
240 295 27 7
240 299 40 9
240 328 32 7
240 353 31 5
240 377 29 9
240 511 1 4
240 520 48 2
240 531 45 4
240 551 4 7
240 571 31 10
240 583 7 2
240 600 13 9
240 636 7 2
240 710 33 4
240 727 32 9
240 773 32 3
240 812 49 3
240 832 8 2
240 833 48 10
240 874 14 9
240 877 11 1
240 910 21 4
240 911 45 1
240 940 36 3
240 941 21 4
240 956 36 3
240 958 21 9
240 982 33 9
240 1049 2 2
240 1090 4 3
240 1100 44 9
240 1137 50 6
240 1161 12 4
240 1195 32 7
241 244 25 1
241 245 43 6
241 246 44 7
241 247 42 8
241 248 30 3
241 249 26 1
241 250 32 4
241 328 46 8
241 351 29 5
241 375 46 4
241 416 49 8
241 448 15 6
241 451 47 5
241 490 16 9
241 495 38 8
241 496 38 10
241 510 1 8
241 521 38 5
241 553 4 9
241 601 20 2
241 618 5 2
241 635 47 7
241 669 8 9
241 672 40 2
241 728 40 3
241 751 47 5
241 753 24 9
241 773 14 8
241 805 19 5
241 813 5 5
241 850 49 1
241 851 21 9
241 865 21 10
241 921 34 7
241 923 1 10
241 984 31 1
241 1015 16 10
241 1045 10 1
241 1101 44 3
241 1150 13 3
241 1151 18 8
241 1163 2 2
241 1180 16 8
241 1181 1 6
241 1190 43 5
241 1195 46 3
250 251 6 4
250 252 44 8
250 253 19 7
250 254 44 4
250 255 19 9
250 290 5 1
250 327 19 9
250 374 9 1
250 411 15 1
250 453 49 2
250 490 18 8
250 521 45 4
250 580 31 5
250 582 14 1
250 601 48 7
250 602 37 9
250 617 24 2
250 667 8 7
250 711 30 7
250 725 41 8
250 727 20 9
250 751 40 4
250 752 34 10
250 805 35 5
250 810 18 2
250 833 30 10
250 870 45 4
250 875 13 6
250 911 42 9
250 921 39 2
250 922 36 1
250 941 45 2
250 958 50 3
250 1014 42 3
250 1047 50 2
250 1095 32 1
250 1100 28 2
250 1150 37 10
250 1160 15 3
250 1163 5 5
250 1180 5 6
250 1181 44 9
250 1190 37 7
250 1195 34 7
251 256 17 5
251 257 18 1
251 258 20 1
251 259 46 10
251 262 4 8
251 264 46 9
251 295 6 7
251 296 27 6
251 326 38 1
251 350 38 5
251 351 39 10
251 375 41 4
251 415 20 1
251 448 14 3
251 490 22 7
251 495 14 6
251 497 22 9
251 511 3 2
251 521 13 2
251 530 30 10
251 531 23 4
251 551 35 1
251 553 35 1
251 570 31 9
251 571 10 1
251 615 29 10
251 638 41 3
251 639 6 8
251 673 44 6
251 771 32 6
251 772 3 5
251 805 50 4
251 810 9 2
251 850 17 8
251 852 40 8
251 865 34 1
251 911 11 9
251 940 33 5
251 958 6 10
251 980 16 9
251 982 15 7
251 1046 2 2
251 1090 12 9
251 1136 4 6
251 1137 30 1
251 1151 48 1
251 1190 13 4
260 261 29 3
260 262 23 4
260 263 33 1
260 264 33 6
260 265 49 5
260 266 41 6
260 267 20 4
260 268 21 8
260 269 35 4
260 299 11 6
260 325 47 3
260 351 18 1
260 370 20 7
260 375 20 2
260 446 1 3
260 490 23 9
260 496 7 1
260 805 5 8
260 812 28 3
260 813 15 10
260 851 28 5
260 852 7 2
260 865 4 5
260 941 31 8
260 958 6 10
260 1045 46 4
260 1090 28 5
261 262 2 1
261 263 4 8
261 264 43 5
261 265 12 7
261 270 6 7
261 271 14 7
261 328 30 5
261 445 9 1
261 490 29 6
261 495 31 8
261 511 8 10
261 550 38 3
261 618 10 3
261 711 48 1
261 873 11 9
261 922 38 3
261 1150 46 8
261 1181 29 6
261 1190 48 7
262 263 28 8
262 264 50 2
262 265 4 3
262 272 7 6
262 273 9 8
262 274 35 6
262 275 4 5
262 276 24 6
262 290 44 5
262 414 28 8
262 520 25 3
262 531 43 8
262 602 6 2
262 710 2 4
262 773 21 7
262 923 25 6
262 1013 13 10
262 1047 25 7
262 1098 9 8
263 264 8 9
263 265 26 9
263 277 40 8
263 278 28 4
263 279 37 3
263 290 45 4
263 295 26 1
263 510 23 3
263 553 37 8
263 571 38 4
263 582 10 1
263 640 18 4
263 728 2 6
263 805 39 9
263 865 5 9
263 910 34 6
263 911 7 7
263 980 31 2
263 1136 30 5
263 1160 31 10
264 265 5 8
264 280 28 8
264 281 14 4
264 282 6 10
264 283 32 8
264 284 24 1
264 532 24 7
264 583 38 10
264 600 26 9
264 638 25 7
264 667 29 4
264 669 44 8
264 726 36 4
264 776 33 2
264 830 44 2
264 940 19 7
264 956 23 7
264 984 45 4
264 1090 11 9
264 1096 41 9
264 1150 26 7
264 1163 8 2
264 1190 37 6
264 1195 6 4
265 285 41 6
265 286 17 4
265 287 47 3
265 288 11 8
265 289 10 8
265 351 10 2
265 413 35 2
265 570 37 4
265 750 14 8
265 751 36 1
265 832 7 5
265 874 2 8
265 1015 22 4
265 1135 15 7
265 1180 9 3
265 1195 42 4
290 291 11 8
290 292 43 1
290 293 24 8
290 294 1 9
290 296 1 10
290 299 24 3
290 327 37 1
290 329 25 7
290 350 4 9
290 352 44 3
290 374 35 9
290 376 31 7
290 415 1 2
290 451 8 8
290 453 44 9
290 490 37 4
290 496 38 10
290 497 11 10
290 511 42 10
290 520 47 4
290 530 22 10
290 550 22 1
290 551 36 7
290 571 11 10
290 581 24 1
290 600 39 10
290 601 33 1
290 615 41 9
290 617 1 1
290 636 50 3
290 639 13 2
290 669 50 4
290 670 36 5
290 710 31 2
290 711 50 4
290 728 45 3
290 729 32 5
290 751 40 6
290 772 45 5
290 776 30 2
290 805 25 7
290 811 8 5
290 831 25 4
290 833 50 9
290 851 5 7
290 865 28 7
290 874 21 10
290 875 41 3
290 910 3 4
290 920 25 6
290 921 28 5
290 940 35 10
290 941 11 7
290 957 1 10
290 980 43 1
290 982 29 1
290 1014 27 2
290 1015 32 8
290 1047 17 10
290 1048 1 1
290 1090 32 3
290 1102 36 6
290 1136 31 2
290 1137 5 3
290 1150 43 4
290 1151 9 7
290 1163 9 3
290 1181 3 2
290 1190 3 4
290 1195 10 9
295 296 23 8
295 297 49 8
295 298 17 9
295 299 36 6
295 300 4 10
295 301 12 10
295 302 41 10
295 303 1 3
295 304 41 3
295 305 17 8
295 306 31 8
295 370 18 7
295 450 29 7
295 510 11 3
295 530 11 8
295 602 44 4
295 639 46 10
295 669 11 10
295 727 45 7
295 772 19 1
295 774 24 1
295 831 44 8
295 865 28 3
295 1100 5 1
295 1181 14 1
295 1195 19 3
296 297 14 9
296 298 26 1
296 299 22 2
296 300 30 10
296 307 15 8
296 308 30 10
296 309 26 2
296 373 20 7
296 449 4 7
296 490 13 4
296 511 35 2
296 520 14 7
296 532 17 1
296 571 23 6
296 581 4 7
296 666 44 8
296 726 11 5
296 751 33 9
296 810 46 8
296 830 12 7
296 920 1 6
296 982 23 2
296 1010 15 6
296 1150 22 8
296 1190 26 8
297 298 15 5
297 299 22 3
297 300 34 1
297 310 26 6
297 311 33 1
297 329 29 7
297 351 12 2
297 410 25 9
297 411 25 8
297 600 29 6
297 615 1 9
297 805 6 3
297 851 36 10
297 870 7 9
297 874 46 7
297 957 34 3
297 1011 15 4
297 1049 4 3
297 1098 40 8
297 1135 36 1
298 299 17 6
298 300 31 10
298 312 37 5
298 313 40 2
298 314 18 9
298 315 1 9
298 328 38 3
298 490 30 5
298 497 1 3
298 553 38 7
298 751 2 2
298 811 4 1
298 851 15 3
298 981 14 10
298 1161 3 1
298 1195 12 10
299 300 41 4
299 316 38 6
299 317 7 2
299 318 37 7
299 319 30 1
299 320 33 7
299 321 12 8
299 322 29 9
299 323 37 3
299 550 36 6
299 582 22 1
299 639 19 4
299 712 49 5
299 805 36 4
299 910 43 8
299 942 13 9
299 1047 20 6
299 1090 3 10
299 1150 39 10
299 1160 14 2
300 324 28 7
300 351 33 9
300 497 14 10
300 520 8 5
300 571 9 4
300 618 14 6
300 712 40 2
300 865 28 1
300 911 13 5
300 922 49 1
300 1090 43 4
300 1135 46 6
300 1181 12 5
300 1190 10 8
325 326 29 10
325 327 41 7
325 328 48 2
325 329 40 2
325 330 38 8
325 331 35 5
325 351 50 10
325 370 40 9
325 451 26 8
325 496 28 3
325 510 14 3
325 570 44 7
325 617 35 4
325 712 43 9
325 725 18 10
325 728 25 4
325 831 31 8
325 865 49 7
325 870 11 6
325 871 8 10
325 921 20 4
325 955 3 3
325 985 26 5
325 1042 7 6
325 1090 31 4
325 1195 6 4
326 327 7 6
326 328 45 6
326 329 32 4
326 332 7 7
326 333 20 8
326 334 45 7
326 352 10 10
326 374 45 9
326 449 12 1
326 490 43 7
326 533 39 5
326 550 34 3
326 552 42 5
326 581 18 3
326 582 11 7
326 637 48 10
326 711 2 4
326 770 31 6
326 851 14 5
326 865 36 3
326 910 24 8
326 984 27 6
326 1100 43 3
326 1137 6 6
326 1161 41 3
326 1180 33 6
326 1195 10 3
327 328 3 8
327 329 27 4
327 335 14 5
327 336 9 7
327 337 47 8
327 338 49 5
327 339 27 2
327 340 12 4
327 412 49 3
327 521 12 5
327 600 44 8
327 665 2 2
327 672 1 2
327 805 38 7
327 813 39 8
327 833 45 1
327 851 42 2
327 940 28 8
327 942 4 10
327 958 24 5
327 1150 38 4
327 1190 39 2
328 329 50 5
328 341 33 3
328 342 31 5
328 343 16 8
328 344 25 6
328 414 50 2
328 571 1 7
328 600 33 3
328 750 11 3
328 810 49 1
328 1010 39 8
328 1011 12 2
328 1049 32 10
328 1090 31 9
328 1135 8 4
328 1151 15 2
329 345 27 10
329 346 36 10
329 347 32 6
329 348 47 4
329 349 24 7
329 496 46 1
329 510 8 5
329 531 3 9
329 616 18 7
329 635 30 5
329 753 3 2
329 776 26 8
329 921 36 2
329 1096 1 8
329 1181 28 8
350 351 50 5
350 352 19 1
350 353 43 3
350 354 30 5
350 355 37 2
350 356 11 10
350 357 46 9
350 370 39 6
350 377 16 1
350 411 22 10
350 510 16 2
350 531 48 3
350 533 13 8
350 570 49 7
350 583 9 9
350 615 21 7
350 669 11 4
350 725 26 9
350 753 26 5
350 805 43 8
350 812 49 8
350 850 11 1
350 942 36 5
350 1090 42 6
350 1150 47 9
350 1195 26 6
351 352 30 7
351 353 29 5
351 358 20 10
351 359 15 3
351 360 12 1
351 361 45 5
351 362 8 6
351 363 40 4
351 450 5 3
351 490 39 10
351 495 6 4
351 510 37 9
351 520 24 9
351 571 10 3
351 712 27 6
351 773 42 5
351 865 24 7
351 877 37 2
351 911 18 3
351 940 9 9
351 1011 43 6
351 1048 11 5
351 1100 19 4
351 1161 39 7
351 1163 49 7
351 1190 32 9
352 353 17 6
352 364 29 6
352 365 5 6
352 366 50 2
352 490 18 6
352 550 28 6
352 583 16 9
352 600 14 7
352 710 8 6
352 752 28 4
352 773 18 1
352 810 37 3
352 851 49 1
352 865 35 2
352 921 20 10
352 955 19 7
352 982 36 4
352 983 28 5
352 1011 5 6
352 1090 45 1
352 1136 21 2
352 1151 5 1
352 1180 1 7
352 1181 20 10
353 367 50 9
353 368 16 4
353 369 44 5
353 414 35 5
353 451 7 1
353 497 3 4
353 520 21 2
353 551 21 8
353 602 13 7
353 615 5 8
353 635 34 9
353 669 33 5
353 805 21 10
353 832 24 9
353 871 30 3
353 911 20 2
353 923 5 10
353 958 36 8
353 1048 22 4
353 1096 33 7
353 1137 14 2
353 1190 30 10
370 371 6 9
370 372 16 8
370 373 6 10
370 374 29 8
370 375 9 8
370 376 5 9
370 377 15 10
370 378 26 5
370 379 7 9
370 380 46 10
370 451 35 4
370 490 8 3
370 521 46 3
370 531 41 4
370 571 17 7
370 673 16 6
370 751 44 3
370 812 24 1
370 865 46 8
370 922 43 4
370 940 15 6
370 984 19 1
370 1049 21 8
370 1151 34 8
370 1160 25 3
370 1190 30 6
371 372 22 3
371 373 10 8
371 374 37 6
371 375 3 6
371 376 23 3
371 377 25 10
371 381 50 3
371 382 25 6
371 383 34 4
371 384 6 6
371 497 2 1
371 636 40 6
371 672 24 6
371 712 30 9
371 871 25 10
371 872 7 7
372 373 34 3
372 374 18 1
372 375 27 1
372 376 37 1
372 377 40 10
372 385 30 6
372 386 21 1
372 387 38 2
372 388 48 7
372 615 9 4
372 712 9 3
372 1044 18 3
372 1100 40 6
372 1180 38 8
373 374 9 5
373 375 22 2
373 376 38 4
373 377 29 2
373 389 42 1
373 390 13 5
373 391 26 9
373 392 36 7
373 393 19 10
373 394 48 7
373 510 41 4
373 753 41 2
373 805 13 2
373 812 40 4
373 852 18 7
373 1012 37 7
373 1013 35 9
373 1090 3 3
373 1151 49 2
374 375 14 2
374 376 40 2
374 377 18 2
374 395 36 2
374 396 1 6
374 397 50 7
374 521 50 4
374 532 44 5
374 552 13 5
374 580 50 7
374 776 21 1
374 831 46 7
374 911 50 7
374 1136 15 7
374 1161 18 10
374 1195 4 3
375 376 40 7
375 377 22 2
375 398 44 6
375 399 9 3
375 497 19 10
375 571 12 6
375 602 24 9
375 850 4 6
375 922 34 6
375 1090 18 4
375 1095 7 6
375 1135 21 5
375 1181 43 2
376 377 22 2
376 400 3 5
376 401 1 7
376 402 48 1
376 403 49 3
376 404 22 7
376 405 6 4
376 406 7 1
376 407 31 7
376 511 49 1
376 583 17 1
376 618 50 2
376 727 46 5
376 831 16 8
376 865 24 4
376 981 7 6
376 1195 27 8
377 408 30 2
377 409 40 7
377 410 9 10
377 414 40 9
377 451 36 6
377 490 13 2
377 552 5 5
377 602 11 3
377 638 44 9
377 729 28 10
377 773 13 5
377 911 48 5
377 957 4 7
377 958 13 4
377 1190 25 6
410 411 20 8
410 412 43 1
410 413 33 6
410 414 42 6
410 415 14 1
410 416 45 1
410 417 1 7
410 418 19 10
410 419 18 2
410 420 12 1
410 421 38 8
410 422 26 8
410 423 48 6
410 712 25 5
410 805 32 10
410 852 31 8
410 865 22 4
410 911 19 10
410 940 41 10
410 955 12 9
410 1010 35 5
410 1137 6 6
410 1195 31 6
411 412 15 8
411 413 26 4
411 414 29 8
411 415 26 3
411 416 25 6
411 424 25 5
411 425 37 3
411 426 38 3
411 427 49 6
411 428 15 5
411 429 50 6
411 450 41 7
411 490 23 10
411 511 48 2
411 531 27 7
411 602 28 6
411 640 18 7
411 752 29 8
411 772 10 7
411 910 22 6
411 984 36 5
411 1041 32 3
411 1135 13 5
411 1150 30 5
411 1190 8 2
412 413 13 6
412 414 40 2
412 415 24 2
412 416 10 8
412 430 16 6
412 510 14 2
412 726 34 6
412 872 3 9
412 1012 37 2
413 414 41 4
413 415 12 5
413 416 48 8
413 431 44 8
413 432 48 10
413 433 3 1
413 434 28 1
413 490 2 6
413 495 45 4
413 520 39 1
413 530 2 4
413 570 11 3
413 581 24 3
413 616 19 9
413 771 8 9
413 805 4 3
413 833 41 10
413 852 41 9
413 920 15 9
413 1090 42 3
413 1099 48 7
413 1180 4 10
414 415 18 6
414 416 26 7
414 435 24 1
414 436 9 3
414 437 8 4
414 438 11 5
414 439 25 2
414 445 1 3
414 520 29 3
414 617 43 4
414 671 41 10
414 728 39 4
414 812 17 1
414 832 4 5
414 865 41 3
414 874 19 4
414 1163 19 1
414 1180 40 4
415 372 3 6
415 416 20 3
415 440 6 10
415 441 13 2
415 442 19 2
415 550 45 2
415 571 24 8
415 600 49 5
415 711 39 9
415 813 35 5
415 940 30 6
415 1151 47 2
416 443 36 7
416 444 20 10
416 496 20 5
416 552 43 7
416 580 37 8
416 638 40 4
416 671 12 7
416 752 10 10
416 921 16 7
416 957 49 5
416 983 40 6
416 1041 9 8
416 1090 32 5
416 1101 40 8
416 1160 7 7
416 1195 13 4
445 446 4 10
445 447 49 7
445 448 1 4
445 449 11 4
445 450 35 9
445 451 16 10
445 452 19 1
445 453 50 10
445 454 49 6
445 455 46 2
445 456 30 10
445 457 17 9
445 458 19 1
445 511 6 6
445 571 14 8
445 669 8 10
445 710 30 2
445 851 2 4
445 865 42 1
445 910 31 10
445 1090 44 3
446 447 2 7
446 448 46 1
446 449 48 1
446 450 37 5
446 451 24 3
446 452 46 9
446 453 36 7
446 459 31 1
446 460 22 6
446 461 22 2
446 462 22 8
446 463 38 7
446 490 6 7
446 551 26 4
446 602 50 3
446 751 12 3
446 852 29 6
446 959 27 3
446 1101 6 1
446 1190 7 1
447 448 20 4
447 449 47 3
447 450 29 1
447 451 24 9
447 452 35 10
447 453 24 6
447 464 20 4
447 465 29 9
447 490 19 9
447 533 12 9
447 583 10 3
447 616 33 8
447 910 3 8
447 923 3 9
447 1011 42 6
447 1042 5 4
447 1090 6 5
447 1151 20 5
448 449 40 8
448 450 18 1
448 451 36 8
448 452 13 7
448 453 5 1
448 466 47 6
448 467 15 2
448 468 4 4
448 469 38 9
448 470 8 10
448 497 7 1
448 635 46 5
448 636 4 9
448 776 29 5
448 811 50 8
448 922 46 5
448 941 44 4
448 1012 47 1
448 1161 43 2
449 450 39 8
449 451 48 9
449 452 28 7
449 453 39 3
449 471 45 1
449 472 36 4
449 473 26 10
449 474 30 6
449 553 8 10
449 570 5 7
449 667 8 3
449 711 33 2
449 726 15 7
449 874 21 8
449 956 29 1
449 983 48 10
449 1102 33 10
449 1180 20 2
449 1181 18 2
450 451 25 10
450 452 20 7
450 453 5 3
450 475 49 9
450 476 22 1
450 477 9 3
450 478 16 5
450 479 46 1
450 480 2 5
450 481 39 4
450 520 19 8
450 531 45 10
450 832 24 9
451 452 2 3
451 453 40 3
451 482 33 8
451 483 34 8
451 484 13 4
451 495 19 7
451 580 1 4
451 773 18 3
451 813 34 4
451 831 13 6
451 870 24 1
451 985 16 7
451 1135 9 2
452 453 2 4
452 485 14 10
452 486 6 7
452 487 27 2
452 488 27 7
452 510 10 3
452 521 50 8
452 727 40 9
452 750 13 7
452 805 31 6
452 940 44 5
452 1150 50 3
452 1162 19 4
452 1190 41 5
453 489 11 3
453 600 29 3
453 616 35 3
453 865 15 7
453 1042 35 7
453 1137 23 1
453 1195 10 3
490 491 36 6
490 492 39 3
490 493 38 10
490 494 1 6
490 496 28 2
490 497 39 6
490 510 38 9
490 511 11 10
490 520 49 6
490 521 38 7
490 533 7 10
490 553 15 6
490 570 28 10
490 571 4 6
490 581 10 10
490 600 36 4
490 601 10 6
490 615 47 3
490 617 34 8
490 639 30 5
490 666 45 3
490 672 5 8
490 710 20 5
490 711 42 10
490 728 4 9
490 729 49 5
490 751 22 4
490 752 30 7
490 774 39 3
490 775 33 5
490 805 19 2
490 811 41 3
490 831 19 2
490 833 49 5
490 850 25 3
490 852 31 7
490 865 46 7
490 870 26 10
490 877 33 1
490 910 34 8
490 911 24 10
490 921 49 4
490 923 9 6
490 941 38 5
490 955 41 2
490 956 46 2
490 984 27 8
490 985 37 6
490 1010 12 1
490 1015 26 4
490 1041 15 3
490 1048 4 2
490 1090 36 1
490 1097 19 10
490 1098 39 4
490 1136 50 10
490 1151 26 8
490 1162 21 3
490 1163 37 3
490 1180 31 3
490 1181 36 2
490 1190 17 9
490 1195 31 2
495 496 41 1
495 497 37 5
495 498 16 2
495 499 21 9
495 500 11 5
495 501 49 5
495 520 40 6
495 532 25 3
495 551 25 5
495 571 8 9
495 581 2 7
495 602 18 8
495 635 30 10
495 668 20 7
495 712 35 9
495 751 18 9
495 776 37 5
495 805 3 7
495 850 44 5
495 852 22 5
495 865 5 5
495 876 27 6
495 940 16 8
495 941 17 2
495 984 26 10
495 1014 35 1
495 1099 17 6
495 1162 39 2
495 1190 12 7
495 1195 30 4
496 497 4 2
496 502 25 5
496 503 43 9
496 504 19 8
496 505 26 3
496 506 44 4
496 510 50 9
496 511 8 9
496 521 4 6
496 533 44 3
496 550 48 7
496 602 32 3
496 615 39 3
496 616 6 1
496 638 44 3
496 667 17 9
496 725 38 8
496 773 6 9
496 812 29 1
496 830 35 7
496 865 7 4
496 872 4 3
496 910 9 8
496 911 37 8
496 922 41 3
496 923 46 4
496 955 50 6
496 959 44 8
496 1042 11 5
496 1090 21 6
496 1097 29 1
496 1136 36 5
496 1151 7 10
496 1180 7 9
496 1181 9 2
496 1190 13 8
496 1195 24 7
497 507 14 3
497 508 12 1
497 509 29 1
497 571 27 1
497 580 16 1
497 711 50 10
497 726 34 5
497 753 29 9
497 805 23 5
497 812 23 5
497 830 27 1
497 980 36 4
497 1011 48 7
497 1046 36 4
497 1090 49 7
497 1135 41 2
497 1151 36 8
497 1162 12 6
510 511 25 9
510 512 21 3
510 513 22 10
510 514 47 10
510 515 11 5
510 520 1 6
510 532 26 9
510 571 28 1
510 617 4 6
510 635 22 4
510 668 35 7
510 727 16 7
510 771 31 1
510 805 1 3
510 810 13 7
510 811 20 5
510 832 2 2
510 852 42 2
510 865 1 4
510 911 39 6
510 920 45 7
510 980 44 7
510 984 39 10
510 1011 30 9
510 1048 28 2
510 1049 23 2
510 1090 47 6
510 1095 31 10
510 1150 6 7
510 1163 45 10
510 1181 43 10
510 1190 37 6
511 516 47 2
511 517 33 7
511 518 43 6
511 519 21 2
511 520 24 3
511 532 32 4
511 550 50 7
511 551 41 8
511 570 43 3
511 581 26 5
511 582 6 7
511 602 40 7
511 617 27 8
511 636 28 4
511 666 36 1
511 710 17 4
511 712 11 4
511 725 25 10
511 750 28 7
511 751 12 3
511 773 47 9
511 805 20 8
511 832 3 7
511 851 48 3
511 865 21 8
511 870 13 9
511 875 47 1
511 911 9 3
511 921 46 5
511 940 29 6
511 941 50 4
511 955 48 6
511 956 34 8
511 1014 11 5
511 1090 7 10
511 1096 32 5
511 1135 30 5
511 1151 16 7
511 1161 26 2
511 1181 12 5
511 1190 38 2
511 1195 14 1
520 521 26 10
520 522 28 4
520 523 41 6
520 524 24 6
520 525 36 10
520 526 38 1
520 527 16 8
520 553 12 3
520 580 46 8
520 600 19 6
520 637 45 5
520 640 32 7
520 670 13 8
520 673 50 7
520 710 38 10
520 725 38 4
520 726 1 1
520 776 23 9
520 805 49 6
520 810 30 7
520 830 47 2
520 831 9 5
520 851 9 4
520 865 28 9
520 871 49 8
520 910 41 7
520 920 46 5
520 923 19 10
520 941 31 2
520 1013 19 9
520 1044 48 3
520 1045 19 2
520 1090 16 1
520 1097 1 7
520 1160 45 3
520 1181 7 1
520 1190 36 8
520 1195 14 2
521 528 22 5
521 529 3 6
521 531 38 7
521 533 34 9
521 551 49 1
521 570 36 1
521 571 50 8
521 581 34 10
521 602 24 10
521 615 17 9
521 617 28 1
521 750 48 1
521 776 45 7
521 811 35 7
521 850 20 10
521 865 3 9
521 911 33 10
521 958 33 2
521 983 37 1
521 984 11 3
521 1015 35 7
521 1090 29 3
521 1097 8 8
521 1136 30 1
521 1137 6 6
521 1150 15 9
521 1163 50 4
521 1180 20 3
521 1190 23 7
521 1195 41 1
530 531 23 1
530 532 28 9
530 533 39 6
530 534 6 1
530 535 45 5
530 570 34 2
530 583 26 9
530 616 18 3
530 637 46 4
530 727 12 3
530 753 31 8
530 805 12 2
530 813 3 4
530 832 1 9
530 850 11 5
530 910 37 10
530 1015 29 9
530 1137 21 1
530 1151 36 4
530 1161 40 10
530 1195 44 5
531 532 10 2
531 533 2 4
531 536 14 8
531 537 28 3
531 538 11 4
531 551 9 1
531 615 5 7
531 670 11 1
531 774 4 6
531 874 27 1
531 957 39 2
531 1046 33 3
531 1096 27 1
531 1195 40 10
532 533 24 4
532 539 27 1
532 540 29 1
532 541 2 7
532 542 36 8
532 543 40 2
532 553 31 5
532 600 44 5
532 670 34 5
532 710 43 6
532 712 6 8
532 812 14 3
532 873 28 10
532 955 44 6
532 984 28 8
532 1011 21 8
532 1049 4 7
532 1090 3 7
532 1102 34 5
532 1135 1 10
532 1163 21 6
532 1181 20 9
532 1190 6 2
533 544 20 4
533 545 13 7
533 546 10 7
533 547 2 2
533 548 15 4
533 549 35 3
533 570 20 6
533 581 48 3
533 600 27 6
533 636 1 2
533 727 34 9
533 750 6 6
533 805 31 6
533 830 14 3
533 850 4 4
533 865 21 3
533 911 41 5
533 920 16 1
533 940 26 4
533 942 25 3
533 980 39 10
533 1151 14 5
533 1180 32 8
533 1190 25 6
550 551 50 4
550 552 43 4
550 553 9 10
550 554 8 5
550 555 34 2
550 556 3 4
550 570 5 5
550 582 6 2
550 727 38 3
550 805 38 5
550 811 7 2
550 812 50 1
550 872 15 10
550 877 28 1
550 910 39 1
550 942 28 7
550 956 33 4
550 983 42 1
550 984 31 10
550 1098 9 7
550 1136 23 10
550 1161 43 5
550 1190 7 1
550 1195 41 2
551 552 47 3
551 553 13 10
551 557 46 8
551 558 50 2
551 559 16 10
551 560 37 2
551 580 3 3
551 616 37 2
551 669 30 7
551 771 48 4
551 850 3 2
551 865 33 7
551 922 34 10
551 1044 9 7
551 1090 7 6
551 1160 41 1
552 553 30 1
552 561 35 10
552 562 27 6
552 563 16 1
552 564 31 1
552 571 8 10
552 600 39 6
552 639 20 5
552 640 23 7
552 668 45 10
552 712 31 1
552 725 20 6
552 850 48 6
552 920 35 8
552 942 33 5
552 955 21 6
552 1048 34 3
552 1097 9 8
552 1151 25 6
552 1181 18 10
552 1195 17 8
553 565 6 10
553 566 40 1
553 567 6 3
553 568 23 5
553 569 16 7
553 601 44 6
553 617 48 1
553 711 39 6
553 750 31 7
553 751 33 2
553 770 37 8
553 830 26 5
553 833 46 2
553 911 50 3
553 1012 25 6
553 1015 22 6
553 1136 31 1
553 1181 4 6
570 571 34 6
570 572 42 7
570 573 38 8
570 574 47 3
570 581 15 4
570 583 8 10
570 615 31 4
570 640 25 7
570 666 20 2
570 711 20 7
570 727 9 8
570 750 12 4
570 751 44 4
570 811 21 2
570 851 36 5
570 873 9 5
570 910 24 2
570 921 1 8
570 942 15 9
570 980 6 4
570 1012 7 7
570 1048 45 9
570 1090 6 2
570 1096 41 10
570 1136 21 10
570 1162 6 6
570 1163 31 9
570 1181 44 5
570 1195 50 6
571 575 49 4
571 576 48 5
571 577 2 3
571 578 7 7
571 579 36 8
571 600 27 5
571 601 12 10
571 615 42 10
571 639 16 7
571 667 23 3
571 711 34 9
571 728 47 6
571 775 16 8
571 776 38 6
571 805 22 6
571 811 26 8
571 830 47 6
571 852 13 2
571 865 36 6
571 874 2 10
571 920 6 4
571 942 47 7
571 956 16 1
571 957 9 6
571 981 48 6
571 1015 29 10
571 1047 10 8
571 1097 35 2
571 1135 28 3
571 1150 30 7
571 1151 36 1
571 1190 33 9
571 1195 36 2
574 494 50 4
580 581 45 1
580 582 40 5
580 583 10 10
580 584 34 2
580 585 6 1
580 586 40 5
580 602 31 7
580 668 46 7
580 710 9 5
580 727 35 8
580 775 44 2
580 850 2 9
580 865 27 1
580 910 31 3
580 1047 30 3
580 1049 26 9
580 1090 17 7
580 1181 47 3
580 1195 42 2
581 582 50 9
581 583 48 1
581 587 49 10
581 618 46 8
581 771 3 5
581 805 44 3
581 833 10 7
581 956 7 3
581 980 20 2
581 1013 20 6
581 1136 32 5
582 583 1 5
582 588 47 7
582 589 18 2
582 590 32 6
582 591 4 1
582 592 16 2
582 593 22 6
582 594 50 8
582 595 2 8
582 602 18 4
582 636 41 10
582 640 15 6
582 729 23 1
582 753 31 9
582 811 44 4
582 813 25 5
582 830 9 3
582 850 32 7
582 872 9 4
582 911 9 7
582 921 4 7
582 941 12 4
582 955 1 5
582 1011 6 6
582 1090 5 2
582 1102 27 10
582 1136 29 3
582 1150 5 8
583 596 26 2
583 597 25 1
583 598 21 10
583 599 45 5
583 616 13 4
583 668 28 8
583 710 22 1
583 752 42 10
583 870 10 4
583 923 41 3
583 942 13 8
583 982 20 1
583 1099 9 7
583 1150 45 4
583 1162 10 10
583 1163 45 7
583 1181 37 9
583 1190 29 1
583 1195 30 9
600 601 33 9
600 602 16 9
600 603 36 1
600 710 15 5
600 727 7 8
600 771 40 2
600 805 45 4
600 832 49 9
600 851 25 10
600 865 23 10
600 876 8 9
600 923 39 7
600 942 26 7
600 959 17 5
600 982 1 7
600 1090 43 5
600 1100 19 3
600 1136 3 5
600 1137 38 9
600 1151 1 10
600 1162 20 5
600 1180 19 10
600 1195 4 1
601 602 5 4
601 604 16 5
601 605 5 4
601 606 10 5
601 607 31 8
601 615 21 5
601 669 7 10
601 671 44 3
601 712 12 5
601 753 3 8
601 811 17 1
601 813 34 10
601 874 9 10
601 920 45 10
601 941 29 3
601 955 44 10
601 984 37 1
601 1010 2 2
601 1099 19 2
601 1180 34 4
601 1190 16 1
601 1195 38 4
602 608 48 5
602 609 34 5
602 610 39 3
602 611 22 10
602 612 14 6
602 613 10 6
602 614 4 5
602 616 25 8
602 638 48 3
602 727 49 3
602 753 26 10
602 771 40 6
602 805 3 10
602 832 45 4
602 850 46 8
602 910 1 9
602 911 46 5
602 1012 22 6
602 1042 44 2
602 1048 41 6
602 1090 14 5
602 1150 29 8
602 1163 15 1
602 1190 41 9
615 616 26 1
615 617 48 7
615 618 18 2
615 619 23 7
615 667 17 10
615 776 23 3
615 805 48 3
615 865 44 6
615 911 21 4
615 922 3 8
615 941 20 8
615 1041 31 4
615 1095 50 8
615 1136 27 9
615 1160 7 9
615 1195 35 3
616 617 30 8
616 618 36 5
616 620 5 7
616 621 29 2
616 622 11 1
616 623 40 4
616 624 19 6
616 625 22 9
616 626 15 6
616 627 25 6
616 638 39 10
616 728 46 7
616 751 35 8
616 922 23 8
616 1010 24 9
616 1014 15 6
616 1045 38 9
616 1136 27 4
616 1151 15 8
616 1195 30 9
617 618 37 6
617 628 9 5
617 629 1 6
617 630 12 10
617 631 24 1
617 636 23 3
617 672 38 10
617 710 5 6
617 712 47 8
617 810 12 1
617 811 43 7
617 831 50 2
617 850 36 2
617 870 23 2
617 940 23 7
617 983 46 10
617 985 4 4
618 632 30 8
618 633 46 2
618 634 22 5
618 726 7 2
618 752 4 10
618 771 5 7
618 805 19 2
618 832 26 1
618 850 49 1
618 865 9 5
618 873 46 10
618 910 21 8
618 958 21 3
618 959 42 1
618 1090 20 3
618 1100 17 1
618 1150 31 3
618 1163 27 3
618 1181 12 1
618 1190 37 8
635 636 6 7
635 637 13 9
635 638 13 1
635 639 29 6
635 640 32 2
635 641 27 3
635 642 47 2
635 727 48 4
635 770 27 1
635 870 10 10
635 940 39 2
635 980 46 7
635 1013 45 3
635 1097 29 2
635 1190 24 10
635 1195 40 8
636 637 38 10
636 638 50 6
636 639 46 6
636 640 22 2
636 643 35 3
636 805 18 8
636 833 15 3
636 865 35 1
636 983 19 6
636 1136 3 9
636 1150 7 7
637 638 40 9
637 639 24 3
637 640 12 9
637 644 33 2
637 645 32 2
637 646 4 4
637 647 9 4
637 648 43 3
637 649 28 9
637 710 36 8
637 850 43 1
637 865 43 8
637 910 40 7
637 942 1 6
637 957 5 8
637 1090 3 10
637 1162 16 1
637 1180 1 5
637 1190 6 1
638 639 39 9
638 640 11 4
638 650 22 7
638 651 6 7
638 753 13 1
638 805 35 1
638 830 46 4
638 875 34 9
638 1098 5 9
639 640 28 5
639 652 8 5
639 653 50 8
639 654 29 6
639 655 33 8
639 656 31 4
639 657 37 1
639 667 24 3
639 710 41 1
639 812 5 9
639 852 17 2
639 911 7 10
639 920 4 10
639 1150 11 5
639 1161 15 5
639 1180 49 6
639 1195 38 4
640 658 46 3
640 659 40 2
640 660 18 8
640 661 49 7
640 662 48 4
640 663 2 3
640 664 17 2
640 665 6 6
640 726 3 9
640 751 8 1
640 776 24 6
640 810 34 9
640 923 38 2
640 957 19 6
640 1010 6 6
640 1044 24 10
640 1049 23 3
640 1090 15 1
640 1137 22 8
665 666 18 3
665 667 34 10
665 668 6 9
665 669 17 3
665 670 9 8
665 671 4 5
665 672 2 5
665 673 2 4
665 674 24 10
665 675 14 9
665 676 10 7
665 712 11 2
665 851 34 7
665 876 3 5
665 1043 21 6
665 1150 46 3
666 667 9 1
666 668 4 6
666 669 17 5
666 670 32 3
666 671 37 4
666 672 35 1
666 673 35 8
666 677 5 8
666 678 26 5
666 679 3 3
666 680 49 3
666 910 29 7
666 1071 30 8
667 668 6 3
667 669 42 3
667 670 6 7
667 671 16 7
667 672 39 4
667 673 5 4
667 681 11 8
667 682 48 2
667 683 2 5
667 684 15 4
667 685 38 3
667 725 8 1
667 727 43 4
667 775 29 5
667 832 47 5
667 873 38 8
667 955 48 6
667 1014 21 2
667 1049 44 2
667 1137 14 6
667 1163 32 1
668 669 32 1
668 670 32 5
668 671 13 1
668 672 16 6
668 673 11 1
668 686 28 2
668 687 15 7
668 688 31 2
668 689 26 9
668 690 34 8
668 691 22 1
668 710 26 1
668 772 15 8
668 911 20 7
668 1098 44 7
668 1137 15 5
668 1190 29 5
669 670 13 1
669 671 8 8
669 672 17 8
669 673 36 7
669 692 32 3
669 693 24 4
669 865 3 4
669 940 22 3
669 1150 23 7
670 671 37 9
670 672 15 7
670 673 26 9
670 694 13 7
670 695 14 9
670 696 45 5
670 697 40 9
670 753 35 3
670 941 9 7
670 1162 43 5
671 672 2 3
671 673 31 9
671 698 25 4
671 699 38 1
671 700 23 3
671 753 24 8
671 805 36 6
671 812 34 3
671 923 44 3
671 1013 48 10
671 1195 39 1
672 673 36 10
672 701 36 3
672 702 47 8
672 703 28 10
672 812 7 6
672 831 13 5
672 851 21 1
672 959 4 1
672 984 21 6
672 1090 13 1
672 1095 24 4
672 1181 35 4
673 704 34 10
673 705 6 10
673 706 1 3
673 707 30 6
673 708 28 2
673 709 20 4
673 805 7 8
673 865 38 6
673 921 16 3
673 981 12 2
673 1090 12 4
673 1180 48 8
673 1195 38 10
710 711 9 4
710 712 14 1
710 713 6 4
710 714 1 8
710 715 45 10
710 716 45 8
710 717 16 10
710 718 5 1
710 725 33 6
710 752 8 8
710 813 4 7
710 830 20 3
710 865 33 10
710 874 3 8
710 875 7 2
710 910 50 5
710 923 38 10
710 956 32 9
710 1015 24 7
710 1090 36 10
710 1095 9 10
710 1100 40 6
710 1136 16 7
710 1151 26 10
710 1180 48 10
710 1181 20 8
710 1195 25 5
711 712 50 8
711 719 34 4
711 720 10 2
711 721 39 6
711 722 48 2
711 726 23 5
711 773 19 7
711 805 25 10
711 811 9 10
711 830 16 9
711 852 50 10
711 922 45 1
711 941 27 4
711 981 21 1
711 1041 34 7
711 1090 47 5
711 1136 34 7
711 1151 14 10
711 1160 10 10
711 1190 36 10
712 723 21 2
712 724 18 1
712 750 12 8
712 771 45 8
712 805 50 9
712 851 45 8
712 941 45 8
712 957 39 8
712 985 29 2
712 1013 37 6
712 1047 4 6
712 1162 6 3
712 1195 11 10
725 726 48 2
725 727 48 7
725 728 10 8
725 729 43 3
725 730 14 7
725 731 21 5
725 732 47 6
725 733 44 8
725 751 43 2
725 771 45 10
725 805 42 1
725 810 47 6
725 851 3 4
725 865 23 3
725 941 47 2
725 958 10 3
725 1040 48 4
725 1045 4 6
725 1195 39 1
726 727 32 8
726 728 23 10
726 729 49 3
726 734 2 6
726 735 26 2
726 736 43 1
726 805 13 5
726 830 3 1
726 851 50 5
726 876 19 6
726 922 37 1
726 983 3 5
726 1102 1 3
727 728 10 4
727 729 44 9
727 737 15 2
727 738 6 4
727 739 24 6
727 740 47 2
727 741 23 7
727 770 21 10
727 941 10 1
727 1013 41 5
727 1090 29 9
727 1150 45 3
727 1180 30 2
727 1195 35 4
728 729 42 10
728 742 38 5
728 832 27 7
728 875 41 10
728 910 17 4
728 957 29 10
728 980 50 1
728 1090 50 8
728 1102 36 5
728 1137 50 6
728 1151 34 10
728 1161 20 1
728 1181 13 4
729 743 1 5
729 744 43 5
729 745 37 2
729 746 14 10
729 747 19 3
729 748 32 6
729 749 3 10
729 750 24 10
729 810 42 2
729 865 32 8
729 910 5 10
729 923 16 7
729 1010 26 9
729 1137 23 7
729 1163 46 9
729 1190 36 6
750 751 12 1
750 752 32 7
750 753 32 9
750 754 21 8
750 755 50 1
750 756 18 8
750 757 40 9
750 865 15 2
750 870 44 4
750 876 32 7
750 956 30 8
750 1090 34 2
750 1151 49 3
751 752 27 6
751 753 47 6
751 758 38 5
751 759 21 5
751 776 38 7
751 805 7 3
751 833 48 8
751 911 14 10
751 942 30 1
751 956 22 5
751 1090 7 9
751 1136 16 8
751 1190 45 1
752 753 16 8
752 760 24 7
752 761 32 5
752 762 22 8
752 763 43 7
752 764 36 8
752 765 17 7
752 766 34 3
752 767 2 1
752 812 11 5
752 911 10 6
752 1043 47 6
752 1098 40 9
752 1151 18 9
752 1163 48 9
752 1190 4 5
752 1195 41 1
753 768 46 7
753 769 6 8
753 770 11 6
753 813 26 7
753 833 33 7
753 850 21 4
753 851 8 3
753 920 21 9
753 923 33 6
753 940 9 2
753 983 40 9
753 1011 47 10
753 1048 27 9
753 1096 50 7
753 1137 7 7
753 1160 22 10
753 1180 21 3
753 1195 25 4
770 771 21 9
770 772 7 6
770 773 14 10
770 774 11 4
770 775 30 6
770 776 1 1
770 777 41 10
770 778 18 6
770 779 17 7
770 780 27 1
770 805 47 9
770 831 16 5
770 875 35 8
770 941 16 7
770 984 8 8
770 1046 30 1
770 1100 49 8
770 1135 23 9
771 772 14 8
771 773 16 10
771 774 26 6
771 775 30 2
771 776 47 3
771 781 15 7
771 1180 42 1
772 773 5 4
772 774 28 8
772 775 43 2
772 776 15 3
772 782 27 8
772 783 19 10
772 784 14 9
772 785 40 10
772 786 15 2
772 787 40 2
772 788 28 8
772 789 15 9
772 865 28 7
772 955 30 5
772 1090 13 3
772 1151 13 5
772 1195 33 7
773 774 17 7
773 775 17 9
773 776 19 4
773 790 41 1
773 791 28 4
773 792 35 1
773 793 28 4
773 794 14 2
773 833 15 10
773 875 36 9
773 910 17 2
773 942 1 7
773 959 15 8
773 985 45 3
773 1010 5 4
773 1015 19 2
773 1101 15 3
773 1190 21 2
774 775 8 2
774 776 13 1
774 795 1 3
774 796 50 6
774 797 25 5
774 798 23 2
774 1047 29 6
774 1090 44 9
774 1160 29 10
774 1161 39 9
774 1180 12 4
775 776 36 1
775 799 44 7
775 805 41 1
775 811 26 10
775 850 35 6
775 921 6 1
775 1136 30 6
775 1150 11 3
775 1190 41 6
776 800 43 2
776 801 48 4
776 802 47 1
776 803 39 2
776 804 36 4
776 811 35 3
776 865 17 4
776 911 42 7
776 921 22 2
776 1195 18 1
805 806 17 4
805 807 43 3
805 808 15 3
805 809 18 10
805 811 5 7
805 830 24 9
805 832 33 6
805 851 14 4
805 852 22 7
805 865 22 5
805 875 17 8
805 876 23 2
805 910 46 5
805 911 1 9
805 922 18 10
805 941 46 1
805 942 48 1
805 956 20 7
805 957 42 2
805 983 26 5
805 985 24 10
805 1012 11 10
805 1046 15 7
805 1049 38 10
805 1090 43 2
805 1097 49 7
805 1102 24 4
805 1137 8 4
805 1150 29 5
805 1151 20 7
805 1163 1 7
805 1181 46 8
805 1190 43 8
805 1195 12 9
810 811 36 5
810 812 41 8
810 813 35 8
810 814 14 6
810 815 47 10
810 816 10 2
810 817 36 1
810 818 41 6
810 819 35 7
810 820 12 10
810 821 50 2
810 831 26 9
810 832 49 1
810 910 30 10
810 980 30 5
810 1040 1 7
810 1045 35 9
810 1090 2 1
810 1099 8 7
810 1137 43 10
810 1160 13 1
810 1181 46 6
811 812 38 2
811 813 46 9
811 822 32 3
811 823 44 8
811 851 34 2
811 865 8 6
811 874 32 3
811 920 50 1
811 941 14 1
811 942 43 6
811 1012 31 6
811 1137 34 9
811 1190 8 1
812 813 28 10
812 824 20 4
812 825 35 9
812 826 22 6
812 827 24 7
812 850 33 7
812 870 41 5
812 982 8 6
812 1150 36 8
812 1151 23 10
812 1162 30 3
812 1180 8 8
812 1190 46 9
812 1195 30 7
813 828 20 7
813 829 31 6
813 865 2 1
813 911 3 2
813 920 25 9
813 956 10 5
813 959 14 9
813 1011 38 1
813 1090 47 5
813 1099 33 2
813 1195 42 3
830 831 21 8
830 832 11 6
830 833 16 10
830 834 4 2
830 835 6 2
830 836 18 2
830 837 7 6
830 838 17 3
830 839 3 9
830 852 14 9
830 911 32 3
830 983 27 9
830 1045 13 6
830 1046 39 2
830 1090 27 2
830 1098 28 2
830 1136 7 5
830 1163 3 7
831 832 50 4
831 833 9 3
831 840 13 9
831 841 4 8
831 842 29 5
831 843 6 8
831 852 2 2
831 877 26 10
831 959 27 6
831 1015 24 7
831 1090 39 10
831 1137 26 3
831 1150 26 1
831 1151 9 5
831 1162 16 5
831 1195 26 3
832 833 14 2
832 844 24 6
832 845 20 5
832 846 34 10
832 865 47 5
832 983 18 3
832 1099 44 8
832 1180 30 6
832 1190 37 1
833 847 29 3
833 848 17 6
833 849 37 7
833 873 2 6
833 910 39 1
833 922 13 3
833 941 47 8
833 957 40 7
833 1014 15 10
833 1195 16 9
850 851 17 8
850 852 17 7
850 853 39 3
850 865 1 10
850 876 1 5
850 920 10 8
850 923 3 1
850 942 41 4
850 1045 31 2
850 1090 5 9
850 1151 7 7
850 1190 16 4
851 852 30 10
851 854 50 4
851 855 29 8
851 856 24 2
851 857 32 7
851 858 41 3
851 911 26 5
851 982 3 8
851 985 17 3
851 1014 27 7
851 1048 13 1
851 1090 3 2
851 1097 42 5
851 1098 36 4
851 1135 8 8
851 1150 42 5
851 1161 36 4
851 1163 13 6
851 1180 41 5
851 1195 30 10
852 859 46 6
852 860 3 10
852 861 18 8
852 862 18 2
852 863 5 6
852 864 31 6
852 865 22 3
852 871 10 6
852 910 41 2
852 940 46 8
852 956 20 5
852 958 30 4
852 1014 5 3
852 1137 40 8
852 1181 20 2
865 866 28 10
865 867 36 2
865 868 12 1
865 869 12 4
865 870 37 6
865 875 12 9
865 910 13 5
865 911 33 5
865 921 45 8
865 922 47 2
865 940 42 4
865 942 43 5
865 958 22 1
865 959 18 6
865 982 27 9
865 985 32 7
865 1010 43 4
865 1011 45 2
865 1040 45 2
865 1049 6 5
865 1090 22 8
865 1099 30 5
865 1100 35 7
865 1135 3 4
865 1137 27 6
865 1150 48 1
865 1162 50 9
865 1163 48 3
865 1180 13 7
865 1181 37 6
865 1190 49 10
865 1195 41 9
870 871 29 2
870 872 37 3
870 873 26 8
870 874 27 1
870 875 20 5
870 876 24 1
870 877 27 2
870 878 29 4
870 879 36 10
870 880 43 5
870 955 18 8
870 1136 33 8
871 872 31 3
871 873 18 6
871 874 13 10
871 875 41 8
871 876 32 8
871 877 37 5
871 881 38 10
871 882 8 3
871 883 48 5
871 884 43 2
871 885 11 1
871 886 22 2
871 887 44 7
871 921 2 10
871 1044 37 2
872 873 9 8
872 874 25 9
872 875 21 3
872 876 20 2
872 877 47 9
872 888 5 5
872 889 39 8
872 1090 13 10
872 1151 36 8
873 874 31 8
873 875 4 10
873 876 8 6
873 877 33 2
873 890 37 10
873 891 20 8
873 892 1 6
873 893 34 7
873 894 16 1
873 895 27 2
873 983 22 7
873 985 35 8
873 1090 42 2
873 1135 32 7
873 1150 2 7
873 1195 20 9
874 875 22 8
874 876 23 9
874 877 44 7
874 896 1 4
874 897 29 10
874 898 46 5
874 899 25 8
874 900 36 2
874 901 16 1
874 1040 40 3
874 1101 31 10
875 876 13 5
875 877 47 4
875 902 34 9
875 903 23 3
875 904 2 5
875 905 49 8
875 910 5 1
875 921 17 2
875 940 7 9
875 941 15 4
875 1013 8 6
875 1163 21 5
876 877 20 4
876 906 37 10
876 907 50 8
876 908 44 2
876 958 9 9
876 1012 8 4
876 1180 40 5
876 1181 44 6
876 1195 43 7
877 909 48 2
877 1098 3 1
877 1160 44 7
877 1190 45 10
910 911 21 3
910 912 9 4
910 913 20 6
910 914 50 10
910 915 5 7
910 916 46 3
910 941 8 7
910 942 19 9
910 983 11 2
910 1041 28 6
910 1090 49 5
910 1095 32 4
910 1135 13 10
910 1150 24 10
910 1151 31 8
910 1195 21 4
911 917 10 4
911 918 30 4
911 919 28 10
911 921 47 7
911 922 48 4
911 956 32 6
911 959 47 9
911 982 9 2
911 1011 9 8
911 1015 15 1
911 1040 38 3
911 1090 8 10
911 1097 42 2
911 1136 6 4
911 1160 11 3
911 1163 10 6
911 1180 49 8
911 1181 3 3
911 1190 40 10
911 1195 26 1
920 921 28 7
920 922 11 5
920 923 26 9
920 924 34 9
920 925 2 3
920 926 27 7
920 927 33 6
920 940 39 8
920 942 30 3
920 958 12 10
920 1151 40 7
920 1162 12 2
921 922 14 4
921 923 38 6
921 928 6 5
921 929 11 10
921 930 23 1
921 1151 7 7
922 923 49 1
922 931 50 9
922 932 38 7
922 1012 38 1
922 1013 45 10
922 1044 27 2
922 1046 15 5
922 1090 13 9
922 1101 9 3
922 1135 23 6
922 1160 16 5
922 1181 11 7
923 933 39 5
923 934 3 1
923 935 36 8
923 936 20 5
923 937 19 10
923 938 23 6
923 939 47 5
923 958 20 1
923 981 13 9
923 984 38 4
923 1090 43 10
923 1098 14 3
923 1136 1 3
923 1180 42 8
923 1190 33 2
923 1195 25 4
940 941 48 10
940 942 27 1
940 943 16 1
940 944 48 10
940 945 16 4
940 946 45 6
940 947 27 1
940 948 23 2
940 981 22 9
940 983 23 2
940 1011 49 6
940 1046 16 10
940 1090 22 3
940 1102 18 1
940 1137 14 3
940 1163 9 7
941 942 36 3
941 949 39 3
941 955 7 9
941 1014 19 9
941 1099 42 9
941 1135 6 8
941 1150 39 7
941 1163 44 9
941 1180 2 7
941 1190 13 4
941 1195 22 5
942 950 23 1
942 951 32 10
942 952 19 1
942 953 40 9
942 954 30 5
942 956 36 10
942 1046 46 1
942 1090 35 1
942 1180 37 5
942 1195 23 7
955 956 49 1
955 957 38 1
955 958 32 4
955 959 33 7
955 960 43 9
955 961 36 8
955 962 5 5
955 1136 23 5
955 1150 11 5
955 1161 17 8
956 957 2 8
956 958 6 6
956 959 24 8
956 963 32 8
956 964 26 4
956 965 19 8
956 966 43 4
956 967 46 8
956 981 13 6
956 1010 1 8
956 1095 42 2
956 1195 46 5
957 958 26 4
957 959 18 4
957 968 18 6
957 969 27 8
957 970 10 8
957 971 18 2
957 972 12 9
957 1010 35 1
957 1090 12 4
957 1136 26 7
957 1150 9 7
957 1161 5 8
957 1180 21 1
957 1181 40 10
957 1190 37 2
958 959 22 3
958 973 38 9
958 974 13 4
958 1044 50 8
958 1090 39 8
958 1102 12 7
958 1190 46 7
958 1195 45 5
959 975 1 3
959 976 6 6
959 977 24 6
959 978 26 10
959 979 21 6
959 1043 7 9
980 981 41 8
980 982 11 10
980 983 35 6
980 984 10 9
980 985 28 2
980 986 28 8
980 987 5 4
980 1045 21 5
980 1090 25 9
980 1195 43 4
981 982 41 10
981 983 23 2
981 984 14 6
981 985 21 2
981 988 18 4
981 989 50 4
981 990 12 7
981 991 42 4
981 992 46 3
981 993 45 4
981 994 5 4
981 1190 27 5
982 983 16 6
982 984 18 9
982 985 9 8
982 995 17 3
982 996 34 5
982 997 24 9
982 998 16 7
982 999 46 3
982 1000 39 10
982 1001 6 6
982 1101 44 10
982 1136 16 2
982 1162 1 10
982 1195 26 10
983 984 14 4
983 985 5 2
983 1002 18 7
983 1003 22 7
983 1004 30 7
983 1097 24 8
983 1160 1 5
983 1181 16 10
984 985 15 8
984 1005 19 3
984 1006 16 3
984 1007 19 10
984 1150 13 7
985 1008 3 9
985 1009 4 7
985 1010 39 7
985 1013 22 9
985 1041 17 8
985 1090 12 1
985 1137 48 10
985 1151 18 2
985 1180 20 4
985 1190 27 1
1010 1011 48 9
1010 1012 30 6
1010 1013 26 7
1010 1014 12 9
1010 1015 35 8
1010 1016 33 2
1010 1017 19 8
1010 1018 18 3
1010 1019 18 3
1010 1090 33 7
1010 1101 50 6
1010 1190 9 4
1011 1012 11 1
1011 1013 28 2
1011 1014 12 1
1011 1015 13 2
1011 1020 34 4
1011 1021 24 8
1011 1022 40 9
1011 1023 29 7
1011 1024 46 6
1011 1025 45 8
1011 1102 11 1
1011 1135 46 9
1011 1181 25 1
1012 1013 23 10
1012 1014 5 3
1012 1015 12 3
1012 1026 40 4
1012 1027 45 3
1012 1028 31 6
1012 1049 20 5
1012 1180 17 6
1012 1195 31 3
1013 1014 32 1
1013 1015 9 7
1013 1029 4 7
1013 1045 42 6
1013 1150 8 2
1013 1151 17 8
1014 1015 11 1
1014 1030 43 6
1014 1031 23 5
1014 1032 34 3
1014 1090 32 5
1014 1160 30 10
1014 1162 35 5
1014 1190 25 4
1015 1033 10 3
1015 1034 4 5
1015 1035 45 9
1015 1036 39 1
1015 1037 47 6
1015 1038 23 10
1015 1039 18 5
1015 1137 21 9
1040 1041 9 3
1040 1042 28 3
1040 1043 2 4
1040 1044 11 2
1040 1045 24 2
1040 1046 27 8
1040 1047 35 7
1040 1048 39 1
1040 1049 5 5
1040 1050 41 2
1040 1190 47 7
1041 1042 45 6
1041 1043 24 10
1041 1044 26 9
1041 1045 30 8
1041 1046 43 8
1041 1047 29 3
1041 1048 25 7
1041 1049 6 6
1041 1051 17 7
1041 1052 40 6
1041 1053 41 9
1041 1054 13 5
1041 1055 40 1
1041 1056 35 5
1042 1043 44 5
1042 1044 44 8
1042 1045 8 1
1042 1046 26 3
1042 1047 47 4
1042 1048 9 3
1042 1049 6 10
1042 1057 3 5
1042 1058 4 5
1042 1059 41 4
1042 1090 6 8
1042 1098 25 8
1043 1044 1 9
1043 1045 18 3
1043 1046 33 1
1043 1047 31 5
1043 1048 14 8
1043 1049 1 9
1043 1060 4 10
1043 1061 25 9
1043 1062 36 3
1043 1063 14 5
1043 1064 6 9
1043 1065 33 6
1043 1101 14 6
1043 1181 20 1
1044 1045 38 10
1044 1046 41 8
1044 1047 7 9
1044 1048 20 6
1044 1049 12 5
1044 1066 11 8
1044 1067 50 10
1044 1068 25 8
1044 1069 4 7
1044 1070 10 4
1044 1071 4 7
1044 1150 26 8
1044 1162 30 3
1044 1190 4 4
1045 1046 1 1
1045 1047 33 3
1045 1048 45 6
1045 1049 23 10
1045 1072 2 2
1045 1073 20 7
1045 1074 11 1
1045 1075 39 8
1045 1076 18 6
1046 1047 3 2
1046 1048 2 3
1046 1049 47 2
1046 1077 17 3
1046 1078 35 4
1046 1079 13 7
1046 1080 5 8
1046 1081 5 9
1046 1082 12 6
1046 1136 2 7
1046 1195 19 7
1047 1048 50 7
1047 1049 1 9
1047 1083 46 9
1047 1084 38 7
1047 1085 14 8
1047 1086 12 2
1047 1137 44 6
1048 1049 18 1
1048 1087 27 7
1048 1088 48 3
1048 1181 5 4
1049 1089 4 1
1049 1090 45 7
1049 1150 13 8
1049 1161 43 7
1049 1195 9 4
1090 1091 42 1
1090 1092 28 10
1090 1093 45 4
1090 1094 28 3
1090 1097 5 7
1090 1099 19 7
1090 1135 7 9
1090 1137 46 6
1090 1150 31 9
1090 1161 17 2
1090 1180 26 1
1090 1181 46 6
1090 1190 32 4
1090 1195 50 5
1095 1096 46 1
1095 1097 39 2
1095 1098 12 8
1095 1099 6 4
1095 1100 32 9
1095 1101 18 9
1095 1102 12 3
1095 1103 35 6
1095 1104 34 10
1095 1105 43 1
1095 1106 30 8
1095 1107 43 5
1095 1137 22 9
1096 1097 42 9
1096 1098 49 7
1096 1099 37 1
1096 1100 1 5
1096 1101 44 9
1096 1102 14 2
1096 1108 36 7
1096 1109 28 9
1096 1110 45 7
1096 1111 27 1
1097 1098 37 1
1097 1099 36 4
1097 1100 41 1
1097 1101 33 7
1097 1102 21 5
1097 1112 21 7
1097 1113 2 2
1097 1114 40 1
1097 1160 34 3
1097 1181 5 3
1098 1099 2 4
1098 1100 28 6
1098 1101 43 9
1098 1102 37 9
1098 1115 47 1
1098 1150 6 10
1099 1100 41 3
1099 1101 17 2
1099 1102 14 8
1099 1116 27 8
1099 1117 36 2
1099 1118 13 7
1099 1119 14 7
1099 1162 10 4
1099 1181 37 9
1099 1195 27 7
1100 1101 11 2
1100 1102 44 1
1100 1120 20 4
1100 1121 22 5
1100 1122 41 8
1100 1123 24 1
1100 1124 43 6
1100 1125 9 3
1100 1190 2 6
1101 1102 38 6
1101 1126 10 9
1101 1127 29 4
1101 1128 44 7
1101 1129 8 9
1101 1190 38 2
1102 1130 12 5
1102 1131 5 3
1102 1132 2 9
1102 1133 10 3
1102 1134 38 8
1102 1136 34 2
1102 1151 46 8
1102 1195 33 7
1135 1136 18 6
1135 1137 31 7
1135 1138 26 2
1135 1139 22 8
1135 1140 10 5
1135 1141 4 4
1135 1142 42 1
1135 1143 28 7
1135 1144 17 6
1135 1150 5 6
1135 1163 37 5
1135 1181 49 5
1135 1195 28 4
1136 1137 34 5
1136 1145 6 10
1136 1146 16 4
1136 1147 25 3
1136 1151 26 6
1136 1181 31 7
1136 1190 35 1
1137 1148 29 4
1137 1149 15 1
1137 1190 50 10
1150 1151 26 5
1150 1152 32 5
1150 1153 18 7
1150 1163 33 6
1150 1190 18 9
1151 1154 19 3
1151 1155 43 4
1151 1156 38 6
1151 1157 50 4
1151 1158 25 10
1151 1159 13 1
1151 1161 18 8
1151 1180 41 5
1151 1190 43 6
1151 1195 14 10
1160 1161 50 2
1160 1162 41 1
1160 1163 48 5
1160 1164 21 2
1160 1165 11 5
1160 1166 46 1
1160 1167 46 5
1160 1180 20 1
1160 1190 2 1
1160 1195 26 9
1161 1162 35 7
1161 1163 4 8
1161 1168 10 2
1161 1169 22 1
1161 1170 21 8
1161 1171 7 3
1161 1172 30 8
1161 1173 38 2
1161 1190 10 9
1162 1163 29 10
1162 1174 34 9
1162 1175 18 5
1162 1176 47 8
1162 1177 30 5
1162 1178 8 10
1162 1195 19 10
1163 1179 24 9
1163 1181 50 7
1180 1181 5 8
1180 1182 42 4
1180 1183 20 9
1180 1190 29 5
1181 1184 34 2
1181 1185 22 10
1181 1186 37 10
1181 1187 48 8
1181 1188 6 8
1181 1189 1 7
1181 1190 40 5
1181 1195 9 9
1190 1191 37 3
1190 1192 34 7
1190 1193 49 4
1190 1194 6 1
1190 1195 22 2
1195 1196 22 10
1195 1197 6 3
1195 1198 22 2
1195 1199 25 7

0 492 11
1 185 11
2 408 15
3 907 30
4 953 15
5 110 2
6 1153 11
7 284 6
8 1093 28
9 806 12
10 695 7
11 952 12
12 1148 13
13 89 16
14 170 9
15 1144 9
16 707 21
17 311 13
18 156 8
19 1108 18
20 1191 15
21 867 12
22 381 30
23 431 17
24 1064 3
25 680 23
26 1021 11
27 252 25
28 800 23
29 442 7
30 1006 5
31 163 15
32 90 3
33 915 3
34 403 14
35 343 8
36 700 16
37 1005 13
38 244 18
39 964 9
40 2 3
41 820 4
42 159 11
43 293 11
44 192 25
45 1039 13
46 644 18
47 506 20
48 324 13
49 437 6
50 460 14
51 1030 11
52 997 15
53 217 5
54 938 5
55 69 22
56 992 26
57 105 2
58 182 27
59 292 15
60 815 12
61 67 20
62 1004 8
63 540 9
64 704 18
65 400 2
66 1104 10
67 565 3
68 456 9
69 731 7
70 970 5
71 463 13
72 909 16
73 1120 8
74 991 17
75 1106 19
76 976 3
77 1155 14
78 338 25
79 1127 16
80 834 3
81 144 8
82 389 24
83 349 13
84 973 18
85 438 6
86 572 18
87 333 8
88 896 1
89 887 31
90 893 16
91 208 6
92 423 13
93 663 1
94 954 8
95 1112 10
96 1113 1
97 793 16
98 1085 4
99 525 12
100 539 13
101 459 11
102 1018 12
103 677 3
104 999 13
105 314 6
106 975 1
107 11 6
108 54 2
109 419 10
110 1025 15
111 630 6
112 818 14
113 443 20
114 592 7
115 337 32
116 534 3
117 318 25
118 285 10
119 585 3
120 219 10
121 759 13
122 1133 7
123 1118 4
124 1072 1
125 905 29
126 689 15
127 890 19
128 869 6
129 128 12
130 1146 8
131 526 22
132 191 4
133 686 12
134 807 21
135 152 22
136 559 4
137 740 13
138 767 1
139 784 10
140 92 7
141 125 11
142 699 8
143 1051 12
144 1177 18
145 657 9
146 604 11
147 840 4
148 1022 26
149 233 2
150 900 8
151 1145 3
152 1121 5
153 10 10
154 882 2
155 808 8
156 151 17
157 359 9
158 996 20
159 766 19
160 844 9
161 25 5
162 801 14
163 688 14
164 16 15
165 288 4
166 516 13
167 171 19
168 139 6
169 563 10
170 37 31
171 515 3
172 1138 13
173 1038 12
174 1029 1
175 857 12
176 358 13
177 367 18
178 1086 6
179 1000 10
180 392 18
181 629 1
182 98 13
183 480 2
184 441 9
185 1131 4
186 271 5
187 517 10
188 104 10
189 207 3
190 529 2
191 779 11
192 1186 12
193 335 7
194 597 15
195 380 13
196 346 18
197 112 12
198 253 13
199 15 1
200 554 4
201 1198 16
202 53 7
203 823 29
204 722 17
205 1116 12
206 701 8
207 1019 5
208 487 6
209 1139 12
210 598 9
211 928 3
212 19 9
213 1084 23
214 107 4
215 931 32
216 378 7
217 761 8
218 588 21
219 633 14
220 472 15
221 914 17
222 22 17
223 345 13
224 1158 16
225 619 15
226 1199 18
227 307 4
228 197 16
229 679 2
230 1178 3
231 386 11
232 558 25
233 1184 13
234 347 15
235 1130 7
236 306 20
237 56 16
238 491 9
239 17 3
240 183 13
241 433 2
242 878 9
243 785 20
244 691 9
245 1172 17
246 904 2
247 839 2
248 622 8
249 974 5
250 484 5
251 836 6
252 210 8
253 77 21
254 979 12
255 564 22
256 901 5
257 237 11
258 334 20
259 696 10
260 743 1
261 745 9
262 405 3
263 860 1
264 196 7
265 816 5
266 535 22
267 856 16
268 754 10
269 624 10
270 885 6
271 316 22
272 278 15
273 859 19
274 167 7
275 1171 3
276 755 26
277 661 29
278 188 9
279 706 1
280 864 22
281 194 6
282 1176 27
283 1119 8
284 466 31
285 929 8
286 1008 2
287 1054 5
288 641 6
289 227 20
290 1188 3
291 648 12
292 209 30
293 483 9
294 846 10
295 738 2
296 786 4
297 1026 20
298 485 4
299 195 8
300 894 11
301 62 6
302 627 11
303 518 26
304 72 11
305 522 10
306 58 3
307 169 17
308 1067 18
309 266 19
310 14 25
311 246 31
312 215 2
313 1154 11
314 734 2
315 340 8
316 502 17
317 578 2
318 545 5
319 189 2
320 1059 12
321 418 8
322 364 16
323 1031 10
324 133 6
325 476 11
326 789 10
327 829 13
328 409 15
329 225 9
330 407 22
331 304 25
332 787 13
333 73 20
334 685 27
335 590 20
336 933 10
337 33 33
338 780 15
339 919 14
340 1197 4
341 390 7
342 234 18
343 961 12
344 778 6
345 181 13
346 1111 17
347 642 26
348 432 25
349 746 4
350 426 23
351 1074 7
352 1069 3
353 777 9
354 791 13
355 454 10
356 1078 12
357 218 5
358 23 13
359 113 2
360 884 25
361 268 11
362 1123 14
363 64 7
364 143 17
365 361 22
366 1170 6
367 891 9
368 103 3
369 421 21
370 593 14
371 978 17
372 289 3
373 943 8
374 925 1
375 79 9
376 28 1
377 94 15
378 184 7
379 154 11
380 1032 24
381 239 29
382 1179 17
383 242 2
384 213 8
385 764 9
386 235 4
387 1185 7
388 1147 8
389 562 17
390 422 9
391 74 3
392 855 15
393 717 9
394 924 15
395 312 20
396 842 9
397 951 22
398 95 18
399 282 4
400 362 4
401 749 2
402 109 5
403 819 19
404 513 11
405 36 13
406 455 17
407 628 5
408 656 18
409 824 12
410 949 18
411 471 26
412 684 5
413 705 3
414 693 14
415 1007 10
416 1169 12
417 653 22
418 287 10
419 848 5
420 723 7
421 682 21
422 1189 1
423 660 9
424 1057 1
425 574 31
426 733 25
427 384 3
428 111 22
429 482 22
430 837 4
431 468 3
432 858 19
433 835 5
434 356 3
435 160 5
436 122 20
437 48 9
438 579 12
439 897 7
440 756 10
441 1192 19
442 473 8
443 50 15
444 102 10
445 947 19
446 655 22
447 797 18
448 960 20
449 286 4
450 99 7
451 549 17
452 302 11
453 509 20
454 962 3
455 355 11
456 464 7
457 1077 4
458 822 16
459 270 2
460 272 3
461 256 9
462 607 13
463 1089 3
464 799 19
465 469 17
466 1035 30
467 647 6
468 1050 10
469 1110 10
470 888 4
471 741 13
472 1134 10
473 543 25
474 702 11
475 228 23
476 828 11
477 1094 14
478 514 12
479 621 14
