1200 4767 480

0 25 200
1 50 500
2 100 1200
3 150 2800
4 200 4500
5 250 7000

0 1500
1 1000
2 1500
3 1500
4 2000
5 1000
6 1000
7 2000
8 500
9 500
10 500
11 500
12 2000
13 1000
14 1000
15 2000
16 1000
17 2000
18 2000
19 1000
20 1500
21 1500
22 1000
23 1000
24 2000
25 2000
26 2000
27 1000
28 2000
29 1000
30 1500
31 1500
32 1500
33 1500
34 1500
35 1500
36 1000
37 2000
38 1000
39 2000
40 2000
41 1000
42 1000
43 1000
44 2000
45 1000
46 1000
47 1000
48 2000
49 2000
50 1000
51 2000
52 2000
53 2000
54 2000
55 1000
56 1000
57 1000
58 1000
59 2000
60 1500
61 1500
62 1500
63 1500
64 1500
65 1000
66 1500
67 1000
68 1000
69 2000
70 1000
71 1000
72 2000
73 1000
74 1000
75 2000
76 1000
77 1000
78 1000
79 1000
80 2000
81 2000
82 1000
83 2000
84 1000
85 2000
86 2000
87 2000
88 2000
89 1000
90 2000
91 500
92 2000
93 1000
94 2000
95 1500
96 1500
97 2000
98 1000
99 1000
100 1000
101 1000
102 1000
103 2000
104 1000
105 1500
106 1500
107 1500
108 1000
109 1000
110 1000
111 2000
112 1000
113 2000
114 1000
115 1000
116 1000
117 2000
118 2000
119 1000
120 1500
121 1500
122 2000
123 2000
124 1000
125 2000
126 1000
127 2000
128 1000
129 2000
130 1500
131 2000
132 1000
133 1000
134 1000
135 1500
136 1500
137 1500
138 1000
139 2000
140 1000
141 2000
142 1000
143 1000
144 1000
145 2000
146 2000
147 2000
148 2000
149 1000
150 1000
151 1000
152 2000
153 1000
154 500
155 1500
156 1000
157 1000
158 1000
159 2000
160 1000
161 1500
162 1500
163 500
164 2000
165 2000
166 1000
167 1000
168 1000
169 2000
170 1000
171 2000
172 1000
173 1000
174 1000
175 1500
176 1500
177 1500
178 1500
179 1500
180 1500
181 1500
182 2000
183 2000
184 2000
185 2000
186 1000
187 1000
188 2000
189 2000
190 1000
191 2000
192 2000
193 2000
194 2000
195 2000
196 2000
197 2000
198 2000
199 2000
200 2000
201 1000
202 2000
203 1000
204 2000
205 1000
206 1000
207 2000
208 1000
209 2000
210 1500
211 1500
212 1000
213 1000
214 2000
215 1000
216 2000
217 2000
218 2000
219 1000
220 1500
221 1000
222 1000
223 1000
224 2000
225 1500
226 1000
227 1500
228 1500
229 1500
230 1000
231 2000
232 1000
233 2000
234 2000
235 1000
236 500
237 500
238 500
239 2000
240 1000
241 2000
242 2000
243 1000
244 2000
245 2000
246 2000
247 1000
248 1000
249 1000
250 1500
251 1500
252 1500
253 1500
254 1500
255 1500
256 2000
257 2000
258 1000
259 2000
260 1000
261 1000
262 1000
263 2000
264 1000
265 1000
266 2000
267 2000
268 1000
269 1000
270 2000
271 2000
272 2000
273 1000
274 1000
275 1000
276 1000
277 2000
278 2000
279 2000
280 1500
281 1500
282 1500
283 1000
284 2000
285 1000
286 2000
287 1000
288 1000
289 1000
290 1000
291 2000
292 1000
293 1000
294 1000
295 1000
296 2000
297 2000
298 1000
299 500
300 1500
301 1000
302 2000
303 1000
304 1000
305 1500
306 1500
307 1000
308 1000
309 1500
310 1000
311 2000
312 1000
313 2000
314 2000
315 2000
316 1000
317 2000
318 1000
319 500
320 500
321 500
322 500
323 500
324 500
325 500
326 500
327 2000
328 2000
329 2000
330 1500
331 1500
332 1500
333 1500
334 1000
335 1000
336 1000
337 2000
338 1000
339 1000
340 2000
341 2000
342 2000
343 1000
344 2000
345 1000
346 2000
347 1000
348 2000
349 2000
350 2000
351 1000
352 1000
353 1000
354 500
355 1500
356 1000
357 1500
358 1000
359 1000
360 1500
361 1500
362 2000
363 2000
364 2000
365 2000
366 500
367 2000
368 1000
369 1000
370 2000
371 2000
372 500
373 500
374 500
375 500
376 1000
377 2000
378 1000
379 2000
380 2000
381 2000
382 1000
383 1000
384 2000
385 2000
386 2000
387 2000
388 1000
389 2000
390 1500
391 1500
392 1500
393 1500
394 1000
395 1500
396 1500
397 1000
398 1000
399 1000
400 1000
401 1000
402 2000
403 2000
404 2000
405 1000
406 2000
407 2000
408 2000
409 1000
410 2000
411 2000
412 1000
413 2000
414 2000
415 1000
416 2000
417 1000
418 1000
419 2000
420 2000
421 500
422 500
423 1000
424 2000
425 1000
426 2000
427 1000
428 1000
429 2000
430 500
431 500
432 500
433 500
434 500
435 1500
436 1000
437 1500
438 1000
439 2000
440 500
441 500
442 500
443 2000
444 1000
445 2000
446 2000
447 2000
448 2000
449 2000
450 1500
451 1500
452 1500
453 1500
454 1000
455 1500
456 1000
457 1000
458 2000
459 1000
460 1000
461 2000
462 2000
463 2000
464 1000
465 2000
466 2000
467 1000
468 1000
469 2000
470 2000
471 2000
472 2000
473 500
474 500
475 500
476 500
477 500
478 500
479 2000
480 1500
481 2000
482 2000
483 1000
484 2000
485 1500
486 1500
487 1500
488 1500
489 1500
490 1000
491 1000
492 1000
493 2000
494 2000
495 2000
496 2000
497 2000
498 1000
499 1000
500 1000
501 2000
502 1000
503 2000
504 1000
505 1000
506 1000
507 2000
508 1000
509 2000
510 1500
511 1500
512 2000
513 2000
514 1000
515 2000
516 2000
517 2000
518 1000
519 2000
520 1500
521 1500
522 1500
523 1000
524 2000
525 1000
526 2000
527 2000
528 1000
529 2000
530 1000
531 1000
532 2000
533 2000
534 1000
535 1500
536 1500
537 1500
538 1500
539 1500
540 1000
541 2000
542 2000
543 2000
544 1000
545 1000
546 1000
547 2000
548 1000
549 1000
550 2000
551 1000
552 2000
553 1000
554 2000
555 2000
556 1000
557 2000
558 2000
559 1000
560 1500
561 1000
562 2000
563 1000
564 2000
565 1500
566 1500
567 1000
568 2000
569 2000
570 2000
571 2000
572 1000
573 1500
574 2000
575 1500
576 1500
577 1000
578 1000
579 2000
580 2000
581 2000
582 2000
583 1000
584 2000
585 1000
586 1000
587 2000
588 500
589 500
590 1500
591 1500
592 1500
593 1500
594 1000
595 1500
596 1500
597 1000
598 2000
599 2000
600 2000
601 2000
602 1000
603 1000
604 1000
605 2000
606 2000
607 1000
608 2000
609 2000
610 1000
611 2000
612 2000
613 2000
614 1000
615 1000
616 2000
617 1000
618 1000
619 500
620 2000
621 2000
622 2000
623 2000
624 2000
625 1500
626 1500
627 1500
628 1000
629 1500
630 1500
631 1000
632 2000
633 2000
634 2000
635 2000
636 2000
637 2000
638 2000
639 1000
640 1000
641 2000
642 500
643 500
644 2000
645 2000
646 2000
647 2000
648 1000
649 1000
650 1000
651 2000
652 1000
653 1000
654 1000
655 1500
656 1000
657 1000
658 1000
659 2000
660 1500
661 1000
662 1500
663 1500
664 1000
665 1000
666 1000
667 2000
668 1000
669 2000
670 1000
671 500
672 500
673 500
674 500
675 500
676 500
677 1000
678 1000
679 2000
680 2000
681 2000
682 2000
683 500
684 500
685 1500
686 1000
687 1000
688 1000
689 2000
690 1500
691 1500
692 1500
693 1500
694 1500
695 1500
696 1000
697 1500
698 1500
699 1500
700 2000
701 1000
702 2000
703 1000
704 1000
705 1000
706 1000
707 2000
708 1000
709 2000
710 1000
711 1000
712 2000
713 1000
714 1000
715 1000
716 2000
717 1000
718 2000
719 1000
720 2000
721 2000
722 2000
723 2000
724 500
725 500
726 500
727 2000
728 2000
729 1000
730 1000
731 1000
732 2000
733 1000
734 2000
735 2000
736 2000
737 1000
738 2000
739 2000
740 1500
741 1500
742 1500
743 1500
744 1500
745 2000
746 1000
747 2000
748 1000
749 1000
750 1000
751 1000
752 1000
753 1000
754 2000
755 2000
756 2000
757 2000
758 2000
759 1000
760 2000
761 1000
762 1000
763 2000
764 2000
765 1500
766 1500
767 1000
768 2000
769 1000
770 2000
771 2000
772 2000
773 1000
774 2000
775 1500
776 1000
777 2000
778 2000
779 2000
780 1500
781 1500
782 1000
783 1000
784 2000
785 1000
786 2000
787 2000
788 1000
789 1000
790 1000
791 1500
792 500
793 1000
794 2000
795 2000
796 2000
797 2000
798 1000
799 2000
800 1500
801 1500
802 1500
803 2000
804 2000
805 1000
806 2000
807 2000
808 2000
809 1000
810 2000
811 2000
812 1000
813 1000
814 1000
815 1500
816 1500
817 1500
818 1500
819 2000
820 1000
821 2000
822 2000
823 2000
824 1000
825 1000
826 2000
827 2000
828 2000
829 2000
830 2000
831 2000
832 2000
833 1000
834 2000
835 1000
836 1500
837 1500
838 1500
839 500
840 500
841 1000
842 2000
843 2000
844 1000
845 2000
846 2000
847 2000
848 2000
849 1000
850 2000
851 2000
852 1000
853 2000
854 2000
855 1500
856 1500
857 1000
858 1500
859 1000
860 1000
861 1000
862 2000
863 1000
864 1000
865 1000
866 1000
867 2000
868 2000
869 500
870 1000
871 1000
872 2000
873 1000
874 1000
875 1500
876 1500
877 2000
878 1000
879 1000
880 2000
881 2000
882 2000
883 1000
884 2000
885 1500
886 1000
887 1500
888 1000
889 1500
890 1000
891 1500
892 1500
893 2000
894 1000
895 1000
896 500
897 1000
898 1000
899 2000
900 2000
901 2000
902 2000
903 1000
904 500
905 2000
906 1000
907 2000
908 2000
909 500
910 500
911 2000
912 2000
913 2000
914 2000
915 2000
916 1000
917 1000
918 2000
919 2000
920 2000
921 1000
922 1000
923 2000
924 1000
925 1500
926 1500
927 1000
928 2000
929 1000
930 1000
931 1000
932 1000
933 2000
934 1000
935 1500
936 1500
937 1000
938 2000
939 1000
940 1000
941 1000
942 2000
943 2000
944 2000
945 1500
946 1500
947 1500
948 1500
949 1000
950 1500
951 1000
952 1000
953 1000
954 1000
955 2000
956 2000
957 2000
958 1000
959 2000
960 1000
961 2000
962 2000
963 2000
964 2000
965 1000
966 1000
967 1000
968 1000
969 500
970 2000
971 2000
972 2000
973 2000
974 1000
975 1000
976 1500
977 1500
978 1500
979 1500
980 1500
981 500
982 500
983 500
984 500
985 1000
986 1000
987 2000
988 1000
989 1000
990 1000
991 2000
992 2000
993 2000
994 2000
995 1000
996 2000
997 2000
998 2000
999 2000
1000 1000
1001 2000
1002 2000
1003 2000
1004 2000
1005 1500
1006 1500
1007 1500
1008 1500
1009 2000
1010 2000
1011 1000
1012 1000
1013 1000
1014 1000
1015 2000
1016 1000
1017 2000
1018 1000
1019 2000
1020 2000
1021 2000
1022 2000
1023 1000
1024 2000
1025 1500
1026 1500
1027 1500
1028 1500
1029 1500
1030 1500
1031 2000
1032 2000
1033 2000
1034 2000
1035 1000
1036 1000
1037 1000
1038 1000
1039 1000
1040 2000
1041 2000
1042 2000
1043 2000
1044 2000
1045 1000
1046 2000
1047 1000
1048 1000
1049 1000
1050 2000
1051 1000
1052 1000
1053 2000
1054 2000
1055 1500
1056 1500
1057 1500
1058 1500
1059 1500
1060 2000
1061 1000
1062 2000
1063 2000
1064 1000
1065 1000
1066 2000
1067 2000
1068 1000
1069 1000
1070 2000
1071 1000
1072 2000
1073 2000
1074 1000
1075 2000
1076 2000
1077 1000
1078 2000
1079 1000
1080 1500
1081 1500
1082 1500
1083 2000
1084 2000
1085 1000
1086 2000
1087 2000
1088 1000
1089 2000
1090 1000
1091 2000
1092 1000
1093 2000
1094 1000
1095 1500
1096 1500
1097 1500
1098 1500
1099 1500
1100 2000
1101 2000
1102 2000
1103 1000
1104 1000
1105 1000
1106 2000
1107 2000
1108 2000
1109 1000
1110 1000
1111 2000
1112 2000
1113 2000
1114 2000
1115 1000
1116 1000
1117 1000
1118 1000
1119 2000
1120 1500
1121 1500
1122 1500
1123 1500
1124 1500
1125 1500
1126 1500
1127 1500
1128 1500
1129 1500
1130 2000
1131 2000
1132 1000
1133 1000
1134 2000
1135 2000
1136 1000
1137 1000
1138 2000
1139 1000
1140 2000
1141 1000
1142 1000
1143 2000
1144 1000
1145 1000
1146 1000
1147 2000
1148 1000
1149 1000
1150 2000
1151 2000
1152 2000
1153 2000
1154 1000
1155 2000
1156 1000
1157 2000
1158 2000
1159 1000
1160 1000
1161 2000
1162 2000
1163 2000
1164 2000
1165 2000
1166 2000
1167 1000
1168 1000
1169 2000
1170 1500
1171 1500
1172 1500
1173 1500
1174 1500
1175 1500
1176 2000
1177 1000
1178 2000
1179 2000
1180 1000
1181 2000
1182 2000
1183 1000
1184 2000
1185 1000
1186 2000
1187 1000
1188 2000
1189 2000
1190 1000
1191 1000
1192 2000
1193 1000
1194 1000
1195 2000
1196 2000
1197 1000
1198 2000
1199 2000

0 1 30 7
0 2 50 9
0 3 4 7
0 4 9 9
0 5 31 6
0 6 41 2
0 7 9 3
0 31 39 1
0 66 27 9
0 136 50 1
0 181 48 6
0 220 17 5
0 228 13 10
0 305 32 5
0 309 40 1
0 334 48 6
0 357 50 6
0 455 45 1
0 480 15 8
0 536 39 7
0 626 8 10
0 655 6 4
0 660 41 4
0 742 26 3
0 766 33 7
0 791 14 4
0 801 37 7
0 876 35 6
0 926 9 10
0 1030 25 10
0 1057 33 5
0 1081 41 2
0 1099 1 10
1 2 46 2
1 3 45 9
1 8 16 1
1 9 14 4
1 10 50 4
1 11 43 2
1 21 24 10
1 61 32 3
1 96 38 3
1 106 47 2
1 120 7 6
1 130 29 2
1 211 48 5
1 393 40 1
1 480 43 3
1 510 21 6
1 521 38 7
1 590 35 7
1 655 36 10
1 775 25 5
1 802 35 6
1 838 50 5
1 926 12 1
1 936 39 8
1 945 14 1
1 1007 17 3
1 1008 9 10
1 1059 32 2
1 1174 11 9
2 3 30 6
2 12 22 9
2 13 43 6
2 14 23 8
2 33 48 6
2 155 30 6
2 160 39 7
2 210 41 3
2 227 18 4
2 255 22 1
2 280 34 5
2 300 22 5
2 333 17 2
2 359 18 7
2 437 4 3
2 488 29 1
2 510 15 4
2 522 25 4
2 539 50 7
2 560 32 1
2 566 13 4
2 630 13 5
2 661 12 2
2 694 28 8
2 741 14 8
2 765 18 2
2 816 28 4
2 875 34 1
2 889 23 3
2 891 30 7
2 935 45 4
2 978 49 5
2 1081 19 10
2 1097 21 5
2 1120 42 4
2 1170 35 2
3 15 27 10
3 16 5 8
3 17 18 10
3 18 24 6
3 19 42 8
3 95 39 1
3 107 8 4
3 130 18 9
3 135 12 9
3 155 24 7
3 162 42 10
3 176 25 6
3 250 44 2
3 282 20 4
3 395 43 4
3 436 46 6
3 455 18 4
3 488 49 7
3 566 3 1
3 575 21 4
3 577 27 1
3 591 38 4
3 685 16 5
3 697 1 9
3 775 29 10
3 780 7 10
3 781 9 8
3 790 10 10
3 816 38 3
3 835 12 8
3 856 12 8
3 857 23 7
3 948 41 3
3 975 42 4
3 1027 1 4
3 1120 31 4
20 21 48 5
20 22 27 4
20 23 25 7
20 24 5 6
20 35 1 9
20 63 34 6
20 96 4 3
20 106 11 10
20 130 12 5
20 136 9 1
20 162 2 2
20 211 50 9
20 220 47 2
20 228 40 1
20 253 7 5
20 281 15 3
20 300 2 8
20 305 40 1
20 393 8 3
20 435 6 4
20 437 20 8
20 450 16 5
20 480 10 10
20 485 8 10
20 510 25 2
20 511 20 7
20 520 7 8
20 565 7 8
20 566 34 6
20 575 22 5
20 592 6 5
20 630 41 4
20 655 46 3
20 664 49 9
20 685 1 6
20 742 47 6
20 743 2 7
20 765 20 4
20 775 1 4
20 790 3 10
20 802 40 6
20 816 10 6
20 837 48 3
20 856 26 4
20 876 34 4
20 886 19 6
20 891 39 7
20 925 48 10
20 935 9 4
20 947 31 1
20 948 44 6
20 975 32 10
20 1008 34 9
20 1028 48 5
20 1055 28 3
20 1058 28 1
20 1081 48 5
20 1082 31 8
20 1171 38 7
21 25 2 7
21 26 32 3
21 27 46 3
21 28 10 2
21 29 3 6
21 33 16 9
21 61 12 7
21 95 1 1
21 121 25 6
21 135 21 3
21 155 14 4
21 160 5 8
21 176 35 8
21 179 43 1
21 211 21 3
21 220 39 9
21 225 11 3
21 253 19 2
21 282 36 4
21 309 34 3
21 333 6 9
21 355 25 2
21 359 45 8
21 396 20 6
21 455 45 10
21 480 45 8
21 486 48 9
21 520 30 4
21 536 21 8
21 539 27 9
21 560 20 6
21 575 26 5
21 590 11 9
21 629 49 4
21 661 3 5
21 685 19 9
21 695 25 10
21 696 24 8
21 780 43 10
21 781 45 2
21 791 21 3
21 815 4 4
21 835 25 3
21 858 32 1
21 875 30 8
21 926 12 2
21 935 43 1
21 979 49 9
21 1005 39 4
21 1026 11 8
21 1095 7 9
21 1097 36 10
21 1124 10 1
21 1128 17 3
21 1171 1 10
30 31 24 4
30 32 32 1
30 33 44 8
30 34 47 7
30 35 19 5
30 36 23 8
30 37 48 3
30 38 31 8
30 39 47 1
30 40 8 5
30 41 10 1
30 61 7 8
30 64 5 4
30 95 19 5
30 96 26 2
30 161 46 3
30 180 16 5
30 220 38 5
30 300 29 8
30 435 19 9
30 480 30 5
30 485 5 6
30 511 6 8
30 521 48 1
30 565 29 5
30 566 5 8
30 593 22 5
30 629 9 7
30 655 50 10
30 876 28 3
30 891 8 5
30 925 27 8
30 926 1 9
30 949 37 6
30 1007 29 5
30 1080 36 7
30 1099 48 9
30 1174 37 1
31 32 38 9
31 33 36 9
31 34 42 10
31 35 9 3
31 42 23 10
31 43 13 2
31 44 18 8
31 45 29 3
31 46 2 8
31 130 12 4
31 135 45 7
31 225 14 2
31 226 3 10
31 281 25 8
31 480 23 6
31 560 49 9
31 655 15 1
31 698 33 6
31 742 19 2
31 800 24 6
31 802 47 7
31 836 23 4
31 1122 10 4
32 33 45 9
32 34 5 2
32 35 7 5
32 47 31 1
32 48 5 2
32 155 11 8
32 250 29 10
32 300 14 6
32 307 18 8
32 332 17 5
32 489 46 3
32 560 22 1
32 575 2 3
32 660 25 10
32 685 50 7
32 744 37 9
32 780 17 3
32 855 21 5
32 1057 41 1
32 1120 35 6
33 34 41 1
33 35 11 6
33 49 33 10
33 106 39 5
33 120 38 8
33 130 47 9
33 155 30 3
33 175 19 8
33 210 36 7
33 522 42 8
33 538 4 6
33 577 32 9
33 661 34 3
33 766 23 4
33 775 43 4
33 781 16 7
33 791 45 8
33 876 16 1
33 979 27 4
33 1025 13 7
33 1081 27 2
34 35 31 10
34 50 17 5
34 51 42 1
34 52 45 5
34 121 27 10
34 136 15 5
34 162 41 2
34 211 48 8
34 220 1 4
34 306 25 7
34 331 30 4
34 357 39 6
34 398 2 1
34 436 45 1
34 453 50 5
34 539 7 7
34 685 50 9
34 696 2 1
34 790 6 6
34 817 23 10
35 53 6 1
35 54 19 7
35 55 42 5
35 56 23 2
35 57 30 6
35 58 32 4
35 59 24 2
35 105 24 8
35 250 8 7
35 280 48 1
35 358 21 2
35 396 10 1
35 455 24 3
35 510 45 1
35 628 16 7
35 765 33 5
35 775 24 6
35 818 36 9
35 837 30 3
35 858 45 8
35 891 20 3
35 935 41 1
35 936 1 5
35 949 17 8
35 978 42 3
35 1005 13 1
35 1030 46 7
35 1058 44 7
35 1098 27 5
35 1171 35 4
60 61 5 8
60 62 1 4
60 63 37 7
60 64 22 9
60 65 9 4
60 66 35 2
60 67 27 2
60 68 36 2
60 69 24 4
60 70 29 3
60 71 6 3
60 136 17 5
60 155 8 6
60 226 13 1
60 360 4 5
60 395 29 9
60 435 21 10
60 480 8 7
60 510 30 1
60 522 7 2
60 577 42 2
60 655 40 5
60 697 34 10
60 781 26 3
60 791 10 8
60 818 30 4
60 857 41 2
60 886 9 1
60 945 36 4
60 1080 34 3
61 62 27 4
61 63 11 1
61 64 16 9
61 65 13 10
61 66 22 4
61 72 9 9
61 73 46 8
61 74 6 9
61 75 18 3
61 76 48 5
61 77 5 5
61 78 36 8
61 79 35 2
61 155 23 10
61 280 37 1
61 300 10 1
61 332 18 5
61 359 25 2
61 393 11 3
61 489 23 5
61 625 38 7
61 685 40 4
61 690 28 10
61 740 9 2
61 742 32 8
61 775 45 9
61 790 29 5
61 836 36 6
61 925 45 1
61 935 23 6
61 1097 43 6
62 63 25 4
62 64 49 8
62 65 38 6
62 66 47 3
62 80 1 9
62 81 31 2
62 82 31 10
62 83 49 8
62 178 33 4
62 210 35 9
62 211 32 8
62 226 12 10
62 252 23 4
62 308 28 8
62 536 16 3
62 566 15 3
62 662 30 10
62 685 31 7
62 765 1 9
62 766 23 8
62 801 42 10
62 837 49 8
62 892 18 6
62 926 40 7
62 947 16 3
62 977 31 8
62 1005 4 6
62 1029 13 10
62 1082 30 10
62 1097 32 3
62 1123 21 4
62 1172 15 7
63 64 32 5
63 65 41 9
63 66 49 9
63 84 23 4
63 85 21 8
63 86 17 7
63 87 24 5
63 88 32 10
63 130 24 3
63 181 10 2
63 220 26 10
63 309 16 5
63 436 40 8
63 486 45 6
63 628 25 9
63 780 37 3
63 875 44 8
63 1030 18 9
63 1175 41 4
64 65 18 8
64 66 1 5
64 89 17 9
64 90 42 6
64 96 39 3
64 105 21 6
64 160 19 5
64 300 17 2
64 450 40 1
64 520 22 7
64 560 2 4
64 565 1 8
64 577 35 8
64 655 48 9
64 936 35 1
65 66 13 9
65 91 25 5
65 96 28 1
65 120 41 10
65 121 37 6
65 130 31 4
65 254 27 10
65 283 15 6
65 330 3 6
65 536 21 3
65 596 11 9
65 662 40 8
65 816 43 2
65 857 27 8
65 979 25 8
65 1006 7 2
65 1055 36 8
65 1056 3 6
66 92 48 6
66 93 19 1
66 94 37 2
66 106 12 2
66 160 22 5
66 220 8 8
66 451 16 10
66 480 6 7
66 560 15 7
66 596 40 6
66 775 26 3
66 800 9 7
66 876 36 3
66 1126 42 4
95 96 13 9
95 97 14 4
95 98 15 8
95 99 47 8
95 106 4 3
95 107 30 1
95 120 43 9
95 130 31 3
95 135 46 5
95 155 15 9
95 161 48 6
95 211 27 10
95 220 41 7
95 229 46 1
95 250 45 10
95 251 40 8
95 280 41 1
95 300 12 9
95 309 47 5
95 330 9 3
95 355 23 9
95 395 15 5
95 397 21 5
95 435 11 3
95 437 22 2
95 454 32 9
95 455 22 8
95 480 5 4
95 485 12 10
95 488 14 1
95 511 37 6
95 521 36 5
95 522 9 5
95 538 25 10
95 560 17 5
95 565 33 7
95 577 24 7
95 593 28 10
95 627 26 5
95 630 9 3
95 655 33 7
95 685 5 8
95 696 29 8
95 740 13 4
95 744 34 6
95 765 29 6
95 775 8 8
95 790 47 10
95 858 39 3
95 891 8 3
95 892 30 7
95 935 29 8
95 949 31 7
95 1007 44 4
95 1030 32 10
95 1056 32 6
95 1080 14 6
95 1120 37 8
95 1172 16 10
95 1174 26 8
96 100 30 2
96 101 44 7
96 102 39 7
96 103 8 4
96 104 36 7
96 121 23 1
96 130 42 2
96 138 42 3
96 155 26 3
96 162 18 7
96 176 23 7
96 179 36 4
96 229 1 6
96 283 50 10
96 300 50 10
96 356 33 2
96 510 11 10
96 535 39 5
96 560 44 5
96 565 37 10
96 593 39 7
96 661 22 2
96 663 25 10
96 699 26 8
96 765 44 6
96 780 50 6
96 790 50 8
96 801 12 10
96 816 30 2
96 838 16 6
96 856 23 5
96 876 35 7
96 925 36 3
96 926 20 6
96 936 21 9
96 950 37 8
96 979 4 6
96 980 50 3
96 1005 10 4
96 1025 27 8
96 1055 36 7
96 1081 20 3
96 1098 2 10
96 1099 40 3
96 1122 28 5
105 106 42 2
105 107 3 1
105 108 4 2
105 109 6 9
105 110 3 9
105 111 49 10
105 112 5 4
105 130 47 9
105 155 8 1
105 180 32 1
105 220 2 9
105 225 39 10
105 281 16 5
105 300 11 7
105 306 14 9
105 394 19 8
105 435 35 4
105 511 38 4
105 560 10 7
105 576 36 7
105 593 13 1
105 595 37 5
105 685 3 10
105 743 4 5
105 775 45 8
105 780 4 4
105 790 19 1
105 802 48 8
105 855 10 1
105 856 20 5
105 875 35 8
105 888 41 9
105 925 23 6
105 935 36 2
105 950 16 6
105 1026 30 2
105 1029 48 3
105 1059 43 6
105 1080 40 1
106 107 32 3
106 113 33 6
106 114 3 3
106 115 33 7
106 130 15 9
106 138 7 9
106 155 9 1
106 176 2 2
106 211 49 3
106 225 24 10
106 253 16 4
106 300 30 6
106 308 28 6
106 334 38 4
106 359 44 1
106 436 5 8
106 480 41 5
106 520 20 6
106 521 37 5
106 560 48 6
106 565 17 3
106 627 41 1
106 655 9 9
106 661 44 9
106 664 30 10
106 695 37 2
106 742 44 6
106 765 18 8
106 790 4 10
106 815 46 2
106 818 7 8
106 835 16 6
106 888 6 5
106 936 7 9
106 979 3 7
106 1095 49 7
106 1122 47 1
106 1128 3 7
107 116 30 10
107 117 30 4
107 118 13 3
107 119 10 3
107 121 12 8
107 135 34 10
107 161 16 6
107 162 46 9
107 210 10 10
107 220 6 8
107 250 23 9
107 281 4 4
107 330 30 5
107 359 41 7
107 454 48 2
107 455 25 7
107 480 6 10
107 488 25 4
107 489 1 4
107 535 22 5
107 565 36 3
107 575 24 3
107 627 7 2
107 655 1 10
107 695 37 10
107 765 9 8
107 781 41 1
107 802 4 3
107 837 38 4
107 875 31 7
107 926 3 3
107 948 5 9
107 978 13 4
107 1005 43 7
107 1008 38 9
107 1058 50 10
107 1082 2 2
107 1097 48 4
107 1172 22 9
107 1173 47 10
120 121 37 10
120 122 35 10
120 123 40 5
120 124 10 3
120 125 50 4
120 126 36 2
120 127 13 4
120 128 21 1
120 130 49 8
120 155 41 1
120 161 14 3
120 162 21 6
120 180 28 10
120 229 22 6
120 250 46 9
120 252 12 10
120 283 24 2
120 306 2 8
120 331 38 2
120 333 46 4
120 437 20 2
120 455 23 8
120 480 38 10
120 487 21 4
120 520 12 6
120 539 47 2
120 560 21 2
120 565 7 2
120 590 9 5
120 628 2 10
120 655 26 6
120 660 10 7
120 685 35 8
120 696 29 6
120 775 4 6
120 790 30 3
120 801 30 9
120 802 50 9
120 815 48 3
120 887 44 1
120 926 15 2
120 945 15 10
120 949 16 6
120 978 41 9
120 1007 35 7
120 1028 36 5
120 1057 7 9
120 1080 13 9
120 1097 36 1
120 1126 22 9
120 1174 34 8
121 129 33 7
121 130 41 10
121 136 50 5
121 137 24 2
121 155 24 10
121 178 39 3
121 211 19 9
121 220 33 1
121 228 15 5
121 280 24 1
121 300 20 9
121 309 41 5
121 356 37 5
121 391 19 6
121 397 32 4
121 435 38 10
121 452 18 9
121 489 28 4
121 510 44 4
121 511 10 1
121 560 33 4
121 566 23 1
121 575 48 3
121 576 25 8
121 596 12 8
121 626 9 1
121 655 14 5
121 663 8 5
121 685 50 5
121 693 45 10
121 740 3 2
121 741 19 2
121 765 24 2
121 775 9 3
121 780 18 8
121 781 32 8
121 791 4 7
121 815 44 9
121 838 15 6
121 857 28 2
121 875 18 8
121 890 39 2
121 926 11 7
121 936 27 4
121 1006 9 8
121 1030 17 4
121 1058 49 2
121 1082 41 2
121 1095 47 9
121 1126 25 10
121 1171 32 2
130 131 49 1
130 132 48 1
130 133 5 1
130 134 49 8
130 135 3 2
130 136 31 6
130 155 42 3
130 160 19 2
130 161 23 1
130 175 28 6
130 177 48 10
130 210 19 2
130 211 16 4
130 220 9 1
130 227 44 7
130 229 25 5
130 250 12 2
130 253 50 4
130 281 46 1
130 282 35 4
130 300 46 3
130 305 11 4
130 308 14 7
130 331 37 1
130 332 28 6
130 355 2 4
130 356 23 9
130 393 41 3
130 397 31 5
130 435 10 6
130 437 41 8
130 450 4 2
130 451 25 1
130 480 36 9
130 485 37 3
130 489 5 8
130 510 39 4
130 522 4 10
130 535 5 10
130 538 50 6
130 560 3 3
130 565 16 3
130 566 36 1
130 575 7 8
130 590 40 2
130 625 17 2
130 626 21 8
130 655 40 3
130 660 14 6
130 685 33 10
130 695 8 6
130 699 46 1
130 741 15 8
130 744 18 10
130 765 48 8
130 766 4 9
130 775 47 6
130 780 13 3
130 781 44 8
130 791 46 9
130 802 39 7
130 815 17 6
130 817 48 7
130 835 13 6
130 836 8 2
130 858 48 2
130 875 47 10
130 876 26 5
130 888 9 7
130 891 45 6
130 925 37 3
130 935 27 10
130 936 15 3
130 946 41 4
130 950 44 3
130 977 20 2
130 979 29 4
130 1006 29 1
130 1008 19 2
130 1026 36 2
130 1030 21 10
130 1056 35 6
130 1057 50 5
130 1080 48 10
130 1082 6 2
130 1096 49 3
130 1098 19 7
130 1121 19 6
130 1122 36 8
130 1171 29 8
130 1172 42 1
135 136 4 8
135 137 48 2
135 138 40 3
135 139 8 9
135 140 31 3
135 141 29 1
135 142 44 10
135 143 48 3
135 144 33 3
135 254 46 5
135 391 26 6
135 437 18 10
135 480 3 7
135 489 4 10
135 510 40 8
135 521 44 7
135 576 31 10
135 627 50 1
135 655 49 6
135 660 50 6
135 692 12 9
135 765 1 7
135 775 14 6
135 801 20 3
135 817 7 3
135 876 22 5
135 936 7 5
135 947 50 2
135 949 7 2
135 1007 12 2
135 1025 35 3
135 1027 27 6
135 1124 38 10
135 1175 38 9
136 137 24 4
136 138 33 7
136 145 6 9
136 146 7 1
136 147 13 7
136 148 30 7
136 149 33 4
136 155 24 6
136 220 28 7
136 229 14 3
136 280 38 10
136 308 38 1
136 332 48 8
136 334 30 9
136 360 45 10
136 392 33 1
136 437 38 1
136 450 34 8
136 453 7 6
136 510 2 4
136 539 14 4
136 590 26 10
136 663 46 5
136 685 18 5
136 741 49 2
136 790 43 5
136 800 1 7
136 836 22 8
136 837 12 5
136 875 18 1
136 925 10 2
136 1008 7 10
136 1055 30 10
137 138 39 2
137 150 38 1
137 151 1 10
137 152 17 8
137 153 34 6
137 155 41 2
137 210 43 4
137 211 28 3
137 220 34 5
137 251 3 8
137 283 28 5
137 300 13 4
137 307 18 4
137 358 13 5
137 489 25 6
137 560 4 8
137 577 40 3
137 595 8 5
137 628 2 5
137 655 32 10
137 698 19 9
137 740 13 6
137 781 25 4
137 790 47 7
137 857 30 2
137 891 24 2
137 925 47 9
137 976 16 5
137 1058 50 8
137 1082 8 6
137 1172 37 5
138 154 8 10
138 161 18 6
138 162 11 6
138 176 33 3
138 225 3 3
138 300 43 8
138 480 41 8
138 521 16 5
138 539 13 5
138 560 38 5
138 565 47 10
138 685 6 9
138 775 39 2
138 781 12 5
138 815 10 6
138 856 2 1
138 885 47 2
138 936 23 8
138 979 24 9
138 1081 15 6
138 1096 49 3
138 1099 20 5
138 1129 17 8
155 156 23 9
155 157 20 6
155 158 43 6
155 159 22 1
155 160 18 4
155 161 40 3
155 177 49 5
155 178 13 3
155 210 17 9
155 211 37 1
155 220 12 3
155 227 38 6
155 229 26 6
155 253 42 4
155 254 5 6
155 281 49 4
155 283 31 1
155 300 31 5
155 308 22 4
155 309 45 9
155 332 24 1
155 358 23 7
155 359 28 7
155 398 20 2
155 436 9 7
155 437 16 6
155 453 29 1
155 454 2 6
155 480 16 5
155 487 14 4
155 489 27 7
155 511 13 8
155 520 19 7
155 521 49 8
155 536 2 7
155 537 12 6
155 560 44 1
155 565 18 4
155 575 23 2
155 577 12 1
155 591 48 4
155 592 17 6
155 627 49 10
155 655 37 5
155 660 20 2
155 664 4 8
155 685 13 7
155 691 44 9
155 696 29 10
155 740 18 8
155 742 16 7
155 766 1 6
155 775 28 7
155 780 49 9
155 781 19 10
155 791 25 5
155 800 19 1
155 802 31 4
155 817 18 7
155 836 7 10
155 838 41 6
155 857 11 7
155 858 18 7
155 875 23 9
155 876 14 1
155 889 33 3
155 892 50 3
155 926 18 8
155 935 30 7
155 949 48 3
155 977 3 10
155 1005 3 9
155 1007 12 6
155 1026 41 1
155 1030 50 9
155 1058 15 10
155 1059 14 7
155 1081 14 3
155 1082 34 8
155 1095 50 10
155 1097 35 10
155 1124 17 7
155 1128 33 6
155 1170 4 8
160 161 49 9
160 162 43 7
160 163 36 1
160 181 20 2
160 220 50 3
160 253 39 1
160 255 25 8
160 300 43 3
160 308 11 2
160 334 26 10
160 396 14 6
160 455 13 3
160 480 9 5
160 488 18 3
160 511 10 10
160 520 33 4
160 560 4 1
160 655 39 7
160 662 40 8
160 775 39 2
160 780 41 3
160 790 42 3
160 855 2 4
160 886 25 2
160 946 32 8
160 979 38 10
160 1005 7 2
160 1026 28 9
160 1059 31 1
160 1098 13 9
160 1099 11 1
160 1124 8 2
160 1173 8 1
161 162 25 8
161 164 27 9
161 165 7 3
161 166 43 4
161 167 9 2
161 168 42 3
161 169 6 5
161 170 40 2
161 211 31 3
161 228 38 6
161 282 13 7
161 436 19 10
161 520 50 3
161 537 43 6
161 566 33 5
161 630 30 4
161 662 43 5
161 685 2 9
161 699 25 8
161 744 35 7
161 766 29 9
161 780 43 2
161 790 26 6
161 815 45 10
161 875 7 2
161 891 46 4
161 1027 43 2
161 1082 25 2
161 1172 38 3
162 171 19 3
162 172 39 4
162 173 45 10
162 174 44 4
162 176 50 9
162 211 40 5
162 229 39 5
162 280 3 2
162 306 37 1
162 333 21 5
162 359 42 10
162 360 24 8
162 397 7 10
162 437 45 8
162 452 24 5
162 480 6 5
162 486 40 2
162 535 37 5
162 560 23 2
162 575 28 7
162 576 48 2
162 594 33 7
162 595 16 3
162 629 2 4
162 697 34 5
162 744 38 7
162 800 6 1
162 801 3 10
162 816 7 5
162 837 21 6
162 838 29 8
162 858 11 7
162 876 4 4
162 926 24 3
162 935 32 2
162 946 16 2
162 977 9 9
162 1007 23 10
162 1057 26 2
162 1124 18 10
175 176 35 7
175 177 29 9
175 178 30 10
175 179 18 4
175 180 9 9
175 181 50 9
175 182 23 4
175 183 7 10
175 184 28 7
175 210 32 2
175 330 41 7
175 522 46 9
175 560 47 1
175 594 32 1
175 775 34 5
175 885 5 10
175 936 12 2
175 1120 19 10
176 177 13 3
176 178 14 1
176 179 46 6
176 180 22 1
176 181 45 8
176 185 50 10
176 186 19 7
176 187 13 1
176 188 2 5
176 189 28 10
176 228 11 10
176 282 43 9
176 437 37 1
176 453 34 4
176 627 17 7
176 630 47 4
176 655 38 6
176 685 33 4
176 695 24 7
176 765 9 5
176 781 7 5
176 790 48 4
176 817 31 6
176 885 8 10
176 1029 8 3
177 178 50 2
177 179 8 2
177 180 34 3
177 181 48 3
177 190 40 10
177 191 17 6
177 192 49 3
177 193 31 3
177 194 20 2
177 220 30 2
177 300 14 7
177 305 14 3
177 358 50 7
177 391 39 8
177 436 30 4
177 486 49 8
177 510 25 8
177 536 45 7
177 662 46 9
177 1007 39 5
177 1082 18 8
177 1099 19 6
177 1175 22 1
178 179 11 5
178 180 30 10
178 181 48 2
178 195 28 4
178 220 22 3
178 282 3 8
178 486 41 3
178 511 48 2
178 596 38 1
178 743 29 10
178 766 10 2
178 791 6 4
178 801 17 5
178 836 41 4
178 947 33 4
179 180 11 4
179 181 4 6
179 196 21 4
179 211 17 2
179 228 43 2
179 333 41 3
179 361 36 6
179 480 47 10
179 520 6 1
179 565 25 8
179 655 21 2
179 743 49 8
179 775 24 9
179 818 3 5
179 858 45 7
179 875 3 1
179 925 13 8
179 948 40 2
179 1098 38 3
180 181 32 6
180 197 32 6
180 198 27 6
180 199 17 9
180 200 43 10
180 201 5 3
180 202 23 10
180 203 37 6
180 204 13 6
180 205 18 10
180 255 17 2
180 398 47 4
180 480 23 9
180 537 20 4
180 560 35 1
180 576 32 2
180 577 13 3
180 660 15 4
180 696 18 10
180 780 36 9
180 802 29 7
180 835 10 5
180 856 11 5
180 876 20 9
180 977 37 6
180 1005 24 5
180 1028 7 6
180 1057 8 3
180 1080 26 4
180 1124 1 8
180 1174 45 5
181 206 47 2
181 207 2 2
181 208 24 3
181 209 21 4
181 250 5 10
181 300 44 3
181 308 9 9
181 452 42 2
181 566 4 6
181 926 23 3
181 936 27 7
181 975 37 8
181 1058 4 4
210 211 34 2
210 212 12 2
210 213 42 10
210 214 42 3
210 215 43 3
210 220 48 5
210 253 1 3
210 280 8 7
210 300 27 1
210 309 27 3
210 356 17 1
210 436 19 3
210 453 42 7
210 480 2 5
210 487 44 8
210 510 12 6
210 520 19 6
210 560 8 5
210 565 36 3
210 566 41 8
210 576 38 10
210 590 40 2
210 626 36 1
210 627 14 10
210 655 9 5
210 663 36 8
210 685 30 2
210 694 50 6
210 740 20 9
210 741 6 4
210 765 42 2
210 775 20 8
210 781 40 8
210 790 43 4
210 800 8 4
210 815 49 10
210 818 28 8
210 835 23 1
210 857 4 8
210 875 11 3
210 926 41 3
210 945 23 4
210 975 21 5
210 976 14 4
210 1059 8 8
210 1080 31 9
210 1121 4 1
210 1175 23 3
211 216 22 2
211 217 8 1
211 218 39 9
211 219 9 7
211 225 37 6
211 229 9 2
211 250 26 9
211 282 50 6
211 300 2 9
211 308 49 7
211 330 23 1
211 355 38 4
211 392 50 9
211 398 32 5
211 435 9 10
211 453 20 6
211 480 20 10
211 486 25 8
211 511 29 2
211 521 23 2
211 537 21 5
211 538 18 6
211 560 35 2
211 595 50 9
211 655 13 6
211 662 36 9
211 685 20 9
211 694 44 1
211 775 28 6
211 781 8 10
211 790 21 9
211 800 24 4
211 836 2 5
211 857 5 3
211 875 41 3
211 890 3 7
211 892 43 2
211 925 30 1
211 935 28 6
211 936 37 1
211 946 2 6
211 1006 36 10
211 1007 41 6
211 1026 35 4
211 1030 9 9
211 1055 9 1
211 1082 4 9
211 1098 50 6
211 1127 12 4
211 1173 12 1
220 221 41 9
220 222 48 5
220 223 39 7
220 224 48 6
220 225 17 8
220 226 31 8
220 251 18 8
220 255 45 2
220 280 4 7
220 283 29 1
220 300 11 3
220 305 41 1
220 308 39 4
220 330 29 3
220 333 16 9
220 355 32 7
220 359 2 3
220 395 13 9
220 398 13 6
220 436 32 3
220 450 29 5
220 455 42 5
220 480 30 8
220 485 49 9
220 489 27 1
220 510 2 4
220 521 22 2
220 536 20 3
220 538 24 5
220 560 28 2
220 566 22 5
220 576 12 8
220 577 44 10
220 591 42 2
220 592 8 4
220 627 35 7
220 629 3 3
220 655 24 3
220 662 9 6
220 663 17 8
220 685 15 7
220 693 48 6
220 694 22 6
220 740 5 3
220 743 38 6
220 765 9 6
220 766 6 5
220 775 40 7
220 780 36 7
220 781 42 4
220 790 43 7
220 791 18 6
220 801 36 3
220 802 48 9
220 817 33 7
220 818 27 5
220 835 13 1
220 855 15 4
220 857 41 1
220 875 16 10
220 885 26 9
220 890 42 2
220 925 4 6
220 926 2 4
220 935 35 4
220 936 37 6
220 946 46 3
220 950 18 6
220 977 42 9
220 978 50 2
220 1008 11 6
220 1027 1 10
220 1028 50 5
220 1056 12 7
220 1057 27 8
220 1080 50 6
220 1097 38 7
220 1098 37 9
220 1122 6 8
220 1124 10 2
220 1173 19 3
225 226 6 8
225 227 44 5
225 228 37 7
225 229 41 3
225 230 38 2
225 231 50 4
225 232 40 6
225 233 4 5
225 234 33 9
225 235 27 10
225 280 33 7
225 282 15 10
225 361 21 5
225 435 10 9
225 480 49 10
225 520 17 8
225 536 17 2
225 566 49 1
225 575 8 3
225 577 23 10
225 661 42 2
225 775 37 7
225 780 27 6
225 790 33 4
225 857 20 3
225 876 36 10
225 925 46 4
225 947 45 9
225 1026 43 10
225 1127 3 9
225 1174 15 8
226 227 10 7
226 228 11 4
226 229 13 7
226 236 33 4
226 237 18 2
226 238 7 4
226 306 42 2
226 356 46 3
226 486 46 5
226 625 20 4
226 626 30 7
226 655 28 3
226 740 9 10
226 742 50 7
226 766 50 5
226 802 41 10
226 817 9 6
226 837 26 5
226 858 7 10
226 936 12 2
226 975 35 10
226 1007 42 9
226 1008 49 6
226 1081 30 4
226 1082 44 10
226 1095 7 8
226 1099 17 3
227 228 13 6
227 229 48 10
227 239 42 7
227 240 43 3
227 241 8 9
227 242 29 5
227 243 35 8
227 244 4 6
227 255 37 4
227 334 27 4
227 394 24 7
227 453 10 1
227 454 3 8
227 511 36 9
227 596 27 2
227 661 11 4
227 685 41 6
227 699 46 1
227 800 20 2
227 925 48 8
227 936 38 8
227 946 32 7
227 1057 6 6
228 229 22 4
228 245 1 10
228 305 1 10
228 332 46 4
228 437 34 5
228 536 35 10
228 560 7 7
228 566 37 2
228 655 21 5
228 690 24 7
228 765 32 8
228 775 2 8
228 791 27 2
228 816 26 6
228 886 23 4
228 887 35 2
228 977 39 2
228 1121 16 1
228 1170 16 7
229 246 46 2
229 247 30 9
229 248 39 9
229 249 8 9
229 250 29 6
229 300 27 5
229 395 4 6
229 488 27 5
229 522 28 8
229 595 44 3
229 685 29 2
229 780 15 10
229 837 15 2
229 1026 9 10
229 1055 9 8
250 251 42 9
250 252 18 10
250 253 17 5
250 254 43 3
250 255 31 5
250 256 3 6
250 257 10 3
250 300 22 8
250 309 19 4
250 480 20 4
250 565 43 8
250 662 3 8
250 663 44 5
250 855 44 9
250 857 29 8
250 1080 16 4
250 1173 12 3
251 252 35 3
251 253 37 10
251 254 6 7
251 255 12 5
251 258 9 8
251 259 32 7
251 260 27 9
251 261 46 10
251 262 13 8
251 263 7 5
251 264 5 7
251 360 23 1
251 436 12 8
251 485 8 2
251 521 29 7
251 538 17 10
251 590 38 4
251 596 18 7
251 655 5 3
251 685 34 1
251 790 40 3
251 876 26 10
251 891 49 7
251 950 41 8
251 1121 20 1
251 1170 29 3
252 253 16 10
252 254 10 9
252 255 46 5
252 265 1 9
252 266 16 1
252 306 2 8
252 451 15 9
252 480 26 8
252 511 40 4
252 538 39 8
252 697 24 3
252 765 41 4
252 781 20 8
252 816 25 7
252 875 7 1
252 886 3 8
252 926 47 4
252 936 6 5
252 1058 46 3
253 254 48 9
253 255 38 6
253 267 24 5
253 268 50 5
253 280 30 10
253 397 25 4
253 520 44 10
253 560 18 10
253 576 49 7
253 685 21 10
253 743 5 10
253 791 35 4
253 836 28 1
253 926 30 5
253 935 39 9
253 975 50 9
253 1005 40 5
253 1025 36 2
253 1029 12 2
253 1080 26 4
253 1098 40 10
253 1124 31 6
254 255 41 8
254 269 36 9
254 270 14 8
254 271 35 10
254 272 8 9
254 273 13 10
254 274 42 5
254 280 3 7
254 300 36 10
254 334 41 2
254 360 35 6
254 394 4 4
254 511 28 10
254 565 8 2
254 626 6 3
254 698 8 8
254 775 24 10
254 781 16 5
254 980 9 4
254 1007 33 5
254 1056 45 9
255 275 27 6
255 276 32 9
255 277 33 2
255 278 18 1
255 279 32 6
255 330 33 2
255 436 23 10
255 452 4 4
255 489 7 7
255 629 10 8
255 655 22 10
255 743 16 7
255 765 4 5
255 775 13 6
255 801 42 4
255 815 49 9
255 950 19 7
255 1095 25 3
280 281 48 7
280 282 24 4
280 283 5 10
280 284 48 10
280 285 3 2
280 286 33 10
280 308 49 8
280 333 8 8
280 480 30 1
280 510 42 2
280 566 25 10
280 629 50 2
280 655 30 1
280 685 15 7
280 744 7 10
280 765 29 10
280 791 46 4
280 836 43 8
280 858 7 1
280 926 7 4
280 936 50 10
280 975 19 5
280 1080 24 4
280 1129 27 9
280 1174 18 5
281 282 25 9
281 283 23 3
281 287 46 4
281 288 21 7
281 289 43 4
281 290 41 4
281 291 8 9
281 292 12 6
281 293 7 4
281 300 9 1
281 357 33 5
281 358 17 6
281 435 14 6
281 437 6 4
281 450 43 4
281 489 17 7
281 520 3 3
281 538 41 6
281 560 9 4
281 575 25 5
281 593 43 3
281 660 20 5
281 661 47 7
281 692 11 8
281 775 39 3
281 781 31 10
281 816 6 7
281 835 5 8
281 855 13 6
281 935 47 6
281 948 23 9
281 1057 20 6
281 1097 7 2
281 1098 4 2
282 283 22 3
282 294 17 7
282 295 39 1
282 296 10 7
282 297 19 10
282 298 40 2
282 390 12 9
282 480 10 3
282 536 42 1
282 590 10 5
282 685 13 7
282 695 11 1
282 775 33 5
282 790 28 1
282 802 22 2
282 815 29 1
282 887 7 3
282 891 38 9
282 950 32 4
282 1006 31 5
282 1030 36 9
282 1055 2 1
283 299 30 5
283 300 13 3
283 307 13 2
283 330 27 1
283 450 18 8
283 486 23 2
283 521 23 6
283 560 2 8
283 566 36 1
283 575 38 1
283 627 22 1
283 741 46 6
283 766 29 1
283 780 34 10
283 802 44 6
283 875 38 3
283 977 7 3
283 1008 33 1
283 1029 27 9
283 1081 32 10
283 1120 10 5
283 1173 28 10
300 301 11 6
300 302 13 10
300 303 4 9
300 304 28 10
300 308 7 9
300 309 35 8
300 331 34 3
300 332 30 2
300 358 8 10
300 360 35 1
300 393 10 5
300 395 44 1
300 436 31 10
300 437 14 2
300 453 15 1
300 455 4 6
300 480 39 8
300 485 7 6
300 487 9 2
300 510 14 8
300 522 2 5
300 535 15 10
300 538 8 7
300 560 13 8
300 565 43 5
300 576 37 10
300 591 14 6
300 596 41 2
300 627 14 6
300 630 30 8
300 655 36 6
300 660 45 5
300 662 43 4
300 685 34 10
300 690 2 9
300 698 22 3
300 743 4 6
300 744 7 2
300 765 26 8
300 766 19 9
300 775 25 6
300 780 37 2
300 781 50 10
300 791 41 7
300 800 29 8
300 801 33 8
300 815 46 9
300 835 40 7
300 836 36 7
300 855 10 10
300 857 45 9
300 875 5 5
300 876 2 1
300 887 49 7
300 892 6 10
300 926 44 1
300 935 47 6
300 936 43 6
300 948 22 6
300 949 43 4
300 976 3 3
300 977 4 1
300 1007 46 6
300 1008 21 9
300 1028 34 4
300 1029 30 6
300 1056 38 2
300 1058 8 1
300 1080 44 3
300 1082 50 4
300 1096 11 10
300 1098 7 9
300 1124 25 6
300 1129 8 6
300 1171 42 5
305 306 27 8
305 307 1 5
305 308 5 7
305 309 13 7
305 310 12 6
305 311 26 8
305 312 33 10
305 313 48 2
305 485 12 9
305 510 23 2
305 536 3 2
305 538 43 8
305 577 16 5
305 699 19 1
305 766 14 6
305 775 21 2
305 817 18 7
305 891 42 6
305 925 49 5
305 1025 7 9
305 1120 41 4
305 1122 37 3
306 307 20 3
306 308 22 6
306 309 47 3
306 314 7 4
306 315 6 2
306 316 1 7
306 317 46 1
306 318 24 10
306 355 28 4
306 398 50 4
306 437 41 10
306 510 2 10
306 565 34 9
306 566 8 2
306 629 24 1
306 660 29 7
306 663 32 8
306 741 13 10
306 765 41 1
306 791 47 7
306 801 7 7
306 816 26 1
306 887 23 2
306 936 24 7
306 1030 43 8
306 1080 25 1
306 1082 8 10
306 1174 33 9
307 308 50 10
307 309 26 10
307 319 14 7
307 320 36 10
307 455 7 8
307 485 23 7
307 521 25 2
307 560 30 8
307 685 23 10
307 741 22 8
307 775 42 3
307 837 12 2
307 856 39 6
307 875 3 9
307 948 8 1
307 950 25 10
307 1007 15 5
307 1008 40 3
307 1099 6 10
308 309 5 5
308 321 50 8
308 322 9 3
308 323 17 1
308 324 11 10
308 325 8 1
308 326 9 6
308 333 27 5
308 334 22 5
308 394 27 10
308 437 12 1
308 480 45 7
308 520 49 5
308 560 50 2
308 576 30 7
308 596 24 6
308 697 49 9
308 780 2 4
308 791 32 8
308 801 17 8
308 856 43 5
308 876 44 5
308 925 43 9
308 1056 47 3
308 1098 44 5
309 327 39 3
309 328 46 7
309 329 26 10
309 358 31 7
309 455 18 9
309 480 48 8
309 593 46 2
309 628 44 4
309 655 37 9
309 685 34 1
309 780 6 5
309 837 50 9
309 935 40 1
309 980 18 10
309 1059 35 7
309 1171 19 6
330 331 30 5
330 332 46 7
330 333 25 9
330 334 13 5
330 335 19 10
330 336 3 8
330 337 20 9
330 338 9 3
330 339 50 9
330 340 11 4
330 341 46 2
330 342 6 3
330 437 28 7
330 451 45 7
330 510 12 9
330 520 45 4
330 521 12 8
330 566 11 4
330 655 21 6
330 663 8 4
330 765 25 7
330 781 30 6
330 790 8 4
330 856 9 8
330 935 12 9
330 936 30 7
330 1056 36 4
330 1123 28 7
330 1174 20 5
331 332 13 1
331 333 41 1
331 334 21 1
331 343 13 10
331 344 12 3
331 345 23 4
331 346 21 4
331 347 42 6
331 480 43 6
331 486 44 6
331 566 3 5
331 575 15 3
331 577 37 9
331 595 14 3
331 596 9 10
331 627 49 10
331 685 44 5
331 775 9 8
331 790 49 7
331 802 5 6
331 837 28 9
331 876 21 7
331 977 24 6
332 333 40 2
332 334 17 10
332 348 33 5
332 349 18 8
332 356 30 1
332 393 9 8
332 488 48 6
332 536 30 9
332 560 15 4
332 628 32 3
332 816 45 5
332 818 17 9
332 876 34 3
332 885 35 8
332 891 12 6
332 926 24 8
332 976 17 10
332 1055 18 4
332 1095 13 6
332 1120 18 2
332 1173 26 8
333 334 42 3
333 350 49 5
333 351 14 2
333 352 13 9
333 353 17 3
333 357 28 9
333 437 28 2
333 560 11 9
333 696 7 1
333 698 35 2
333 766 16 7
333 838 17 9
333 855 30 10
333 1008 40 7
333 1080 40 10
333 1081 47 1
333 1095 23 1
334 354 2 5
334 396 10 8
334 450 50 10
334 511 15 7
334 537 2 2
334 655 25 5
334 662 4 1
334 685 6 1
334 742 48 1
334 743 14 2
334 801 36 2
334 925 47 9
334 946 3 7
334 950 9 7
334 1005 32 3
334 1025 43 8
355 356 35 1
355 357 36 1
355 358 3 5
355 359 22 9
355 360 3 10
355 361 27 8
355 362 3 9
355 363 43 9
355 364 48 9
355 365 50 1
355 452 23 7
355 510 21 9
355 521 3 3
355 566 44 6
355 575 30 5
355 592 37 1
355 626 1 4
355 664 39 8
355 740 40 6
355 775 25 7
355 817 47 7
355 875 33 10
355 885 22 3
355 925 16 4
355 935 33 2
355 1008 17 8
355 1080 43 6
355 1129 1 3
356 357 20 10
356 358 8 2
356 359 30 2
356 360 37 4
356 361 34 9
356 366 27 7
356 539 43 1
356 630 12 6
356 685 5 7
356 781 50 1
356 818 44 10
356 855 15 10
356 1006 36 8
356 1055 45 2
356 1082 21 9
357 358 45 10
357 359 9 3
357 360 17 7
357 361 43 7
357 367 41 3
357 368 37 1
357 369 4 8
357 370 23 1
357 371 36 5
357 765 28 10
357 835 43 2
357 836 10 1
357 876 16 10
357 1097 16 9
357 1171 35 7
358 359 45 8
358 360 50 8
358 361 13 4
358 372 47 5
358 373 2 2
358 374 5 4
358 394 50 4
358 435 31 2
358 480 46 10
358 655 8 10
358 697 50 3
358 802 41 3
358 976 3 2
358 1056 27 6
359 360 39 9
359 361 28 5
359 375 44 4
359 437 14 4
359 485 31 2
359 488 35 3
359 560 48 9
359 566 33 6
359 695 16 7
359 775 9 5
359 781 33 3
359 889 14 4
359 950 41 1
359 1025 47 4
359 1127 39 6
359 1173 34 4
360 361 28 9
360 376 14 9
360 377 21 2
360 378 32 5
360 379 21 5
360 380 11 4
360 381 41 4
360 382 45 3
360 383 30 4
360 384 16 5
360 397 3 9
360 450 39 8
360 520 17 7
360 560 38 4
360 577 17 8
360 660 33 5
360 685 41 4
360 791 15 1
360 935 47 6
360 945 30 5
360 1028 37 2
361 385 6 9
361 386 27 7
361 387 8 3
361 388 14 8
361 389 50 1
361 511 40 2
361 539 19 10
361 592 31 5
361 655 49 6
361 743 40 4
361 765 8 4
361 790 47 7
361 802 17 9
361 926 8 8
361 977 11 2
361 1096 20 3
390 391 18 6
390 392 40 3
390 393 27 7
390 394 19 5
390 395 13 8
390 396 36 4
390 397 10 9
390 398 41 6
390 399 33 7
390 400 31 8
390 401 40 1
390 402 45 10
390 403 42 5
390 404 9 9
390 436 45 4
390 480 23 5
390 522 9 5
390 560 24 10
390 655 45 4
390 780 4 1
390 818 18 8
390 935 3 7
390 1005 24 8
390 1082 23 1
391 392 6 8
391 393 30 9
391 394 46 3
391 395 1 8
391 396 6 9
391 397 15 10
391 398 9 6
391 405 13 9
391 406 6 1
391 407 30 6
391 408 21 3
391 409 29 3
391 511 47 10
391 685 33 6
391 775 6 6
391 801 18 5
391 816 37 10
391 875 35 1
391 1025 45 6
392 393 42 3
392 394 25 9
392 395 45 1
392 396 37 5
392 397 5 1
392 398 27 1
392 410 3 2
392 411 17 7
392 412 41 3
392 413 49 9
392 414 30 1
392 415 23 4
392 416 45 7
392 511 37 10
392 791 39 3
392 801 13 2
392 936 23 10
392 1081 5 1
393 394 44 2
393 395 3 4
393 396 5 8
393 397 17 9
393 398 49 9
393 417 17 7
393 418 33 8
393 419 40 5
393 420 47 7
393 450 44 5
393 451 17 8
393 521 2 9
393 566 14 5
393 590 47 4
393 591 29 7
393 627 18 1
393 766 49 9
393 791 28 5
393 886 43 7
393 925 40 1
393 1055 10 9
393 1095 24 10
393 1121 12 7
393 1127 48 6
394 395 31 9
394 396 34 10
394 397 5 7
394 398 34 10
394 421 36 8
394 422 38 8
394 537 39 2
394 685 33 3
394 780 33 6
394 1069 34 2
395 396 43 5
395 397 14 7
395 398 49 2
395 423 28 6
395 424 35 8
395 425 38 10
395 426 18 6
395 427 19 8
395 480 4 2
395 661 31 5
395 766 27 1
395 775 12 8
395 925 33 8
395 1005 48 10
396 397 37 1
396 398 15 8
396 428 45 5
396 429 14 5
396 436 50 6
396 575 47 5
396 576 30 6
396 697 12 5
396 855 19 8
396 946 14 7
396 1171 4 3
396 1174 42 1
397 398 9 4
397 430 45 9
397 431 1 10
397 432 5 9
397 536 33 6
397 664 12 2
397 835 32 1
397 837 44 10
397 1029 39 5
397 1099 5 1
398 433 2 7
398 434 5 2
398 485 47 3
398 560 47 8
398 566 39 8
398 629 32 6
398 655 25 7
398 697 29 5
398 742 30 9
398 743 12 1
398 855 10 4
398 876 46 5
398 891 37 6
398 948 36 7
398 975 34 7
398 976 43 8
398 1057 5 1
435 436 13 9
435 437 38 10
435 438 45 7
435 439 25 4
435 450 32 3
435 510 41 5
435 511 17 9
435 536 42 4
435 539 50 10
435 660 9 4
435 741 18 3
435 765 12 2
435 766 47 4
435 790 21 3
435 815 14 6
435 875 21 10
435 876 45 6
435 949 3 7
435 976 40 1
435 1007 8 8
435 1025 37 3
435 1058 26 6
435 1059 46 6
435 1080 18 7
435 1174 44 5
436 437 40 9
436 440 29 3
436 441 26 8
436 442 4 7
436 455 9 7
436 480 5 3
436 488 26 9
436 522 1 2
436 566 13 5
436 591 45 10
436 655 46 2
436 661 29 7
436 685 13 8
436 693 6 1
436 775 23 7
436 780 15 5
436 790 24 2
436 800 25 7
436 817 25 1
436 835 24 8
436 836 46 3
436 856 36 8
436 885 48 6
436 886 6 3
436 935 18 4
436 945 46 3
436 1005 32 3
436 1027 46 9
436 1082 43 3
436 1096 15 9
436 1099 11 10
436 1171 13 4
437 443 12 8
437 444 6 8
437 445 36 7
437 446 31 7
437 447 18 3
437 448 24 1
437 449 49 1
437 480 34 8
437 485 25 10
437 560 36 3
437 565 49 9
437 575 43 2
437 593 1 3
437 626 26 8
437 629 13 2
437 655 25 4
437 685 12 10
437 695 17 4
437 775 19 10
437 780 34 5
437 801 7 7
437 856 3 10
437 925 16 5
437 926 15 10
437 935 31 2
437 978 12 9
437 1128 3 2
437 1129 26 8
450 451 16 10
450 452 11 3
450 453 38 6
450 454 8 2
450 455 36 7
450 456 39 7
450 457 47 8
450 458 20 3
450 511 1 9
450 539 5 10
450 575 10 9
450 628 33 2
450 766 36 3
450 791 48 4
450 816 24 3
450 1029 45 5
450 1123 48 10
451 452 44 1
451 453 12 3
451 454 37 4
451 455 26 1
451 459 6 4
451 460 25 10
451 461 4 9
451 480 28 9
451 511 18 5
451 627 45 8
451 780 42 2
451 781 40 5
451 802 10 9
451 855 23 10
451 926 8 5
451 1082 2 7
452 453 26 8
452 454 36 6
452 455 35 7
452 462 7 3
452 463 14 4
452 464 33 8
452 465 11 10
452 466 8 3
452 487 7 7
452 522 9 3
452 536 32 3
452 593 13 5
452 664 44 8
452 744 20 8
452 791 46 5
452 855 22 3
452 875 10 5
452 935 1 3
452 947 30 9
452 977 45 8
452 1027 35 7
452 1056 30 4
452 1097 9 2
453 454 49 1
453 455 26 2
453 467 20 4
453 468 40 5
453 469 29 5
453 470 5 6
453 471 39 3
453 472 29 6
453 488 23 1
453 521 16 7
453 565 12 3
453 661 11 1
453 691 8 5
453 775 7 10
453 892 30 4
453 1082 30 2
454 455 18 3
454 473 34 5
454 474 37 6
454 475 14 9
454 476 16 7
454 477 14 1
454 478 23 5
454 480 15 10
454 576 19 1
454 685 30 5
454 741 10 1
454 766 49 3
454 802 47 2
454 838 29 2
454 887 44 7
454 925 21 9
454 978 3 4
454 1007 15 9
454 1095 48 8
454 1129 42 9
454 1173 16 10
455 479 3 9
455 560 40 7
455 596 29 2
455 655 8 8
455 685 12 5
455 699 31 5
455 775 16 9
455 817 21 1
455 876 22 10
455 950 27 5
455 1008 17 2
455 1055 40 2
455 1172 7 5
480 481 37 7
480 482 25 4
480 483 5 9
480 484 13 10
480 485 14 4
480 487 29 4
480 510 36 4
480 511 25 5
480 520 4 1
480 522 35 8
480 536 44 3
480 537 14 9
480 560 10 1
480 565 34 1
480 566 34 3
480 576 47 2
480 577 1 1
480 591 4 7
480 593 48 1
480 627 7 6
480 630 42 1
480 655 29 1
480 661 7 10
480 663 18 8
480 685 7 10
480 692 5 6
480 695 40 7
480 742 1 3
480 743 3 5
480 765 1 6
480 775 34 6
480 780 28 8
480 781 12 4
480 790 5 7
480 800 11 4
480 802 42 7
480 815 23 6
480 817 23 7
480 836 30 6
480 838 18 2
480 855 48 4
480 875 44 7
480 876 23 9
480 885 5 10
480 890 31 8
480 925 42 1
480 926 14 3
480 935 22 3
480 936 12 1
480 950 37 9
480 978 13 5
480 1005 37 9
480 1027 11 6
480 1028 13 6
480 1055 20 3
480 1059 22 2
480 1081 5 10
480 1095 14 8
480 1098 13 5
480 1125 45 1
480 1129 49 3
480 1170 5 2
480 1171 2 3
485 486 44 7
485 487 40 4
485 488 2 10
485 489 36 3
485 490 21 6
485 491 37 1
485 492 1 10
485 493 21 9
485 511 10 8
485 591 12 10
485 660 22 9
485 698 6 3
485 781 27 7
485 802 1 9
485 838 10 9
485 876 13 3
485 926 8 5
485 935 37 8
485 948 44 2
485 976 43 3
485 1005 47 8
485 1057 2 5
485 1080 8 4
486 487 47 4
486 488 12 5
486 489 38 9
486 494 27 5
486 495 50 4
486 496 1 10
486 497 30 4
486 566 34 5
486 576 28 5
486 594 39 8
486 697 49 9
486 741 47 1
486 766 47 9
486 780 15 2
486 791 47 9
486 800 9 1
486 856 37 8
486 891 22 9
486 980 15 1
486 1029 19 8
486 1080 19 8
486 1123 46 1
486 1170 36 2
486 1172 31 10
487 488 36 8
487 489 19 3
487 498 38 4
487 499 8 9
487 500 24 9
487 501 24 3
487 536 43 10
487 576 23 9
487 627 39 1
487 655 5 1
487 775 21 3
487 835 21 8
487 947 16 2
487 1056 12 2
487 1096 21 6
487 1099 48 10
488 489 27 10
488 502 24 8
488 503 4 8
488 504 33 4
488 521 47 5
488 536 7 3
488 560 34 7
488 664 28 4
488 685 21 7
488 744 1 2
488 775 3 3
488 791 20 5
488 815 34 5
488 875 27 3
488 936 49 6
488 1005 33 9
488 1029 10 2
488 1128 40 5
489 505 2 6
489 506 37 6
489 507 25 4
489 508 9 3
489 509 25 1
489 510 27 10
489 520 20 2
489 560 30 9
489 625 21 2
489 685 22 5
489 766 14 8
489 818 2 6
489 858 9 1
489 889 38 9
489 926 1 4
510 511 33 5
510 512 40 6
510 513 28 2
510 514 26 8
510 520 47 2
510 522 21 8
510 537 16 3
510 538 15 10
510 577 24 8
510 590 8 1
510 591 15 5
510 625 10 10
510 655 36 2
510 742 19 5
510 744 25 1
510 765 46 1
510 775 30 6
510 781 42 2
510 791 7 7
510 800 33 2
510 801 41 2
510 837 2 6
510 855 24 6
510 936 21 8
510 977 3 3
510 1027 44 4
510 1057 13 10
510 1058 16 3
510 1081 47 7
510 1082 23 8
510 1099 8 10
510 1122 43 3
510 1125 43 1
510 1172 13 2
511 515 8 7
511 516 44 3
511 517 1 10
511 518 48 4
511 519 13 10
511 560 5 1
511 566 36 8
511 577 38 10
511 628 32 8
511 655 38 7
511 663 10 9
511 685 7 10
511 690 12 5
511 695 19 6
511 766 36 4
511 775 8 5
511 817 34 3
511 856 20 2
511 876 30 2
511 885 20 9
511 890 28 7
511 926 5 7
511 935 2 5
511 949 42 6
511 950 5 9
511 1005 32 8
511 1025 35 7
511 1096 46 1
511 1170 40 5
520 521 50 7
520 522 22 1
520 523 1 4
520 524 18 5
520 538 6 5
520 560 47 7
520 565 8 2
520 575 50 6
520 629 28 5
520 662 42 8
520 685 10 4
520 690 26 4
520 744 20 8
520 781 36 9
520 790 18 2
520 791 20 9
520 801 44 4
520 818 29 8
520 836 41 3
520 838 42 1
520 926 33 3
520 936 39 5
520 978 40 9
520 1005 41 1
520 1006 15 6
520 1029 12 8
520 1058 31 3
520 1095 41 9
520 1097 17 10
520 1175 1 8
521 522 39 4
521 525 42 4
521 526 2 6
521 527 47 6
521 528 36 5
521 529 20 2
521 530 48 4
521 566 26 9
521 592 49 9
521 595 22 5
521 685 8 4
521 692 46 6
521 744 46 1
521 766 26 7
521 780 12 3
521 857 43 7
521 858 22 8
521 892 21 7
521 949 4 9
521 1057 35 3
521 1080 46 8
521 1082 44 10
521 1125 47 7
521 1172 2 6
522 531 41 3
522 532 22 4
522 533 14 7
522 534 47 10
522 535 18 6
522 577 47 5
522 630 10 5
522 655 3 1
522 766 35 2
522 775 19 9
522 801 39 9
522 817 16 7
522 876 17 8
522 892 34 1
522 926 48 4
522 936 14 3
522 947 42 5
522 979 26 7
522 1029 35 10
522 1122 43 1
535 536 37 9
535 537 10 10
535 538 34 4
535 539 1 1
535 540 25 9
535 541 30 9
535 542 38 7
535 543 38 10
535 544 34 1
535 545 35 9
535 566 48 2
535 577 4 7
535 741 15 10
535 775 27 9
535 791 3 5
535 800 47 4
535 816 39 6
535 837 32 4
535 1026 24 8
535 1055 38 9
536 537 1 1
536 538 35 9
536 539 34 10
536 546 33 3
536 547 7 9
536 548 36 3
536 655 16 1
536 685 38 4
536 766 9 8
536 875 25 10
536 888 33 10
536 925 40 10
536 976 18 3
536 979 40 6
536 1007 34 1
536 1080 35 6
536 1081 15 8
536 1170 7 7
537 538 41 3
537 539 46 6
537 549 1 5
537 550 7 3
537 551 48 2
537 552 37 9
537 553 4 3
537 554 48 10
537 560 36 7
537 566 43 3
537 655 17 6
537 663 37 8
537 790 48 9
537 815 24 8
537 838 33 10
537 925 39 1
537 935 23 7
537 948 6 8
537 1126 13 6
537 1175 15 2
538 539 45 1
538 555 31 6
538 556 6 8
538 557 24 6
538 625 17 7
538 628 50 1
538 660 15 8
538 775 19 1
538 780 16 9
538 802 32 3
538 858 12 3
538 1006 6 8
538 1025 30 1
538 1097 40 10
539 558 21 10
539 559 37 2
539 560 5 2
539 575 34 10
539 593 35 9
539 596 31 2
539 691 9 10
539 697 3 10
539 740 17 4
539 766 4 7
539 780 25 4
539 858 41 5
539 876 43 9
539 887 13 9
539 935 4 1
539 950 43 4
539 1056 30 1
539 1098 35 2
539 1126 50 2
560 561 19 9
560 562 30 4
560 563 14 1
560 564 23 2
560 565 40 10
560 576 48 3
560 577 27 4
560 591 23 10
560 595 30 3
560 625 47 10
560 629 47 7
560 655 18 5
560 664 48 3
560 685 16 8
560 698 32 8
560 741 13 3
560 743 50 4
560 765 11 10
560 775 31 2
560 780 10 5
560 790 21 3
560 791 35 1
560 801 10 5
560 802 5 9
560 817 38 7
560 818 16 4
560 836 20 3
560 856 4 10
560 857 39 9
560 875 5 10
560 887 41 10
560 889 2 2
560 925 12 10
560 926 20 6
560 935 47 9
560 946 46 6
560 947 45 5
560 978 3 4
560 980 25 6
560 1008 46 5
560 1028 36 2
560 1030 39 3
560 1056 7 1
560 1080 11 9
560 1081 34 3
560 1096 21 4
560 1127 22 8
560 1128 20 10
560 1174 15 1
560 1175 44 3
565 566 7 9
565 567 29 9
565 568 34 5
565 569 37 4
565 575 5 4
565 576 39 3
565 594 38 4
565 630 34 9
565 655 6 8
565 663 37 1
565 664 21 8
565 685 30 6
565 693 42 4
565 741 49 3
565 766 48 2
565 780 27 8
565 781 27 6
565 791 15 7
565 836 2 2
565 875 13 6
565 926 29 5
565 936 45 4
565 945 26 3
565 1025 45 6
565 1029 6 8
565 1055 44 7
565 1081 27 2
565 1099 2 8
565 1123 25 9
565 1127 7 6
565 1170 22 7
566 570 36 1
566 571 34 9
566 572 46 10
566 573 44 6
566 574 9 1
566 630 29 10
566 655 13 1
566 685 2 9
566 692 41 10
566 741 22 3
566 766 40 2
566 775 39 1
566 791 19 7
566 800 29 7
566 801 36 10
566 817 32 5
566 818 33 8
566 838 14 6
566 857 15 10
566 876 29 3
566 887 32 10
566 892 39 2
566 926 6 10
566 935 45 4
566 946 11 8
566 976 36 5
566 980 21 8
566 1005 20 1
566 1006 24 4
566 1056 32 3
566 1081 5 4
566 1095 24 2
566 1173 32 3
573 497 42 8
575 576 36 2
575 577 35 5
575 578 49 10
575 579 47 6
575 580 35 9
575 591 48 1
575 655 24 10
575 692 26 2
575 743 13 6
575 744 35 8
575 765 19 2
575 781 45 3
575 801 41 9
575 835 19 4
575 875 15 8
575 876 13 8
575 926 28 4
575 947 38 10
575 949 25 9
575 975 23 5
575 1005 40 9
575 1028 48 8
575 1029 10 8
575 1082 35 7
575 1095 2 1
575 1120 31 10
575 1122 4 8
575 1175 37 9
576 577 18 8
576 581 13 1
576 582 46 6
576 583 7 9
576 584 34 3
576 585 18 8
576 586 31 10
576 587 40 4
576 628 18 10
576 655 31 8
576 663 20 3
576 685 9 3
576 775 2 5
576 790 11 10
576 815 47 6
576 818 25 9
576 857 35 4
576 858 21 7
576 936 34 5
576 1058 24 3
576 1080 3 3
576 1097 1 2
576 1170 43 6
577 588 6 6
577 589 46 9
577 595 39 10
577 629 16 6
577 663 16 8
577 685 31 10
577 690 40 2
577 766 25 1
577 780 35 8
577 791 19 9
577 802 27 10
577 838 14 10
577 885 8 8
577 892 6 6
577 925 26 6
577 936 13 9
577 977 13 10
577 1008 44 5
577 1056 4 9
590 591 22 5
590 592 39 6
590 593 1 4
590 594 27 10
590 595 8 5
590 596 27 1
590 597 19 7
590 598 47 5
590 599 27 5
590 600 9 2
590 601 8 7
590 602 31 2
590 603 48 3
590 604 50 1
590 630 12 3
590 780 41 3
590 926 39 2
590 1095 50 9
590 1125 17 7
591 592 36 5
591 593 18 3
591 594 15 8
591 595 10 2
591 596 27 3
591 605 36 4
591 606 17 5
591 660 22 4
591 775 28 5
591 1057 23 2
591 1174 2 3
592 593 10 7
592 594 6 5
592 595 29 8
592 596 31 1
592 607 17 6
592 608 37 3
592 609 38 10
592 610 32 10
592 655 14 9
592 685 28 10
592 695 20 4
592 765 19 7
592 815 27 1
592 855 5 9
592 945 24 9
592 948 8 6
592 1028 20 2
592 1058 49 8
592 1127 40 4
593 594 16 10
593 595 36 1
593 596 32 6
593 611 10 10
593 612 25 7
593 613 47 2
593 614 28 3
593 615 37 1
593 616 50 8
593 617 42 9
593 618 24 9
593 655 31 10
593 742 2 4
593 766 30 5
593 802 27 9
593 892 5 1
593 935 18 10
593 1080 25 4
593 1096 39 3
594 595 24 1
594 596 27 9
594 619 8 8
594 662 30 9
594 685 43 5
594 781 8 4
594 790 7 9
594 801 14 9
594 855 28 6
594 936 23 7
594 978 12 10
594 1028 10 9
595 596 31 3
595 620 4 1
595 621 11 10
595 622 28 8
595 875 38 5
595 888 19 10
595 979 21 9
595 1005 18 8
595 1081 8 9
595 1172 30 6
596 623 6 6
596 624 43 10
596 698 20 5
596 744 11 2
596 790 33 6
596 816 23 1
596 835 1 9
596 875 21 8
596 925 42 10
596 1007 18 1
625 626 48 10
625 627 28 9
625 628 41 2
625 629 38 1
625 630 1 10
625 631 32 3
625 632 23 1
625 633 15 1
625 634 35 2
625 661 19 2
625 685 22 2
625 781 9 8
625 790 22 4
625 802 20 1
625 816 49 7
625 858 36 5
625 950 49 8
625 1008 47 9
625 1057 37 6
625 1125 46 5
626 627 25 4
626 628 16 7
626 629 48 2
626 630 47 7
626 635 34 2
626 636 18 4
626 637 34 6
626 694 26 3
626 740 2 2
626 765 3 2
626 875 2 7
626 886 43 9
626 889 24 9
626 926 39 8
626 936 1 4
626 976 16 2
626 1027 41 6
626 1096 15 7
627 628 37 9
627 629 1 10
627 630 18 10
627 638 43 1
627 639 23 2
627 640 16 10
627 641 50 4
627 775 28 4
627 818 36 6
627 948 2 3
627 975 40 8
627 1005 13 2
627 1097 25 4
627 1170 31 2
628 629 41 4
628 630 15 9
628 642 18 8
628 643 23 2
628 663 30 10
628 780 4 3
628 876 37 1
628 925 19 2
628 1026 19 7
629 630 27 9
629 644 29 7
629 645 45 5
629 646 15 7
629 647 23 6
629 648 15 5
629 649 47 5
629 655 28 2
629 685 37 9
629 801 11 8
629 857 18 10
629 936 49 9
629 1080 21 5
629 1125 19 6
630 650 33 1
630 651 18 7
630 652 24 5
630 653 33 7
630 654 17 6
630 655 44 7
630 690 39 3
630 740 19 2
630 775 32 7
630 835 32 6
630 836 17 8
630 1059 19 1
630 1080 28 8
630 1173 45 10
655 656 29 1
655 657 14 8
655 658 5 8
655 659 4 5
655 661 44 5
655 663 47 6
655 685 42 8
655 691 21 9
655 692 34 4
655 742 22 10
655 744 18 4
655 765 28 8
655 766 29 9
655 775 50 6
655 780 32 3
655 781 20 2
655 790 9 8
655 791 5 9
655 801 30 1
655 802 13 6
655 815 38 5
655 817 37 2
655 837 13 10
655 838 4 3
655 856 31 6
655 858 45 3
655 875 33 2
655 889 32 1
655 892 22 3
655 925 42 8
655 935 6 2
655 948 2 6
655 950 43 10
655 977 50 2
655 979 17 1
655 1006 12 6
655 1007 23 3
655 1025 32 2
655 1029 10 6
655 1056 17 10
655 1057 44 10
655 1081 50 1
655 1082 22 10
655 1095 5 3
655 1098 35 8
655 1121 49 1
655 1123 34 9
655 1170 42 10
655 1173 1 7
660 661 33 4
660 662 32 1
660 663 21 6
660 664 38 4
660 665 30 4
660 666 15 9
660 667 44 8
660 668 49 8
660 669 1 5
660 670 37 5
660 690 39 1
660 740 27 9
660 766 29 7
660 780 5 9
660 790 45 4
660 801 30 9
660 816 11 5
660 856 44 7
660 875 36 1
660 876 11 10
660 935 34 8
660 1007 16 2
660 1124 30 7
661 662 34 1
661 663 34 7
661 664 15 4
661 671 4 7
661 672 22 6
661 673 37 4
661 674 31 7
661 675 49 9
661 676 38 8
661 691 35 8
661 781 6 1
661 790 44 7
661 817 6 6
661 949 31 9
661 975 37 5
661 1059 28 5
661 1080 9 8
662 663 42 2
662 664 21 1
662 677 32 10
662 678 33 2
662 679 3 5
662 680 14 3
662 741 42 9
662 775 49 8
662 888 5 1
662 1008 26 1
662 1025 17 3
662 1029 10 7
662 1173 17 9
663 664 37 4
663 681 27 9
663 682 29 8
663 685 25 1
663 775 42 5
663 835 4 10
663 856 33 1
663 925 6 7
663 945 47 9
663 978 32 7
663 1056 25 8
663 1097 29 2
663 1099 4 2
663 1127 40 6
664 683 44 6
664 684 46 7
664 685 35 10
664 801 21 3
664 837 25 1
664 891 22 6
664 926 19 6
664 936 44 5
664 1081 44 5
664 1175 9 1
685 686 9 5
685 687 50 4
685 688 19 1
685 689 46 9
685 690 2 10
685 695 37 7
685 743 29 9
685 765 29 4
685 766 34 10
685 775 20 2
685 780 1 7
685 781 37 9
685 790 20 4
685 791 15 2
685 800 49 8
685 802 36 2
685 815 40 7
685 838 36 7
685 856 32 9
685 857 26 5
685 875 38 1
685 876 26 9
685 890 6 8
685 925 40 3
685 926 12 8
685 935 40 4
685 936 38 7
685 946 35 2
685 948 49 6
685 976 47 5
685 980 37 8
685 1005 26 5
685 1008 37 6
685 1026 26 7
685 1027 4 1
685 1055 12 8
685 1059 43 1
685 1080 38 5
685 1082 32 7
685 1095 43 6
685 1097 5 9
685 1121 48 7
685 1126 18 8
685 1172 44 9
685 1173 39 1
690 691 29 4
690 692 8 3
690 693 9 10
690 694 25 7
690 695 20 1
690 696 43 8
690 697 48 5
690 698 35 2
690 699 7 6
690 700 42 3
690 701 44 3
690 702 30 3
690 703 26 7
690 704 21 9
690 743 3 9
690 790 29 1
690 876 10 5
690 976 29 1
690 1007 24 6
690 1056 17 1
691 692 21 5
691 693 45 4
691 694 30 3
691 695 20 6
691 696 1 9
691 697 25 10
691 698 28 6
691 699 46 8
691 705 31 6
691 706 3 6
691 707 6 4
691 708 26 8
691 836 14 8
691 936 41 1
691 980 50 6
691 1095 24 8
692 693 23 8
692 694 38 1
692 695 50 5
692 696 16 9
692 697 29 3
692 698 43 3
692 699 18 5
692 709 6 4
692 710 12 1
692 711 26 3
692 712 21 5
692 816 24 1
692 855 36 5
692 1126 49 6
693 694 29 4
693 695 27 3
693 696 31 4
693 697 18 9
693 698 19 3
693 699 15 3
693 713 35 3
693 714 14 1
693 715 49 2
693 716 10 5
693 781 38 4
693 801 44 8
693 948 5 3
693 1080 14 10
693 1124 17 8
693 1172 13 7
693 1175 28 3
694 695 25 9
694 696 3 1
694 697 20 8
694 698 21 9
694 699 24 10
694 717 14 8
694 718 28 5
694 719 11 2
694 765 46 6
694 766 33 10
694 790 27 5
694 875 45 3
694 892 32 6
694 926 25 7
695 696 33 2
695 697 46 10
695 698 3 4
695 699 37 2
695 720 48 6
695 721 26 8
695 722 39 9
695 723 45 10
695 858 43 2
695 892 37 10
695 935 14 8
695 947 32 7
695 1006 19 3
695 1082 10 4
696 697 37 6
696 698 30 6
696 699 38 5
696 724 46 2
696 725 17 1
696 726 17 9
696 775 12 3
696 801 15 9
696 1030 20 5
696 1056 45 2
697 698 40 2
697 699 39 7
697 727 13 2
697 728 2 3
697 926 2 7
698 699 7 10
698 729 32 6
698 730 6 3
698 731 34 2
698 732 49 3
698 733 41 1
698 743 34 3
698 781 27 1
698 1030 39 3
699 734 28 4
699 735 16 1
699 736 8 2
699 737 14 3
699 738 46 10
699 739 28 10
699 775 39 8
699 817 7 8
699 838 45 6
699 1096 22 6
740 741 24 6
740 742 7 9
740 743 26 3
740 744 8 4
740 745 3 9
740 781 42 6
740 800 48 1
740 855 38 1
740 856 45 6
740 890 5 6
740 935 5 6
740 977 4 7
740 1027 17 6
740 1125 8 7
741 742 4 3
741 743 14 3
741 744 30 6
741 746 25 5
741 747 4 5
741 748 35 6
741 749 22 4
741 750 23 8
741 751 4 10
741 752 10 5
741 753 24 4
741 754 43 5
741 755 47 8
741 775 32 10
741 836 1 5
741 977 9 8
741 1005 8 5
741 1172 46 3
741 1173 17 2
742 743 31 1
742 744 45 8
742 756 29 3
742 757 36 5
742 758 44 3
742 781 26 7
742 791 37 3
742 815 26 1
742 837 34 5
742 875 48 8
742 1005 46 9
742 1059 22 3
742 1081 48 4
743 744 27 9
743 759 14 6
743 760 50 2
743 761 40 6
743 766 48 10
743 802 33 2
743 885 6 8
743 925 21 8
743 936 28 4
743 1029 11 9
743 1057 50 3
743 1095 43 2
743 1098 9 5
744 762 44 4
744 763 45 9
744 764 28 5
744 766 18 8
744 791 35 9
744 817 48 8
744 876 50 9
744 926 30 6
744 945 8 4
744 949 19 4
744 1080 38 2
744 1128 18 6
765 766 5 5
765 767 20 8
765 768 37 9
765 769 26 2
765 770 28 6
765 775 40 1
765 780 10 5
765 790 2 4
765 801 45 9
765 815 47 4
765 816 12 6
765 836 46 1
765 837 4 2
765 857 17 5
765 858 35 2
765 876 7 9
765 890 10 1
765 891 13 10
765 925 23 3
765 936 6 3
765 975 36 2
765 976 3 6
765 1007 2 1
765 1008 5 6
765 1027 31 2
765 1080 45 3
765 1082 31 2
765 1097 49 10
765 1098 20 10
765 1124 3 8
765 1127 4 6
766 771 31 1
766 772 50 2
766 773 13 5
766 774 6 5
766 775 33 1
766 791 24 8
766 800 38 4
766 875 25 6
766 926 38 5
766 935 23 3
766 948 1 7
766 1029 36 5
766 1056 2 2
766 1059 39 3
766 1170 10 5
766 1171 28 7
775 776 43 5
775 777 30 4
775 778 30 3
775 779 8 10
775 780 15 2
775 781 22 5
775 790 12 7
775 791 12 8
775 800 45 2
775 815 12 5
775 816 39 4
775 836 1 9
775 837 42 7
775 856 40 5
775 858 31 7
775 875 3 8
775 876 10 4
775 888 43 8
775 890 42 3
775 925 38 9
775 926 36 6
775 935 31 10
775 936 30 9
775 947 2 10
775 950 8 4
775 975 2 10
775 978 12 9
775 1008 7 8
775 1026 2 8
775 1058 7 3
775 1059 7 7
775 1082 45 2
775 1096 29 2
775 1098 11 6
775 1124 38 5
775 1128 47 3
775 1172 46 2
775 1173 18 8
780 781 48 1
780 782 48 10
780 783 46 2
780 784 28 1
780 785 11 8
780 786 6 2
780 790 41 3
780 800 29 4
780 816 35 1
780 838 19 10
780 855 41 10
780 876 30 7
780 935 18 9
780 936 38 8
780 979 25 4
780 1008 16 4
780 1028 33 3
780 1081 33 9
780 1099 34 2
780 1127 46 5
780 1174 12 7
781 787 37 5
781 788 12 8
781 789 10 5
781 791 39 6
781 816 42 10
781 856 49 8
781 886 37 10
781 887 7 1
781 925 31 3
781 926 7 9
781 949 12 1
781 950 25 2
781 975 7 1
781 1007 31 1
781 1030 26 9
781 1055 50 9
781 1056 48 5
781 1082 17 6
781 1098 47 9
781 1126 40 9
781 1174 49 7
790 791 37 6
790 792 26 10
790 818 18 10
790 837 24 8
790 876 14 8
790 887 7 5
790 926 11 1
790 935 31 6
790 936 21 10
790 947 48 5
790 976 39 1
790 1006 26 1
790 1007 40 5
790 1029 44 7
790 1030 50 9
790 1057 9 2
790 1122 8 2
790 1170 37 7
791 793 14 7
791 794 45 3
791 795 6 10
791 796 2 6
791 797 23 10
791 798 49 8
791 799 38 7
791 801 35 1
791 817 22 6
791 856 13 7
791 858 45 8
791 875 15 10
791 886 47 7
791 926 27 10
791 1057 23 9
791 1081 16 8
791 1082 26 1
791 1099 4 9
791 1121 22 5
791 1175 15 8
800 801 23 4
800 802 6 8
800 803 18 3
800 815 4 2
800 835 29 3
800 876 17 5
800 887 8 4
800 979 36 7
800 1056 9 10
800 1058 1 5
800 1096 36 8
800 1121 12 2
800 1127 4 7
800 1170 22 7
800 1175 7 2
801 802 18 3
801 804 43 3
801 805 50 3
801 806 34 7
801 807 35 5
801 808 4 3
801 818 22 6
801 858 42 4
801 925 40 5
801 926 1 4
801 935 47 8
801 1008 50 2
801 1080 25 8
801 1081 22 7
802 809 10 2
802 810 15 6
802 811 38 4
802 812 26 8
802 813 1 8
802 814 21 9
802 838 17 5
802 856 1 3
802 875 33 9
802 885 3 7
802 936 25 10
802 946 5 7
802 950 2 10
802 979 11 7
802 1006 33 3
802 1030 8 9
802 1095 10 8
815 816 17 4
815 817 24 6
815 818 42 2
815 819 27 7
815 820 19 7
815 821 26 8
815 822 44 6
815 823 41 7
815 824 27 8
815 885 1 1
815 890 24 9
815 936 44 1
815 977 8 4
815 978 25 9
815 1029 2 6
815 1056 41 3
815 1082 16 10
815 1098 39 6
815 1099 45 7
815 1171 13 2
816 817 6 1
816 818 49 1
816 825 10 10
816 826 45 8
816 827 40 3
816 828 5 8
816 829 17 1
816 837 31 1
816 855 16 5
816 875 12 6
816 926 20 8
816 936 21 8
816 950 36 8
816 1006 12 7
816 1028 27 8
817 818 21 10
817 830 44 7
817 831 3 8
817 832 31 3
817 833 32 2
817 875 6 7
817 926 12 1
817 946 40 6
817 1055 28 6
818 834 4 1
818 858 43 3
818 1008 36 4
818 1081 24 1
818 1121 2 10
818 1128 4 3
818 1175 45 9
835 836 9 5
835 837 48 4
835 838 12 3
835 839 19 10
835 840 48 1
835 855 27 10
835 926 19 8
835 950 35 3
835 976 31 3
835 1006 27 3
835 1028 15 2
835 1057 1 9
835 1098 48 3
835 1126 31 4
836 837 12 3
836 838 32 8
836 841 47 1
836 842 12 6
836 876 27 9
836 888 24 9
836 890 48 10
836 945 43 1
836 1058 43 9
836 1129 50 6
836 1170 5 8
837 838 30 3
837 843 35 3
837 844 10 2
837 845 37 6
837 846 33 2
837 847 16 10
837 848 27 1
837 876 47 6
837 936 12 10
837 1008 36 3
837 1080 1 4
837 1097 14 7
837 1175 3 6
838 849 43 3
838 850 5 9
838 851 50 9
838 852 8 5
838 853 49 1
838 854 10 8
838 857 1 1
838 926 30 5
838 935 16 4
838 978 47 3
838 1030 3 5
855 856 40 10
855 857 43 8
855 858 40 5
855 859 9 1
855 860 37 8
855 861 2 10
855 862 39 4
855 863 43 3
855 864 11 2
855 865 10 9
855 866 12 9
855 1080 2 9
855 1082 39 5
855 1126 38 7
856 857 9 1
856 858 30 6
856 867 29 8
856 868 7 4
856 890 12 9
856 891 1 10
856 926 40 10
856 935 30 6
856 945 16 6
856 1005 37 10
856 1007 2 2
856 1030 3 8
856 1056 9 2
856 1098 17 3
856 1175 47 2
857 858 34 5
857 869 32 3
857 875 42 8
857 876 49 2
857 926 7 3
857 936 24 4
857 948 45 10
857 978 37 6
857 1029 18 10
857 1059 12 7
857 1125 36 9
858 870 5 7
858 871 30 6
858 872 30 10
858 873 40 10
858 874 44 6
858 980 25 7
858 1095 45 9
858 1172 30 2
875 876 49 6
875 877 1 5
875 878 11 8
875 879 22 7
875 888 5 2
875 935 48 2
875 945 29 1
875 1006 25 3
875 1008 8 9
875 1029 25 9
875 1082 9 10
875 1095 11 6
875 1129 3 9
875 1171 7 8
876 880 33 1
876 881 36 2
876 882 39 2
876 883 9 10
876 884 3 9
876 890 43 7
876 925 47 8
876 926 42 6
876 948 45 2
876 979 9 9
876 980 18 3
876 1030 42 10
876 1055 11 5
876 1058 35 9
876 1098 22 6
876 1121 15 5
876 1175 4 8
885 886 20 4
885 887 23 3
885 888 50 6
885 889 48 3
885 890 35 4
885 891 27 8
885 892 31 2
885 893 17 10
885 894 31 7
885 895 16 7
885 1080 22 2
885 1097 24 8
885 1098 44 9
886 887 14 4
886 888 47 8
886 889 42 4
886 890 29 3
886 891 27 7
886 892 13 6
886 896 26 6
886 948 11 10
886 1025 46 10
886 1175 11 10
887 888 19 6
887 889 21 9
887 890 6 2
887 891 5 7
887 892 34 2
887 897 43 5
887 898 26 6
887 899 25 8
887 900 28 9
887 901 21 3
887 902 13 7
887 903 13 3
887 926 22 8
887 976 16 1
887 1056 10 1
887 1080 46 10
887 1128 12 4
888 394 39 5
888 889 19 1
888 890 37 3
888 891 46 3
888 892 46 7
888 904 24 3
888 935 8 4
888 1174 24 8
889 890 34 6
889 891 11 5
889 892 8 10
889 905 14 2
889 906 17 4
889 907 17 9
889 908 17 7
889 1007 40 3
889 1128 17 3
890 891 4 6
890 892 38 2
890 909 8 8
890 910 32 9
891 892 6 7
891 911 6 1
891 912 4 5
891 913 40 1
891 914 19 5
891 915 27 1
891 916 35 6
891 917 8 4
891 1027 7 8
892 918 36 7
892 919 32 3
892 920 33 5
892 921 27 1
892 922 14 10
892 923 11 9
892 924 23 8
892 926 9 6
892 946 25 3
892 975 12 7
892 1006 23 4
892 1058 6 5
925 926 14 4
925 927 28 5
925 928 37 2
925 929 32 9
925 930 34 9
925 931 3 9
925 936 2 2
925 950 24 1
925 977 44 7
925 1005 25 7
925 1008 15 9
925 1026 2 6
925 1058 11 5
925 1059 37 1
925 1082 28 7
925 1121 2 5
925 1174 10 9
925 1175 21 10
926 932 9 2
926 933 42 7
926 934 24 4
926 949 2 5
926 979 11 9
926 1029 13 6
926 1080 48 1
926 1095 15 7
926 1097 23 5
926 1123 5 4
935 936 29 8
935 937 39 3
935 938 2 8
935 939 46 6
935 940 47 3
935 941 43 10
935 942 8 1
935 943 26 2
935 945 45 10
935 1029 28 10
935 1058 39 10
935 1082 4 4
935 1099 41 1
935 1122 50 10
935 1128 34 7
935 1174 17 3
936 944 11 5
936 948 18 6
936 975 8 6
936 976 17 4
936 1007 1 2
936 1029 14 4
936 1056 38 5
936 1081 48 1
936 1095 14 6
936 1174 41 2
945 946 17 4
945 947 19 8
945 948 22 4
945 949 45 10
945 950 32 5
945 951 38 10
945 952 41 3
945 953 32 2
945 954 47 2
945 955 38 6
945 956 13 3
945 1056 28 9
945 1082 5 4
945 1099 19 9
946 947 24 8
946 948 31 7
946 949 47 2
946 950 30 3
946 957 6 7
946 958 11 4
947 948 16 4
947 949 18 3
947 950 42 1
947 959 34 2
947 960 39 3
947 975 39 7
948 949 15 9
948 950 1 8
948 961 49 9
948 962 21 5
948 963 22 3
948 964 11 8
948 965 19 7
948 966 40 1
948 967 39 9
948 968 43 8
948 978 38 1
948 1006 17 3
948 1008 17 2
948 1028 9 9
948 1080 41 9
948 1123 50 2
948 1175 33 3
949 950 34 1
949 969 17 7
950 970 36 7
950 971 44 7
950 972 31 2
950 973 23 6
950 974 34 2
950 1025 44 6
950 1056 14 5
950 1098 11 2
950 1128 32 4
950 1172 35 2
975 976 10 9
975 977 50 9
975 978 50 9
975 979 49 8
975 980 9 4
975 981 21 3
975 982 6 8
975 983 37 9
975 984 31 10
975 1006 46 7
975 1008 41 1
975 1028 20 2
975 1080 3 6
975 1081 28 10
976 977 48 4
976 978 25 6
976 979 1 1
976 980 25 8
976 985 11 10
976 986 14 4
976 987 3 2
976 988 7 4
976 989 6 9
976 990 20 5
977 978 6 2
977 979 4 2
977 980 18 4
977 991 17 4
977 992 3 1
977 993 47 7
977 994 1 1
977 995 9 9
977 996 24 4
977 1027 6 2
977 1127 33 10
978 979 44 1
978 980 46 4
978 997 38 8
979 980 44 1
979 998 9 2
979 999 27 6
979 1000 23 4
979 1001 20 9
979 1055 19 8
979 1098 16 2
979 1099 31 5
979 1122 20 2
979 1174 42 4
980 1002 14 10
980 1003 14 3
980 1004 26 6
980 1058 38 3
980 1171 48 2
1005 1006 47 10
1005 1007 40 5
1005 1008 21 2
1005 1009 1 2
1005 1010 9 8
1005 1011 15 3
1005 1012 14 1
1005 1013 16 7
1005 1014 20 7
1005 1015 38 5
1005 1059 19 4
1005 1080 9 3
1006 1007 46 6
1006 1008 20 9
1006 1016 25 5
1006 1017 29 8
1006 1030 17 8
1006 1080 39 9
1006 1126 10 2
1006 1127 3 3
1007 1008 26 9
1007 1018 30 5
1007 1019 6 3
1007 1020 6 2
1007 1021 41 10
1007 1022 44 9
1007 1029 7 7
1007 1055 2 7
1008 1023 43 5
1008 1024 21 9
1008 1095 24 1
1008 1096 9 9
1008 1170 49 2
1008 1173 23 6
1025 1026 19 10
1025 1027 8 6
1025 1028 45 8
1025 1029 44 6
1025 1030 2 6
1025 1031 6 6
1025 1032 41 2
1025 1056 6 3
1025 1126 38 2
1026 1027 7 9
1026 1028 4 7
1026 1029 42 5
1026 1030 20 4
1026 1033 27 1
1026 1034 17 9
1026 1035 37 5
1026 1036 35 1
1026 1037 12 10
1026 1038 10 5
1027 1028 7 4
1027 1029 27 10
1027 1030 28 7
1027 1039 15 5
1027 1040 6 8
1027 1041 2 6
1027 1042 18 4
1027 1043 45 7
1027 1044 21 4
1027 1097 42 2
1028 1029 28 4
1028 1030 32 3
1028 1045 46 4
1028 1046 49 3
1028 1059 40 8
1028 1081 37 2
1028 1120 10 9
1029 1030 25 2
1029 1047 22 4
1029 1048 45 10
1029 1049 50 1
1029 1050 40 8
1029 1082 6 2
1029 1097 35 7
1029 1170 29 5
1030 1051 47 2
1030 1052 40 9
1030 1053 49 4
1030 1054 39 10
1030 1174 44 4
1055 1056 37 6
1055 1057 24 9
1055 1058 14 10
1055 1059 8 5
1055 1060 7 5
1055 1061 28 3
1055 1062 28 1
1056 1057 7 8
1056 1058 11 7
1056 1059 23 1
1056 1063 32 5
1056 1064 22 4
1056 1065 26 4
1056 1066 7 3
1056 1081 5 6
1056 1082 14 2
1056 1099 39 4
1057 1058 40 10
1057 1059 9 4
1057 1067 23 6
1057 1068 3 1
1057 1069 29 3
1057 1070 9 10
1057 1122 5 6
1058 1059 22 10
1058 1071 12 5
1058 1072 30 9
1058 1073 38 3
1058 1074 4 7
1058 1075 7 3
1058 1127 32 7
1058 1173 21 10
1059 1076 23 1
1059 1077 50 6
1059 1078 4 1
1059 1079 22 5
1059 1095 10 7
1059 1174 8 1
1080 1081 41 2
1080 1082 23 5
1080 1083 11 3
1080 1084 30 9
1080 1085 49 7
1080 1086 29 2
1080 1099 18 10
1080 1174 3 9
1081 1082 20 6
1081 1087 5 6
1081 1088 27 5
1081 1089 7 6
1081 1090 25 4
1081 1091 45 4
1081 1124 14 6
1081 1175 6 3
1082 1092 23 6
1082 1093 27 6
1082 1094 34 2
1082 1096 47 3
1082 1122 46 5
1095 1096 18 8
1095 1097 32 6
1095 1098 48 1
1095 1099 34 8
1095 1100 38 7
1095 1170 35 4
1095 1174 20 8
1096 1097 38 8
1096 1098 45 6
1096 1099 9 7
1096 1101 33 10
1097 1098 24 6
1097 1099 25 3
1097 1102 48 10
1097 1103 16 6
1097 1104 40 3
1097 1105 45 8
1098 1099 23 9
1098 1106 13 6
1098 1107 30 9
1098 1108 22 3
1098 1109 50 6
1098 1110 5 8
1098 1111 19 7
1098 1112 37 6
1099 1113 30 6
1099 1114 1 6
1099 1115 34 10
1099 1116 41 10
1099 1117 30 8
1099 1118 12 3
1099 1119 17 2
1099 1123 31 10
1099 1128 22 6
1120 1121 43 9
1120 1122 6 5
1120 1123 4 9
1120 1124 40 5
1120 1125 10 8
1120 1126 17 1
1120 1127 6 8
1120 1128 15 7
1120 1129 9 9
1120 1130 49 8
1120 1131 21 6
1121 1122 4 7
1121 1123 12 7
1121 1124 12 10
1121 1125 42 8
1121 1126 42 5
1121 1127 23 2
1121 1128 44 1
1121 1129 19 3
1121 1132 13 1
1121 1133 28 4
1121 1134 6 5
1121 1135 1 8
1121 1136 16 7
1121 1137 47 8
1121 1138 49 10
1121 1175 16 7
1122 1123 46 5
1122 1124 30 10
1122 1125 13 7
1122 1126 30 4
1122 1127 15 1
1122 1128 34 8
1122 1129 3 9
1122 1139 3 7
1122 1140 23 7
1123 1124 32 2
1123 1125 13 10
1123 1126 30 9
1123 1127 47 3
1123 1128 50 3
1123 1129 38 8
1123 1141 41 4
1123 1142 11 5
1123 1143 26 10
1124 1125 47 2
1124 1126 14 5
1124 1127 3 8
1124 1128 3 5
1124 1129 33 6
1124 1144 44 9
1124 1145 3 3
1124 1146 47 4
1124 1147 48 8
1124 1148 10 1
1124 1149 38 6
1124 1150 31 7
1124 1151 11 10
1125 1126 18 6
1125 1127 3 2
1125 1128 34 6
1125 1129 44 3
1125 1152 40 1
1125 1153 13 4
1125 1154 36 10
1126 1127 29 10
1126 1128 23 8
1126 1129 23 2
1126 1155 24 8
1126 1156 18 1
1126 1157 20 10
1126 1158 14 6
1127 1128 14 1
1127 1129 21 5
1127 1159 8 7
1127 1160 25 4
1127 1161 37 4
1128 1129 10 9
1128 1162 34 5
1128 1163 3 4
1128 1164 37 4
1128 1165 4 9
1128 1166 50 4
1129 1167 33 3
1129 1168 41 3
1129 1169 22 4
1170 1171 41 1
1170 1172 3 10
1170 1173 7 3
1170 1174 50 2
1170 1175 7 9
1170 1176 32 10
1170 1177 40 6
1170 1178 6 9
1170 1179 17 9
1171 1172 32 5
1171 1173 5 7
1171 1174 39 2
1171 1175 11 1
1171 1180 45 4
1171 1181 7 1
1171 1182 16 8
1171 1183 50 4
1172 1173 15 6
1172 1174 37 1
1172 1175 20 1
1172 1184 18 5
1172 1185 37 3
1172 1186 19 10
1173 1174 36 9
1173 1175 50 8
1173 1187 17 5
1173 1188 47 3
1173 1189 30 10
1173 1190 9 7
1173 1191 48 10
1174 1175 7 10
1174 1192 35 3
1174 1193 6 7
1174 1194 43 1
1174 1195 10 4
1174 1196 13 7
1174 1197 11 3
1175 1198 38 10
1175 1199 23 2

0 1143 8
1 242 9
2 920 17
3 12 9
4 580 8
5 267 8
6 1002 9
7 908 9
8 962 13
9 145 3
10 1188 14
11 92 19
12 515 6
13 424 9
14 832 7
15 623 2
16 547 3
17 131 29
18 197 14
19 1130 13
20 1101 16
21 370 7
22 272 4
23 745 2
24 317 23
25 532 7
26 1041 1
27 768 19
28 736 4
29 957 3
30 681 11
31 918 22
32 270 9
33 385 3
34 907 8
35 564 6
36 1003 5
37 810 9
38 448 14
39 443 6
40 404 6
41 1199 14
42 381 20
43 526 1
44 846 23
45 723 29
46 680 9
47 1198 22
48 1114 1
49 185 27
50 18 10
51 314 2
52 1192 14
53 772 12
54 600 3
55 760 20
56 1119 7
57 1107 11
58 377 10
59 1015 27
60 191 9
61 1019 2
62 557 8
63 348 23
64 217 3
65 550 3
66 85 11
67 194 9
68 259 23
69 426 12
70 507 9
71 797 16
72 344 3
73 558 11
74 763 31
75 992 2
76 277 17
77 956 3
78 638 24
79 1113 8
80 271 14
81 851 32
82 913 14
83 647 15
84 1084 7
85 1147 26
86 402 27
87 644 15
88 1179 6
89 1150 13
90 599 15
91 709 2
92 458 10
93 340 4
94 296 3
95 342 3
96 608 25
97 406 4
98 1089 5
99 1108 8
100 481 10
101 386 12
102 872 15
103 784 8
104 1163 2
105 244 2
106 973 9
107 1067 12
108 233 3
109 579 30
110 803 10
111 200 18
112 1100 9
113 933 21
114 182 13
115 80 1
116 413 32
117 72 4
118 799 16
119 807 9
120 732 29
121 196 7
122 716 3
123 209 13
124 747 2
125 582 30
126 189 13
127 246 20
128 501 16
129 7 7
130 37 34
131 850 2
132 527 17
133 842 4
134 1181 4
135 570 20
136 183 2
137 1164 9
138 48 3
139 81 14
140 961 33
141 199 8
142 257 5
143 633 9
144 541 17
145 944 8
146 881 16
147 1186 5
148 568 23
149 111 17
150 122 24
151 1062 11
152 1102 32
153 94 18
154 1078 1
155 202 10
156 942 6
157 646 6
158 362 2
159 466 5
160 778 13
161 584 23
162 880 9
163 700 30
164 472 15
165 712 10
166 1042 10
167 1162 12
168 771 15
169 606 5
170 562 12
171 624 11
172 517 1
173 224 34
174 779 2
175 256 2
176 1009 1
177 1106 5
178 770 16
179 239 21
180 147 5
181 1043 32
182 758 21
183 315 4
184 1070 2
185 901 11
186 1158 9
187 1001 12
188 928 17
189 993 27
190 1017 16
191 831 2
192 39 30
193 571 10
194 651 5
195 999 13
196 484 6
197 1076 7
198 1063 9
199 341 32
200 1004 7
201 598 16
202 141 13
203 403 27
204 519 9
205 503 3
206 862 24
207 786 4
208 632 9
209 828 3
210 1073 25
211 1024 12
212 87 15
213 516 31
214 829 8
215 912 2
216 843 24
217 389 17
218 463 6
219 923 5
220 533 6
221 419 14
222 188 2
223 882 27
224 794 17
225 620 2
226 88 10
227 634 22
228 902 8
229 53 2
230 1093 17
231 971 16
232 493 8
233 667 17
234 1087 2
235 1161 22
236 826 18
237 1010 2
238 795 2
239 44 9
240 416 32
241 311 8
242 245 1
243 621 3
244 601 4
245 1091 30
246 611 6
247 52 10
248 728 1
249 738 14
250 195 20
251 911 3
252 363 26
253 955 20
254 1054 25
255 1022 14
256 616 11
257 26 8
258 659 3
259 581 10
260 868 3
261 1166 17
262 449 30
263 313 34
264 125 27
265 847 11
266 117 7
267 241 4
268 637 13
269 379 10
270 702 18
271 991 6
272 1184 10
273 718 12
274 867 12
275 1155 12
276 721 7
277 410 2
278 384 5
279 1189 19
280 609 21
281 635 12
282 40 4
283 1060 5
284 350 21
285 1021 17
286 461 2
287 834 1
288 915 19
289 1138 15
290 827 18
291 996 17
292 734 17
293 997 21
294 1086 13
295 387 5
296 899 6
297 806 14
298 1152 19
299 15 12
300 513 8
301 727 8
302 739 15
303 542 17
304 49 18
305 447 8
306 371 10
307 774 2
308 756 11
309 587 27
310 1135 1
311 964 6
312 569 18
313 25 1
314 645 23
315 380 7
316 1020 3
317 853 32
318 689 20
319 555 12
320 970 13
321 146 3
322 722 26
323 848 8
324 123 18
325 204 5
326 1040 2
327 420 26
328 127 5
329 465 4
330 757 18
331 823 25
332 1151 3
333 148 8
334 854 4
335 1176 20
336 470 3
337 17 10
338 297 10
339 482 15
340 755 11
341 1182 5
342 129 12
343 943 8
344 987 2
345 574 6
346 411 6
347 495 26
348 1034 4
349 279 14
350 263 4
351 1178 4
352 83 28
353 821 17
354 329 18
355 1072 7
356 471 19
357 327 20
358 497 30
359 337 13
360 171 12
361 159 6
362 24 2
363 1111 6
364 1112 14
365 462 3
366 682 20
367 1131 13
368 291 4
369 612 12
370 446 9
371 407 20
372 552 18
373 165 3
374 414 13
375 439 13
376 69 16
377 1033 8
378 777 20
379 1050 14
380 1140 8
381 349 7
382 972 19
383 543 15
384 1075 3
385 830 10
386 164 16
387 59 7
388 445 21
389 218 11
390 266 11
391 1083 7
392 529 14
393 1196 4
394 636 6
395 284 23
396 938 2
397 893 7
398 97 10
399 1153 4
400 641 26
401 496 1
402 193 14
403 512 10
404 509 16
405 754 30
406 605 22
407 1066 5
408 1134 5
409 346 10
410 479 1
411 524 6
412 469 7
413 169 4
414 905 7
415 139 3
416 554 31
417 54 13
418 787 22
419 286 10
420 365 17
421 234 13
422 1169 12
423 622 15
424 364 31
425 959 9
426 845 16
427 822 20
428 278 10
429 231 31
430 28 4
431 4 3
432 214 17
433 919 15
434 192 18
435 113 11
436 86 12
437 216 12
438 1044 13
439 328 18
440 75 8
441 720 23
442 429 5
443 735 11
444 408 13
445 877 1
446 994 1
447 90 9
448 804 20
449 1157 9
450 819 8
451 1046 24
452 152 4
453 808 3
454 1165 3
455 1195 6
456 998 4
457 796 2
458 811 14
459 1032 10
460 207 2
461 669 1
462 1031 4
463 184 10
464 613 20
465 884 2
466 118 3
467 707 4
468 900 18
469 1053 24
470 51 15
471 198 8
472 914 13
473 367 26
474 103 3
475 494 7
476 764 14
477 302 5
478 679 2
479 963 14
