1200 4773 480

0 25 200
1 50 500
2 100 1200
3 150 2800
4 200 4500
5 250 7000

0 1500
1 1500
2 1000
3 1500
4 1500
5 1500
6 1500
7 2000
8 1000
9 2000
10 2000
11 2000
12 2000
13 500
14 500
15 1000
16 1000
17 1000
18 1000
19 2000
20 2000
21 2000
22 2000
23 1000
24 2000
25 2000
26 1000
27 1000
28 2000
29 2000
30 1000
31 2000
32 2000
33 1000
34 1000
35 1000
36 1500
37 500
38 500
39 1000
40 2000
41 2000
42 1000
43 1000
44 2000
45 1000
46 500
47 500
48 500
49 500
50 1500
51 1500
52 1500
53 1500
54 1500
55 1500
56 1500
57 1000
58 2000
59 2000
60 2000
61 2000
62 2000
63 1000
64 1000
65 1000
66 1000
67 2000
68 2000
69 2000
70 2000
71 2000
72 1000
73 1000
74 2000
75 1000
76 2000
77 1000
78 2000
79 2000
80 2000
81 2000
82 2000
83 2000
84 2000
85 1500
86 1500
87 1500
88 1500
89 2000
90 2000
91 1000
92 2000
93 2000
94 2000
95 2000
96 1000
97 2000
98 2000
99 2000
100 1000
101 2000
102 2000
103 2000
104 1000
105 1000
106 1500
107 1500
108 1500
109 500
110 1000
111 2000
112 1000
113 2000
114 1000
115 2000
116 1000
117 2000
118 1000
119 1000
120 2000
121 1000
122 1000
123 2000
124 1000
125 1500
126 1500
127 1500
128 1500
129 1500
130 1500
131 1000
132 1500
133 1500
134 1500
135 2000
136 1000
137 2000
138 2000
139 1000
140 2000
141 2000
142 1000
143 2000
144 1000
145 2000
146 2000
147 2000
148 2000
149 1000
150 1000
151 1000
152 1000
153 2000
154 2000
155 2000
156 2000
157 1000
158 2000
159 1000
160 1000
161 2000
162 500
163 2000
164 1000
165 2000
166 2000
167 2000
168 2000
169 2000
170 2000
171 1000
172 2000
173 1000
174 1000
175 1500
176 1000
177 1500
178 1000
179 1000
180 1000
181 1000
182 2000
183 2000
184 2000
185 500
186 500
187 500
188 1000
189 2000
190 1500
191 1500
192 1500
193 1500
194 1000
195 2000
196 1000
197 1000
198 2000
199 2000
200 1000
201 2000
202 1000
203 1000
204 2000
205 1000
206 2000
207 2000
208 2000
209 2000
210 1500
211 1500
212 1500
213 1000
214 1000
215 2000
216 2000
217 2000
218 1000
219 2000
220 1000
221 2000
222 1000
223 1000
224 1000
225 1500
226 1500
227 1500
228 1000
229 1000
230 2000
231 1000
232 2000
233 1000
234 1000
235 1000
236 2000
237 1000
238 1000
239 2000
240 2000
241 500
242 500
243 500
244 500
245 1500
246 1500
247 1500
248 1500
249 1500
250 1500
251 2000
252 2000
253 2000
254 1000
255 2000
256 2000
257 2000
258 2000
259 1000
260 2000
261 1000
262 1000
263 1000
264 1000
265 1000
266 2000
267 1000
268 2000
269 1000
270 2000
271 2000
272 2000
273 2000
274 2000
275 1500
276 1500
277 1500
278 1500
279 1000
280 1000
281 1000
282 2000
283 1000
284 2000
285 1000
286 1000
287 2000
288 2000
289 2000
290 2000
291 2000
292 1000
293 1000
294 2000
295 1500
296 1500
297 1500
298 2000
299 2000
300 1000
301 2000
302 1000
303 2000
304 2000
305 2000
306 1000
307 1000
308 1000
309 2000
310 1500
311 1500
312 2000
313 2000
314 1000
315 2000
316 2000
317 1000
318 2000
319 1000
320 1500
321 1500
322 1000
323 2000
324 1000
325 1000
326 1000
327 2000
328 1000
329 1000
330 1500
331 1500
332 1500
333 1500
334 1000
335 2000
336 2000
337 1000
338 2000
339 2000
340 2000
341 1000
342 1000
343 2000
344 1000
345 1000
346 2000
347 1000
348 1000
349 2000
350 1500
351 1000
352 1000
353 2000
354 2000
355 1500
356 1500
357 1500
358 1500
359 1500
360 1000
361 2000
362 1000
363 2000
364 2000
365 2000
366 1000
367 1000
368 2000
369 1000
370 1000
371 1000
372 2000
373 2000
374 2000
375 1000
376 2000
377 2000
378 2000
379 2000
380 1500
381 1500
382 1500
383 1000
384 2000
385 1000
386 2000
387 2000
388 2000
389 2000
390 2000
391 2000
392 1000
393 1000
394 1000
395 1500
396 1000
397 1500
398 1000
399 1000
400 2000
401 1000
402 2000
403 1000
404 2000
405 2000
406 1000
407 500
408 500
409 500
410 2000
411 1000
412 500
413 500
414 500
415 1500
416 1000
417 1500
418 1500
419 1000
420 2000
421 500
422 500
423 1000
424 2000
425 2000
426 2000
427 1000
428 1000
429 1000
430 2000
431 1000
432 2000
433 2000
434 2000
435 1000
436 1500
437 500
438 500
439 2000
440 2000
441 2000
442 2000
443 2000
444 1000
445 1500
446 1500
447 1500
448 1500
449 2000
450 1000
451 1000
452 2000
453 2000
454 2000
455 2000
456 2000
457 2000
458 1000
459 1000
460 2000
461 1000
462 1000
463 1000
464 2000
465 1500
466 1500
467 1500
468 1500
469 1500
470 1500
471 1000
472 1000
473 1000
474 2000
475 2000
476 2000
477 2000
478 1000
479 1000
480 2000
481 1000
482 2000
483 2000
484 2000
485 1000
486 1000
487 2000
488 1000
489 1000
490 2000
491 1000
492 2000
493 1000
494 2000
495 1500
496 1500
497 1000
498 1500
499 2000
500 1000
501 2000
502 2000
503 2000
504 1000
505 1000
506 2000
507 500
508 500
509 500
510 500
511 2000
512 2000
513 1000
514 1000
515 1500
516 1500
517 2000
518 1000
519 1000
520 2000
521 1000
522 1000
523 1000
524 1000
525 1500
526 1500
527 2000
528 1000
529 1000
530 1000
531 1000
532 1000
533 2000
534 2000
535 1500
536 1500
537 1500
538 1000
539 2000
540 1000
541 1000
542 2000
543 1000
544 2000
545 1000
546 2000
547 2000
548 2000
549 1000
550 2000
551 2000
552 1000
553 2000
554 500
555 1500
556 1500
557 1500
558 2000
559 1000
560 2000
561 2000
562 2000
563 1000
564 2000
565 1000
566 1000
567 1000
568 1000
569 2000
570 1500
571 2000
572 1000
573 1500
574 1000
575 1500
576 1500
577 1500
578 1000
579 1500
580 1000
581 1500
582 2000
583 2000
584 2000
585 1000
586 2000
587 2000
588 1000
589 2000
590 1000
591 1000
592 2000
593 500
594 500
595 500
596 500
597 500
598 1000
599 2000
600 2000
601 500
602 500
603 500
604 500
605 1000
606 1000
607 2000
608 1000
609 1000
610 1000
611 1500
612 500
613 500
614 2000
615 1000
616 2000
617 1000
618 2000
619 1000
620 1500
621 2000
622 2000
623 2000
624 2000
625 1500
626 1500
627 1500
628 1000
629 1000
630 2000
631 1000
632 1000
633 2000
634 1000
635 1000
636 2000
637 1000
638 1000
639 2000
640 1500
641 1500
642 1500
643 1500
644 1500
645 2000
646 2000
647 2000
648 2000
649 2000
650 1000
651 1000
652 2000
653 1000
654 2000
655 1000
656 1000
657 2000
658 1000
659 2000
660 1000
661 1000
662 1000
663 2000
664 2000
665 1500
666 1500
667 1500
668 1500
669 1000
670 1500
671 1000
672 2000
673 2000
674 2000
675 2000
676 1000
677 2000
678 2000
679 1000
680 2000
681 2000
682 1000
683 2000
684 2000
685 500
686 500
687 2000
688 2000
689 2000
690 1000
691 2000
692 2000
693 2000
694 1000
695 1500
696 1500
697 1500
698 1500
699 1500
700 2000
701 2000
702 1000
703 1000
704 1000
705 2000
706 1000
707 2000
708 2000
709 2000
710 1000
711 2000
712 2000
713 2000
714 1000
715 2000
716 2000
717 1000
718 2000
719 2000
720 1500
721 1000
722 1000
723 1500
724 1500
725 1500
726 1000
727 2000
728 500
729 500
730 500
731 500
732 500
733 2000
734 1000
735 1000
736 2000
737 1000
738 2000
739 1000
740 1000
741 2000
742 2000
743 2000
744 2000
745 1000
746 1000
747 1000
748 2000
749 1000
750 1000
751 1500
752 1500
753 1500
754 500
755 2000
756 1000
757 1000
758 1000
759 1000
760 1000
761 1000
762 1000
763 2000
764 1000
765 1000
766 1000
767 1000
768 2000
769 2000
770 1500
771 1000
772 2000
773 1000
774 1000
775 1000
776 500
777 500
778 500
779 500
780 1500
781 1500
782 1500
783 1500
784 2000
785 1000
786 1000
787 1000
788 2000
789 2000
790 1000
791 1000
792 1000
793 2000
794 1000
795 2000
796 1000
797 1000
798 2000
799 1000
800 1500
801 1500
802 1500
803 1500
804 1500
805 1500
806 1500
807 2000
808 1000
809 1000
810 1000
811 1000
812 1000
813 2000
814 1000
815 1000
816 2000
817 1000
818 2000
819 2000
820 1000
821 2000
822 1000
823 1000
824 1000
825 2000
826 2000
827 2000
828 2000
829 1000
830 2000
831 2000
832 2000
833 2000
834 2000
835 1500
836 1000
837 1000
838 2000
839 1000
840 1500
841 1500
842 1500
843 1500
844 1500
845 1500
846 1000
847 2000
848 2000
849 1000
850 2000
851 1000
852 1000
853 2000
854 2000
855 1000
856 2000
857 1000
858 1000
859 2000
860 2000
861 2000
862 2000
863 1000
864 1000
865 2000
866 1000
867 2000
868 2000
869 2000
870 1500
871 1500
872 1000
873 1000
874 2000
875 1000
876 1000
877 2000
878 1000
879 1000
880 1500
881 1500
882 1500
883 1500
884 1500
885 1500
886 2000
887 1000
888 2000
889 2000
890 2000
891 1000
892 1000
893 1000
894 2000
895 2000
896 2000
897 2000
898 2000
899 2000
900 2000
901 2000
902 2000
903 2000
904 2000
905 1000
906 1000
907 2000
908 1000
909 2000
910 1500
911 1500
912 1500
913 1500
914 1500
915 1500
916 1500
917 1000
918 2000
919 1000
920 1000
921 2000
922 2000
923 2000
924 2000
925 2000
926 2000
927 1000
928 1000
929 1000
930 1000
931 1000
932 2000
933 1000
934 2000
935 2000
936 2000
937 1000
938 2000
939 1000
940 2000
941 1000
942 2000
943 2000
944 2000
945 2000
946 2000
947 500
948 500
949 500
950 1500
951 1500
952 1500
953 1500
954 1500
955 1500
956 1500
957 1000
958 1500
959 1000
960 2000
961 1000
962 2000
963 1000
964 1000
965 1000
966 1000
967 2000
968 2000
969 2000
970 1000
971 2000
972 2000
973 1000
974 1000
975 2000
976 1000
977 2000
978 1000
979 2000
980 1000
981 1000
982 1000
983 2000
984 1000
985 2000
986 1000
987 2000
988 2000
989 500
990 1000
991 2000
992 2000
993 1000
994 2000
995 1500
996 1000
997 2000
998 1000
999 2000
1000 1000
1001 1500
1002 1500
1003 500
1004 500
1005 1000
1006 2000
1007 2000
1008 1000
1009 1000
1010 2000
1011 1000
1012 2000
1013 1000
1014 2000
1015 1500
1016 1500
1017 1500
1018 1000
1019 1000
1020 2000
1021 1000
1022 1000
1023 1000
1024 1000
1025 2000
1026 2000
1027 2000
1028 2000
1029 2000
1030 1500
1031 1000
1032 1500
1033 1500
1034 1500
1035 1000
1036 2000
1037 1000
1038 2000
1039 500
1040 2000
1041 1000
1042 2000
1043 2000
1044 2000
1045 2000
1046 2000
1047 2000
1048 2000
1049 2000
1050 2000
1051 2000
1052 2000
1053 2000
1054 1000
1055 1500
1056 1500
1057 1500
1058 1500
1059 1500
1060 2000
1061 2000
1062 2000
1063 1000
1064 1000
1065 2000
1066 2000
1067 1000
1068 1000
1069 1000
1070 2000
1071 2000
1072 2000
1073 2000
1074 1000
1075 2000
1076 1000
1077 2000
1078 1000
1079 1000
1080 1500
1081 1500
1082 1000
1083 1000
1084 2000
1085 1000
1086 1000
1087 2000
1088 1000
1089 1000
1090 1500
1091 1500
1092 1500
1093 1500
1094 1500
1095 1000
1096 2000
1097 1000
1098 2000
1099 2000
1100 1000
1101 2000
1102 2000
1103 1000
1104 2000
1105 2000
1106 1000
1107 2000
1108 1000
1109 2000
1110 1000
1111 1000
1112 1000
1113 1000
1114 1000
1115 1500
1116 1000
1117 1500
1118 1500
1119 1500
1120 1500
1121 1500
1122 1000
1123 1000
1124 1000
1125 2000
1126 500
1127 1000
1128 1000
1129 2000
1130 1000
1131 1000
1132 1000
1133 2000
1134 1000
1135 1000
1136 2000
1137 2000
1138 2000
1139 1000
1140 2000
1141 1000
1142 1000
1143 2000
1144 2000
1145 1000
1146 2000
1147 2000
1148 1000
1149 2000
1150 1500
1151 1500
1152 1500
1153 1500
1154 2000
1155 2000
1156 1000
1157 2000
1158 1000
1159 1000
1160 1000
1161 2000
1162 1000
1163 1000
1164 2000
1165 1000
1166 1000
1167 2000
1168 1000
1169 2000
1170 1500
1171 1500
1172 1500
1173 2000
1174 2000
1175 1000
1176 1000
1177 1000
1178 2000
1179 1000
1180 1000
1181 1000
1182 1000
1183 2000
1184 2000
1185 1500
1186 1500
1187 1500
1188 2000
1189 1000
1190 1000
1191 2000
1192 1000
1193 2000
1194 2000
1195 1000
1196 1000
1197 2000
1198 2000
1199 1000

0 1 47 8
0 2 13 2
0 3 35 10
0 4 22 5
0 5 49 2
0 6 24 1
0 7 39 6
0 8 5 5
0 86 24 6
0 250 18 10
0 397 15 9
0 417 25 10
0 447 41 4
0 536 48 3
0 570 13 8
0 720 46 7
0 721 18 4
0 1017 3 2
0 1151 7 7
1 2 15 4
1 3 11 2
1 4 31 3
1 5 22 7
1 6 41 7
1 9 33 6
1 10 36 1
1 11 40 6
1 12 25 2
1 35 34 2
1 193 14 3
1 277 36 6
1 320 13 7
1 380 27 9
1 398 25 10
1 417 16 9
1 436 12 9
1 447 31 4
1 620 15 3
1 627 18 6
1 644 9 9
1 669 6 7
1 696 33 5
1 751 44 5
1 752 35 3
1 771 17 8
1 781 30 2
1 835 5 8
1 995 38 3
1 1001 41 9
2 3 48 10
2 4 37 10
2 5 31 3
2 6 17 9
2 13 44 4
2 14 8 10
2 107 46 2
2 175 13 5
2 228 7 9
2 310 31 1
2 311 11 10
2 516 8 2
2 610 26 7
2 642 12 9
2 870 1 7
2 883 43 1
2 1031 26 5
2 1034 20 2
2 1055 45 1
2 1121 17 1
2 1171 41 10
3 4 13 7
3 5 43 8
3 6 2 7
3 15 22 10
3 16 21 7
3 17 44 4
3 18 37 10
3 19 43 4
3 20 14 5
3 55 22 1
3 175 27 7
3 210 3 10
3 297 40 4
3 321 11 2
3 382 44 5
3 468 39 9
3 525 4 8
3 538 8 7
3 555 41 8
3 841 37 6
3 911 29 5
3 1001 29 8
3 1057 46 3
3 1081 46 3
3 1093 14 10
3 1117 45 5
3 1152 34 4
3 1186 39 7
4 5 47 8
4 6 49 2
4 21 18 10
4 22 22 1
4 23 40 4
4 24 5 1
4 25 23 3
4 45 3 3
4 87 50 1
4 107 37 9
4 277 32 10
4 296 39 8
4 355 15 9
4 466 14 9
4 498 7 4
4 578 46 6
4 611 4 2
4 668 25 7
4 698 36 5
4 805 49 9
4 871 32 1
4 1080 29 2
4 1092 25 8
5 6 35 3
5 26 12 3
5 27 25 1
5 28 9 5
5 29 33 4
5 30 12 10
5 31 46 4
5 36 41 2
5 191 44 4
5 227 13 6
5 247 41 5
5 330 7 10
5 515 7 10
5 525 44 3
5 556 24 8
5 626 10 5
5 805 36 10
5 1016 31 9
5 1186 17 9
6 32 47 9
6 33 25 2
6 34 4 1
6 56 47 5
6 126 27 9
6 129 4 7
6 210 8 1
6 332 26 2
6 350 16 6
6 357 48 3
6 435 42 4
6 497 35 8
6 570 40 9
6 577 31 7
6 620 3 5
6 771 7 2
6 783 25 7
6 835 23 2
6 845 44 5
6 883 5 7
6 912 16 10
6 955 19 4
6 958 15 4
6 1170 26 5
35 36 26 8
35 37 38 1
35 38 32 3
35 45 12 10
35 85 16 1
35 86 49 2
35 107 41 3
35 108 41 6
35 128 36 10
35 132 43 5
35 176 36 7
35 177 49 7
35 190 49 9
35 226 24 8
35 250 49 10
35 295 16 4
35 296 7 10
35 320 7 2
35 330 17 9
35 350 8 8
35 436 13 10
35 448 25 5
35 470 30 8
35 497 34 4
35 525 46 6
35 526 31 1
35 557 28 4
35 570 13 5
35 580 8 10
35 610 4 7
35 669 41 2
35 695 34 10
35 697 27 10
35 751 32 10
35 752 5 5
35 782 5 6
35 803 31 2
35 843 4 2
35 870 2 1
35 913 14 4
35 950 16 7
35 951 49 7
35 995 7 10
35 1000 17 1
35 1016 28 1
35 1033 44 2
35 1055 45 3
35 1093 18 3
35 1094 20 6
35 1115 45 6
35 1153 24 5
35 1185 29 5
35 1186 32 3
36 39 21 7
36 40 44 3
36 41 23 5
36 42 39 8
36 43 36 8
36 44 37 2
36 45 46 6
36 53 45 4
36 55 38 7
36 193 30 4
36 210 9 1
36 226 47 8
36 248 38 7
36 275 21 3
36 276 49 5
36 311 1 5
36 321 24 9
36 333 49 7
36 356 12 1
36 358 30 4
36 380 12 3
36 381 28 1
36 395 30 8
36 396 11 2
36 416 36 7
36 417 40 1
36 436 37 5
36 446 32 9
36 495 23 5
36 515 12 4
36 535 43 4
36 538 45 5
36 557 2 8
36 570 11 1
36 580 15 1
36 611 36 6
36 620 13 2
36 626 48 7
36 627 5 6
36 641 41 9
36 643 1 8
36 669 2 7
36 724 41 10
36 771 17 6
36 782 19 10
36 800 23 8
36 835 4 8
36 844 4 4
36 871 37 4
36 881 29 10
36 885 16 9
36 913 3 8
36 1015 19 6
36 1030 45 1
36 1058 28 5
36 1080 42 5
36 1118 27 4
36 1150 10 7
36 1172 34 7
45 46 39 10
45 47 27 9
45 48 40 6
45 49 33 2
45 51 30 3
45 56 20 8
45 85 29 10
45 86 18 10
45 106 32 10
45 108 27 8
45 129 28 6
45 134 9 6
45 176 34 7
45 177 24 7
45 190 5 3
45 191 32 7
45 210 35 2
45 211 25 1
45 225 38 10
45 227 18 10
45 247 25 8
45 276 2 6
45 278 16 10
45 296 10 8
45 310 14 4
45 320 11 5
45 321 33 3
45 330 18 2
45 333 40 7
45 350 11 1
45 359 1 4
45 381 1 9
45 396 21 3
45 397 23 8
45 417 5 1
45 435 17 10
45 436 46 8
45 445 10 6
45 447 50 7
45 470 22 7
45 496 6 4
45 516 28 4
45 525 11 10
45 537 50 8
45 556 21 3
45 557 39 1
45 570 28 1
45 581 17 8
45 610 43 10
45 611 27 3
45 620 8 4
45 626 43 9
45 627 34 1
45 640 4 8
45 644 27 9
45 668 11 9
45 695 13 6
45 699 31 10
45 721 13 5
45 723 11 8
45 751 37 7
45 752 43 6
45 770 42 2
45 771 9 3
45 781 5 7
45 783 13 4
45 806 35 7
45 835 31 4
45 840 14 8
45 844 38 4
45 870 43 3
45 871 7 2
45 880 29 6
45 885 15 2
45 913 36 5
45 950 24 3
45 953 23 6
45 995 37 1
45 1000 14 9
45 1016 42 8
45 1017 5 2
45 1031 10 7
45 1034 29 5
45 1056 50 8
45 1058 10 4
45 1080 43 3
45 1091 5 5
45 1094 33 3
45 1116 33 4
45 1119 2 1
45 1152 17 2
45 1171 31 3
45 1172 30 10
45 1185 2 8
50 51 40 2
50 52 13 8
50 53 50 6
50 54 38 1
50 55 26 1
50 56 9 4
50 57 1 9
50 58 7 8
50 87 47 4
50 212 30 1
50 276 6 2
50 310 12 3
50 321 11 4
50 350 49 2
50 380 30 10
50 436 40 6
50 466 42 6
50 516 16 1
50 570 1 9
50 783 28 1
50 843 27 9
50 871 23 1
50 1033 37 1
50 1055 48 3
50 1090 39 8
50 1118 3 7
50 1150 47 3
50 1171 43 3
51 52 1 4
51 53 29 6
51 54 41 7
51 55 10 9
51 56 30 7
51 59 3 2
51 60 40 10
51 61 10 8
51 108 22 8
51 175 34 6
51 246 43 1
51 350 29 10
51 495 7 10
51 536 50 8
51 620 30 5
51 643 43 6
51 699 39 4
51 770 9 5
51 803 20 6
51 835 21 8
51 914 25 6
51 956 33 5
51 1116 16 9
51 1152 32 5
52 53 17 10
52 54 42 4
52 55 15 9
52 56 1 1
52 62 39 3
52 63 48 10
52 64 37 8
52 65 38 10
52 66 20 8
52 67 6 8
52 68 11 7
52 131 7 5
52 175 8 8
52 210 32 6
52 311 7 5
52 320 22 4
52 331 37 2
52 359 8 7
52 381 5 1
52 435 27 6
52 468 5 7
52 610 21 10
52 641 7 4
52 780 26 8
52 884 9 7
52 1080 48 7
52 1172 42 4
53 54 10 9
53 55 23 2
53 56 16 7
53 69 48 10
53 70 50 7
53 71 27 7
53 72 8 1
53 73 23 10
53 227 22 8
53 295 47 4
53 418 20 1
53 526 47 1
53 556 2 2
53 835 27 7
53 870 16 9
53 951 4 5
53 1017 6 1
53 1081 37 9
53 1185 30 10
54 55 35 1
54 56 16 3
54 74 49 1
54 106 44 5
54 246 14 6
54 296 3 9
54 397 17 5
54 448 47 5
54 577 43 5
54 695 7 2
54 750 48 5
54 995 24 8
54 1090 42 6
54 1186 7 3
55 56 40 1
55 75 39 7
55 76 16 4
55 77 14 9
55 78 40 2
55 79 32 9
55 80 26 3
55 85 37 3
55 191 12 4
55 193 18 5
55 228 21 10
55 332 32 4
55 359 32 4
55 417 24 6
55 498 23 6
55 515 26 6
55 576 39 10
55 627 22 7
55 669 15 6
55 723 12 8
55 724 44 5
55 751 27 2
55 885 3 7
55 910 16 2
55 1016 7 10
55 1030 50 10
56 81 24 3
56 82 2 2
56 83 36 7
56 84 33 1
56 133 8 7
56 276 10 4
56 395 43 6
56 446 1 8
56 525 27 4
56 538 48 4
56 555 15 7
56 570 48 8
56 611 17 6
56 625 22 1
56 668 16 4
56 770 12 5
56 806 28 1
56 843 44 3
56 995 8 6
56 1000 18 5
56 1002 19 6
56 1056 13 1
85 86 48 1
85 87 36 8
85 88 4 6
85 89 7 8
85 90 1 3
85 91 23 1
85 92 12 8
85 93 37 7
85 191 41 9
85 225 32 2
85 320 11 8
85 332 29 5
85 333 5 8
85 350 31 3
85 357 10 3
85 395 3 2
85 396 7 9
85 436 8 1
85 467 27 8
85 575 3 10
85 666 12 3
85 751 12 10
85 801 15 5
85 840 3 1
85 844 20 4
85 871 3 8
85 883 18 9
85 911 12 1
85 916 47 1
85 1034 41 6
85 1058 17 3
85 1080 46 4
85 1094 41 1
86 87 12 6
86 88 24 8
86 94 9 8
86 95 4 8
86 96 3 10
86 107 24 6
86 211 23 7
86 296 42 5
86 310 13 8
86 320 26 7
86 417 25 8
86 447 50 4
86 526 19 10
86 556 32 6
86 557 41 6
86 620 31 3
86 626 12 2
86 724 50 1
86 753 39 1
86 770 40 9
86 783 32 7
86 801 5 6
86 950 26 2
86 1091 48 7
86 1115 10 2
86 1116 35 2
86 1172 11 4
87 88 6 3
87 97 32 4
87 98 27 8
87 99 14 3
87 100 35 4
87 108 14 8
87 175 25 9
87 191 22 6
87 210 33 7
87 228 6 10
87 249 34 8
87 275 9 9
87 310 33 8
87 350 35 10
87 359 9 8
87 382 26 8
87 415 6 9
87 436 30 5
87 469 1 10
87 497 33 7
87 526 31 10
87 535 33 8
87 570 8 8
87 627 50 5
87 722 32 5
87 783 10 8
87 835 5 4
87 995 43 4
87 1001 26 2
87 1016 42 5
87 1033 17 4
87 1080 20 6
88 101 49 4
88 102 16 3
88 103 37 7
88 104 18 3
88 131 34 1
88 132 50 5
88 176 43 4
88 249 6 1
88 276 17 1
88 295 6 2
88 381 10 9
88 448 36 1
88 496 26 6
88 515 25 7
88 516 22 4
88 537 37 7
88 570 45 4
88 580 38 4
88 611 48 8
88 620 28 5
88 643 18 5
88 668 50 8
88 696 27 7
88 698 13 4
88 770 15 4
88 835 1 3
88 883 3 1
88 954 5 7
88 995 9 9
88 1002 43 7
88 1015 43 4
88 1055 3 2
88 1151 7 8
88 1152 25 6
88 1171 6 2
88 1185 6 4
88 1186 34 7
105 106 44 10
105 107 9 7
105 108 42 6
105 109 17 6
105 191 50 4
105 192 13 1
105 246 50 4
105 310 34 8
105 320 43 3
105 331 4 6
105 382 29 3
105 446 48 4
105 570 2 2
105 611 11 4
105 620 42 2
105 696 5 2
105 722 46 1
105 783 28 8
105 871 36 6
105 957 17 1
105 995 31 3
105 1002 21 3
105 1017 36 4
105 1032 15 7
105 1080 22 10
105 1121 18 10
105 1153 25 10
105 1172 3 8
106 107 12 2
106 108 1 1
106 110 30 1
106 111 43 10
106 112 14 3
106 131 1 4
106 175 9 4
106 227 25 2
106 245 31 3
106 277 43 7
106 295 36 10
106 297 21 4
106 321 2 8
106 380 12 7
106 415 37 9
106 435 10 3
106 436 42 7
106 465 3 2
106 515 46 10
106 536 17 1
106 570 43 6
106 575 5 5
106 625 24 3
106 640 44 9
106 665 49 10
106 698 7 5
106 771 43 5
106 835 1 7
106 843 28 2
106 871 16 9
106 882 18 2
106 885 37 9
106 952 11 5
106 1017 46 8
106 1032 6 3
106 1090 48 6
106 1185 45 7
107 108 41 3
107 113 25 8
107 114 9 6
107 115 7 9
107 116 32 2
107 117 39 7
107 210 43 5
107 228 23 3
107 310 40 8
107 333 38 7
107 350 13 1
107 396 3 1
107 447 31 2
107 470 46 6
107 496 30 1
107 497 19 8
107 516 43 9
107 525 3 2
107 538 50 8
107 610 42 10
107 641 5 3
107 752 5 5
107 845 41 3
107 915 20 10
107 995 24 5
107 1055 19 2
107 1120 6 2
107 1150 30 8
107 1170 2 1
107 1186 5 5
108 118 22 5
108 119 6 5
108 120 3 9
108 121 29 10
108 122 43 5
108 123 2 4
108 124 21 3
108 134 15 5
108 175 16 6
108 210 26 1
108 275 2 8
108 350 22 1
108 355 40 2
108 359 4 10
108 395 1 8
108 415 38 6
108 525 31 9
108 556 34 9
108 557 38 7
108 577 20 6
108 627 24 6
108 669 14 8
108 720 21 5
108 751 5 5
108 770 36 4
108 780 47 6
108 802 4 9
108 805 22 5
108 835 32 9
108 914 37 3
108 1080 17 6
108 1091 43 7
125 126 32 5
125 127 28 2
125 128 32 1
125 129 24 8
125 130 22 8
125 131 11 3
125 132 14 4
125 133 40 5
125 134 3 9
125 135 31 7
125 136 18 8
125 137 13 7
125 138 39 8
125 139 18 7
125 140 42 2
125 141 7 10
125 310 21 2
125 332 29 2
125 381 8 7
125 397 46 8
125 446 46 1
125 467 8 1
125 555 12 4
125 751 14 10
125 770 7 8
125 1057 22 6
125 1094 45 1
125 1185 18 7
126 127 40 4
126 128 36 4
126 129 39 7
126 130 2 10
126 131 49 5
126 132 44 5
126 133 11 4
126 134 19 6
126 142 26 1
126 143 46 1
126 144 26 2
126 145 28 4
126 146 36 3
126 147 44 5
126 148 31 3
126 226 12 4
126 227 3 4
126 310 50 10
126 446 28 5
126 535 48 4
126 611 47 7
126 620 6 5
126 665 21 10
126 883 35 4
126 955 29 6
126 1115 15 2
126 1116 15 9
126 1170 41 10
126 1171 24 1
127 128 43 2
127 129 9 7
127 130 18 6
127 131 13 4
127 132 11 10
127 133 31 4
127 134 45 3
127 149 28 9
127 150 38 8
127 151 18 7
127 152 1 6
127 153 44 1
127 154 20 4
127 155 24 7
127 359 32 4
127 381 25 1
127 435 36 1
127 580 31 3
127 626 27 8
127 643 35 4
127 805 45 2
127 835 34 4
127 1081 49 1
127 1186 33 5
128 129 45 8
128 130 45 4
128 131 10 8
128 132 30 2
128 133 27 10
128 134 17 9
128 156 33 7
128 157 50 8
128 210 19 7
128 211 21 7
128 843 45 5
128 910 23 10
128 1069 35 6
129 130 47 2
129 131 30 4
129 132 24 2
129 133 11 6
129 134 25 1
129 158 45 2
129 176 26 2
129 278 21 5
129 333 32 1
129 515 43 8
129 526 42 7
129 570 24 9
129 665 16 6
129 698 16 8
129 770 18 10
129 1002 31 3
130 131 40 6
130 132 16 2
130 133 39 8
130 134 10 1
130 159 7 3
130 160 43 5
130 161 29 6
130 245 11 3
130 246 26 6
130 295 44 4
130 321 4 2
130 356 29 4
130 397 49 4
130 498 14 7
130 641 38 4
130 723 33 10
130 840 45 1
130 915 39 6
130 1032 16 6
131 132 44 2
131 133 42 3
131 134 12 8
131 162 42 1
131 350 24 8
131 468 4 4
131 496 42 5
131 696 46 5
131 721 34 4
131 751 2 6
131 835 46 9
131 870 1 10
131 883 30 7
131 1080 12 10
131 1092 49 5
132 133 16 9
132 134 24 4
132 163 50 3
132 164 30 4
132 165 11 1
132 166 43 1
132 175 34 5
132 191 42 6
132 320 30 1
132 436 37 5
132 515 19 7
132 525 28 5
132 555 18 7
132 570 13 1
132 950 47 10
132 995 10 9
132 1015 45 2
132 1058 32 2
133 134 19 6
133 167 2 3
133 168 48 9
133 278 43 1
133 296 14 8
133 416 23 1
133 620 26 9
133 625 6 7
133 783 16 6
133 803 8 3
133 870 19 5
133 995 24 8
133 1001 32 2
133 1033 26 3
133 1151 44 3
134 169 12 9
134 170 2 6
134 171 40 3
134 172 49 2
134 173 44 9
134 174 9 8
134 191 3 5
134 350 6 8
134 417 44 5
134 535 25 7
134 579 14 3
134 911 30 8
134 1153 6 6
175 176 8 2
175 177 48 1
175 178 32 4
175 179 41 5
175 180 12 6
175 181 19 4
175 182 49 4
175 183 23 10
175 184 40 1
175 191 26 8
175 228 33 4
175 246 35 1
175 250 47 8
175 359 34 7
175 397 21 8
175 447 12 6
175 495 41 1
175 556 47 5
175 570 48 1
175 581 5 6
175 611 49 3
175 620 36 5
175 641 3 8
175 695 44 6
175 771 21 10
175 782 42 10
175 801 30 5
175 835 39 9
175 841 49 7
175 915 10 4
175 954 34 4
175 1002 6 4
175 1080 39 5
175 1091 13 7
175 1120 48 4
175 1152 22 6
175 1171 47 3
176 177 2 6
176 185 43 8
176 186 37 10
176 187 10 10
176 210 23 10
176 228 26 10
176 278 17 8
176 297 34 10
176 310 12 3
176 321 12 4
176 331 29 4
176 333 10 4
176 350 26 5
176 381 23 4
176 396 35 6
176 417 2 2
176 435 33 10
176 436 42 4
176 467 29 2
176 525 24 5
176 537 4 2
176 538 43 8
176 556 44 6
176 570 14 3
176 611 27 10
176 644 15 9
176 669 8 5
176 722 37 9
176 725 38 4
176 752 44 8
176 782 33 8
176 841 39 10
176 870 18 1
176 871 3 10
176 880 8 5
176 883 5 1
176 995 29 1
176 1015 4 7
176 1034 50 5
176 1058 14 10
176 1059 33 7
176 1150 39 5
176 1172 31 7
177 188 4 6
177 189 24 2
177 190 16 9
177 210 8 2
177 296 42 9
177 311 37 4
177 320 25 2
177 350 15 2
177 358 28 7
177 381 35 5
177 417 15 8
177 447 6 4
177 469 36 10
177 497 37 8
177 515 23 7
177 516 22 7
177 525 26 6
177 578 13 3
177 620 6 7
177 627 4 3
177 666 35 6
177 699 27 4
177 771 17 10
177 805 34 1
177 835 12 7
177 910 12 5
177 950 22 6
177 1000 15 6
177 1015 12 2
177 1031 31 8
177 1080 12 1
177 1093 9 9
177 1117 10 2
177 1186 19 6
177 1187 39 1
190 191 50 3
190 192 20 1
190 193 12 2
190 194 18 5
190 195 47 10
190 212 5 1
190 247 8 2
190 276 36 8
190 321 27 1
190 350 4 10
190 415 4 4
190 435 41 1
190 526 22 7
190 556 32 1
190 625 24 1
190 643 22 1
190 669 3 5
190 698 16 2
190 782 44 1
190 800 31 8
190 884 24 2
190 1000 1 4
190 1017 47 6
190 1034 19 8
190 1121 21 10
190 1153 26 4
190 1170 44 7
191 192 37 8
191 193 25 3
191 196 22 10
191 197 1 1
191 198 41 5
191 228 23 1
191 249 45 8
191 321 17 1
191 350 45 9
191 356 43 10
191 382 27 2
191 416 44 1
191 445 9 3
191 526 3 10
191 535 24 6
191 575 1 3
191 626 5 2
191 669 6 6
191 725 26 6
191 752 20 6
191 770 16 10
191 835 15 10
191 882 11 1
191 915 40 4
191 1001 47 4
191 1092 5 8
191 1093 5 5
191 1150 20 1
192 193 43 5
192 199 27 6
192 200 9 10
192 201 44 3
192 202 6 3
192 203 32 5
192 204 13 9
192 211 6 1
192 228 1 4
192 276 14 1
192 295 25 3
192 297 3 3
192 310 8 7
192 355 27 9
192 381 46 9
192 396 42 5
192 397 28 2
192 436 34 7
192 445 1 7
192 466 17 2
192 470 11 1
192 516 48 5
192 570 30 6
192 699 28 9
192 752 48 2
192 771 44 9
192 835 24 1
192 840 13 2
192 871 8 7
192 957 23 1
192 1015 10 2
192 1030 3 3
192 1059 19 3
192 1080 6 1
192 1081 27 1
192 1121 45 1
192 1170 41 8
193 205 36 1
193 206 27 9
193 207 41 1
193 208 38 4
193 209 5 9
193 310 34 7
193 330 43 4
193 332 28 6
193 495 5 6
193 496 41 7
193 538 20 9
193 556 25 4
193 570 19 2
193 581 1 9
193 610 32 8
193 611 9 6
193 620 35 9
193 642 42 6
193 725 8 1
193 782 42 7
193 800 6 2
193 844 50 2
193 917 28 10
193 950 10 7
193 995 33 3
193 1059 8 8
193 1185 17 3
193 1186 41 10
210 211 5 4
210 212 33 3
210 213 30 4
210 214 39 10
210 215 40 2
210 216 2 8
210 248 37 7
210 275 14 10
210 296 25 1
210 310 20 6
210 320 15 2
210 350 11 1
210 357 22 10
210 395 24 9
210 415 5 6
210 435 43 5
210 469 36 2
210 497 16 8
210 525 27 5
210 536 12 7
210 555 33 3
210 570 21 9
210 578 16 9
210 611 16 3
210 625 11 1
210 644 24 4
210 669 1 5
210 720 34 3
210 750 29 7
210 751 34 3
210 843 15 5
210 882 15 9
210 884 33 2
210 914 31 4
210 995 48 6
210 1016 37 10
210 1017 9 2
210 1056 41 7
210 1090 10 10
210 1121 5 4
210 1170 7 4
211 212 6 3
211 217 19 9
211 249 34 9
211 295 20 2
211 350 10 1
211 380 16 6
211 417 45 4
211 436 30 9
211 448 24 8
211 465 15 6
211 497 21 3
211 515 8 10
211 570 38 1
211 610 6 1
211 620 35 1
211 626 33 8
211 666 2 3
211 725 14 1
211 782 47 10
211 804 42 9
211 835 49 3
211 843 12 9
211 952 24 5
211 1002 24 6
211 1081 49 8
211 1117 24 3
211 1150 28 7
211 1186 45 3
211 1187 3 6
212 218 18 1
212 219 41 4
212 220 15 2
212 221 12 3
212 222 18 5
212 223 1 1
212 224 44 6
212 225 10 3
212 228 19 10
212 278 45 4
212 320 39 3
212 331 6 4
212 355 44 5
212 396 37 10
212 446 13 5
212 515 27 8
212 525 16 7
212 536 23 9
212 557 34 5
212 581 37 4
212 620 36 6
212 642 43 9
212 698 1 10
212 770 8 6
212 771 30 9
212 780 22 8
212 806 12 8
212 835 10 2
212 870 17 7
212 871 1 1
212 910 17 9
212 957 14 1
212 1000 32 10
212 1030 4 2
212 1033 8 2
212 1056 11 7
212 1080 36 1
212 1150 31 1
212 1172 19 1
225 226 45 1
225 227 10 10
225 228 20 6
225 229 11 3
225 230 1 5
225 231 8 4
225 232 6 3
225 233 27 1
225 278 39 2
225 350 41 1
225 397 41 10
225 398 48 8
225 415 15 8
225 465 47 10
225 469 13 10
225 495 4 10
225 515 24 1
225 516 1 8
225 526 7 1
225 536 34 1
225 557 45 1
225 579 49 1
225 610 2 2
225 620 17 2
225 783 28 5
225 806 28 3
225 835 41 8
225 995 37 10
225 1000 38 3
225 1032 35 3
225 1093 3 6
225 1171 11 4
225 1172 24 7
225 1185 45 2
226 227 30 10
226 228 9 10
226 234 35 8
226 235 4 4
226 236 48 1
226 249 14 6
226 310 10 4
226 321 29 4
226 332 50 8
226 435 35 7
226 448 25 6
226 526 2 8
226 555 27 9
226 570 6 9
226 580 22 7
226 620 2 3
226 665 34 8
226 724 14 10
226 750 5 4
226 751 1 4
226 804 15 10
226 844 20 10
226 884 25 8
226 912 35 7
226 914 1 3
226 953 6 4
226 995 11 3
226 1000 2 2
226 1033 33 4
226 1120 21 1
226 1187 39 6
227 228 21 8
227 237 31 7
227 238 4 5
227 239 45 1
227 240 17 2
227 297 17 1
227 310 33 4
227 320 35 9
227 331 50 2
227 350 13 4
227 356 27 9
227 381 31 3
227 382 4 6
227 435 41 3
227 497 11 4
227 536 14 10
227 611 45 7
227 626 32 7
227 644 35 7
227 698 38 1
227 721 20 7
227 770 3 7
227 782 2 10
227 871 5 2
227 885 19 3
227 958 23 5
227 1015 6 4
227 1080 47 9
227 1092 35 3
227 1119 44 7
227 1151 30 10
228 241 34 1
228 242 36 2
228 243 10 1
228 244 31 4
228 247 35 4
228 276 27 10
228 295 41 2
228 358 32 10
228 416 4 6
228 448 4 5
228 570 24 3
228 644 32 6
228 667 44 10
228 697 19 2
228 840 24 9
228 871 36 3
228 1016 4 10
228 1057 21 8
228 1058 5 8
228 1080 42 1
228 1152 7 4
245 246 3 4
245 247 37 3
245 248 32 10
245 249 12 5
245 250 33 10
245 251 27 4
245 275 15 3
245 295 28 6
245 310 15 4
245 381 16 4
245 382 49 4
245 397 43 7
245 446 31 6
245 447 23 3
245 611 34 7
245 627 33 6
245 696 23 4
245 805 16 6
245 871 26 6
245 1152 9 2
245 1187 49 4
246 247 36 3
246 248 30 2
246 249 22 6
246 250 39 4
246 252 22 8
246 253 18 1
246 254 4 1
246 255 6 9
246 256 44 10
246 257 11 8
246 275 37 5
246 296 38 5
246 333 37 3
246 355 43 9
246 416 1 7
246 467 46 4
246 515 31 1
246 525 12 5
246 1000 16 4
246 1090 50 5
246 1150 47 3
246 1170 44 9
247 248 31 10
247 249 18 4
247 250 36 8
247 258 41 1
247 259 23 7
247 260 36 10
247 261 5 10
247 262 44 9
247 263 49 2
247 321 36 9
247 497 23 10
247 525 13 7
247 536 24 7
247 576 38 3
247 627 41 3
247 725 49 6
247 771 24 9
247 781 16 3
247 783 17 2
247 842 9 3
247 912 25 3
247 914 37 10
247 1057 31 2
247 1080 35 5
247 1115 38 8
248 249 5 4
248 250 27 2
248 264 43 7
248 265 37 6
248 266 50 10
248 310 29 5
248 333 14 9
248 350 50 5
248 535 17 9
248 556 41 3
248 665 49 1
248 696 4 7
248 753 40 2
248 801 3 3
248 835 21 4
248 871 8 6
248 952 39 2
248 995 24 5
248 1032 38 2
248 1034 33 8
248 1057 32 10
248 1187 28 6
249 250 24 7
249 267 22 8
249 268 14 3
249 269 16 5
249 359 29 7
249 397 29 7
249 416 26 3
249 435 9 10
249 470 2 3
249 497 37 3
249 515 8 6
249 570 2 5
249 575 9 1
249 611 22 3
249 643 40 7
249 841 37 4
249 995 42 7
249 1017 47 3
249 1081 8 4
249 1091 6 10
249 1121 33 1
249 1172 10 1
250 270 2 1
250 271 33 3
250 272 16 9
250 273 9 3
250 274 13 10
250 321 41 2
250 350 16 7
250 435 49 4
250 555 47 7
250 570 45 5
250 620 44 4
250 642 24 10
250 751 30 6
250 770 47 8
250 835 28 4
250 880 36 7
250 883 43 8
250 1002 26 8
250 1015 14 4
275 276 3 1
275 277 2 3
275 278 41 6
275 279 33 7
275 280 24 7
275 281 22 7
275 282 19 8
275 283 7 1
275 284 1 9
275 297 35 2
275 310 16 9
275 350 7 3
275 397 31 10
275 435 40 2
275 466 25 1
275 515 35 8
275 516 2 6
275 555 3 8
275 557 43 8
275 570 47 10
275 611 44 7
275 620 4 6
275 625 10 4
275 627 36 4
275 640 33 4
275 753 9 1
275 771 17 3
275 781 48 10
275 835 47 7
275 917 48 3
275 1015 40 7
275 1057 11 7
275 1153 40 5
276 277 39 8
276 278 28 1
276 285 23 6
276 286 35 6
276 287 43 5
276 288 15 5
276 289 24 9
276 290 48 8
276 311 30 10
276 358 41 7
276 381 23 7
276 416 17 5
276 526 29 4
276 570 42 1
276 581 37 4
276 620 1 1
276 695 49 6
276 801 34 5
276 840 43 3
276 870 41 7
276 882 20 8
276 883 29 9
276 952 32 5
276 1001 22 8
276 1002 21 9
276 1057 10 7
276 1090 33 1
276 1091 50 10
276 1170 17 3
277 278 15 10
277 291 37 9
277 292 14 10
277 320 4 3
277 333 19 3
277 350 25 7
277 359 38 9
277 381 28 6
277 395 8 1
277 418 24 7
277 436 33 10
277 446 4 2
277 498 12 1
277 536 13 6
277 610 30 8
277 643 27 8
277 752 46 5
277 845 28 3
277 995 48 3
277 1016 5 4
277 1034 6 10
277 1081 29 4
277 1120 7 4
277 1121 39 3
277 1151 21 5
277 1185 16 5
278 293 21 2
278 294 24 9
278 295 40 10
278 320 32 2
278 332 38 10
278 445 15 3
278 468 2 4
278 496 38 2
278 526 46 8
278 535 19 10
278 665 27 4
278 667 29 6
278 720 26 7
278 721 23 9
278 770 37 6
278 781 34 5
278 802 33 8
278 835 19 10
278 871 28 5
278 914 13 7
278 956 40 2
278 1031 27 6
278 1171 45 3
278 1185 28 2
295 296 22 5
295 297 26 7
295 298 39 3
295 299 22 9
295 300 33 3
295 301 31 1
295 302 19 2
295 320 35 3
295 321 39 10
295 416 37 9
295 446 5 3
295 525 46 2
295 535 7 10
295 555 42 4
295 575 37 10
295 610 34 5
295 695 40 6
295 771 35 2
295 780 26 1
295 835 18 5
295 871 22 7
295 958 20 9
295 995 4 3
295 1171 38 10
295 1185 39 10
296 297 14 9
296 303 47 8
296 310 33 3
296 330 47 4
296 355 13 3
296 382 41 3
296 417 24 1
296 447 3 3
296 468 10 10
296 495 27 5
296 515 46 7
296 555 17 5
296 570 10 8
296 575 22 6
296 620 47 6
296 626 8 8
296 641 2 8
296 670 12 5
296 696 42 1
296 724 33 3
296 751 10 1
296 752 26 9
296 771 27 7
296 835 39 9
296 842 22 4
296 870 29 5
296 883 22 5
296 884 14 6
296 913 20 8
296 953 49 1
296 1000 14 4
296 1017 27 2
296 1034 4 1
296 1055 30 5
296 1090 38 1
296 1091 2 8
296 1116 27 10
296 1118 33 8
296 1152 21 5
297 304 12 3
297 305 43 8
297 306 47 2
297 307 36 2
297 308 48 6
297 309 35 4
297 333 19 4
297 350 27 10
297 356 18 10
297 382 14 7
297 396 46 2
297 398 16 3
297 435 45 2
297 436 28 1
297 465 1 3
297 495 36 2
297 516 34 7
297 526 26 4
297 538 44 3
297 610 29 7
297 625 14 5
297 640 24 7
297 670 9 3
297 725 23 9
297 780 18 4
297 801 45 7
297 804 44 1
297 842 12 5
297 911 41 3
297 995 6 2
297 1000 13 1
297 1016 47 4
297 1032 22 2
297 1057 8 6
297 1080 1 3
297 1081 9 10
297 1151 45 1
297 1172 28 7
297 1186 6 5
310 311 17 6
310 312 1 9
310 313 33 9
310 314 12 3
310 321 15 3
310 350 30 2
310 358 4 4
310 380 48 1
310 415 7 2
310 435 48 9
310 446 40 6
310 447 33 9
310 466 11 2
310 496 13 9
310 515 5 8
310 557 10 4
310 577 16 6
310 579 20 5
310 611 31 10
310 620 23 1
310 625 46 8
310 720 12 6
310 721 32 1
310 750 13 5
310 771 49 5
310 782 27 3
310 835 32 2
310 842 35 6
310 871 48 4
310 957 30 10
310 995 45 10
310 1000 16 3
310 1002 11 7
310 1017 19 6
310 1033 14 3
310 1058 6 6
310 1081 40 3
310 1094 11 1
310 1170 35 9
310 1187 44 9
311 315 33 4
311 316 18 8
311 317 35 8
311 318 3 3
311 319 26 6
311 320 15 10
311 331 46 4
311 332 26 8
311 350 40 2
311 359 22 7
311 381 34 3
311 395 25 9
311 397 22 10
311 435 17 9
311 466 28 5
311 498 33 7
311 515 49 3
311 525 14 9
311 526 32 8
311 535 26 9
311 536 29 1
311 570 2 10
311 611 19 8
311 627 34 3
311 642 13 7
311 643 30 9
311 665 1 9
311 670 13 8
311 697 50 8
311 753 35 3
311 771 40 7
311 780 10 1
311 805 45 4
311 843 29 1
311 871 35 9
311 884 5 5
311 913 27 9
311 957 31 9
311 995 7 7
311 1015 50 1
311 1031 16 9
311 1059 38 4
311 1080 45 7
311 1094 37 2
311 1118 20 1
311 1121 11 5
311 1152 15 2
311 1153 35 7
311 1171 30 5
311 1186 6 8
320 321 21 2
320 322 32 6
320 323 20 9
320 324 33 2
320 325 31 6
320 326 35 1
320 350 27 1
320 356 47 6
320 359 12 9
320 381 24 5
320 382 9 3
320 396 14 3
320 416 43 10
320 418 14 6
320 435 22 1
320 436 46 9
320 445 20 1
320 448 36 7
320 497 47 7
320 515 14 5
320 526 13 4
320 535 24 5
320 555 44 2
320 570 41 1
320 610 22 4
320 640 16 6
320 641 35 9
320 665 39 9
320 695 2 5
320 720 49 2
320 770 19 1
320 781 27 2
320 800 14 10
320 842 40 6
320 871 40 4
320 880 49 5
320 915 38 1
320 953 6 9
320 956 29 10
320 995 45 6
320 1001 32 1
320 1056 41 9
320 1091 23 9
320 1093 34 10
320 1118 30 9
320 1150 44 9
320 1185 6 8
321 327 2 10
321 328 13 7
321 329 17 6
321 332 50 2
321 350 37 6
321 398 43 4
321 465 36 6
321 468 2 4
321 496 31 6
321 516 49 9
321 526 26 3
321 536 47 3
321 557 32 1
321 570 5 1
321 577 35 6
321 581 17 4
321 620 8 4
321 626 1 9
321 627 50 9
321 665 29 8
321 698 8 3
321 722 39 2
321 751 26 5
321 771 21 6
321 800 10 3
321 835 44 4
321 870 29 9
321 885 42 8
321 912 5 2
321 1002 33 8
321 1017 22 9
321 1032 8 10
321 1034 45 9
321 1080 28 7
321 1117 39 6
321 1152 39 10
321 1170 17 3
321 1172 2 9
321 1187 29 10
330 331 24 7
330 332 32 7
330 333 26 10
330 334 45 5
330 335 24 1
330 336 38 10
330 337 24 2
330 338 21 7
330 339 44 4
330 340 50 5
330 341 9 5
330 350 18 1
330 356 16 9
330 396 15 5
330 397 48 5
330 415 5 4
330 466 18 1
330 516 38 7
330 535 8 5
330 536 30 7
330 576 48 1
330 627 45 5
330 695 44 2
330 725 33 1
330 752 36 9
330 771 42 10
330 835 47 5
330 871 28 5
330 881 38 9
330 882 6 3
330 956 44 4
330 1002 27 1
330 1015 19 7
330 1094 17 10
330 1186 18 2
331 332 31 3
331 333 41 2
331 342 29 1
331 343 14 8
331 344 10 2
331 345 9 7
331 356 8 6
331 436 40 3
331 498 32 2
331 516 34 3
331 525 11 10
331 526 42 9
331 557 30 2
331 570 40 2
331 575 25 7
331 620 22 8
331 626 4 5
331 751 22 3
331 840 15 4
331 916 32 8
331 995 49 9
331 1000 46 8
331 1017 45 7
331 1032 28 10
331 1056 22 8
331 1080 48 4
331 1115 2 2
331 1185 15 7
332 333 38 7
332 346 13 7
332 350 16 7
332 380 50 2
332 382 43 7
332 416 17 8
332 467 39 7
332 498 47 9
332 556 21 4
332 643 42 2
332 668 13 6
332 722 35 8
332 782 7 9
332 783 49 5
332 801 41 5
332 803 21 6
332 841 19 9
332 958 1 4
332 995 37 9
332 1057 40 2
332 1090 39 10
332 1152 36 3
332 1172 21 7
333 347 22 10
333 348 8 6
333 349 38 10
333 435 49 9
333 447 3 9
333 448 30 5
333 610 45 7
333 644 24 4
333 668 21 2
333 835 45 6
333 871 22 10
333 916 10 3
333 1034 26 5
333 1081 47 9
333 1119 21 5
333 1150 34 5
333 1170 37 8
350 351 41 6
350 352 47 4
350 353 28 8
350 354 27 2
350 355 24 5
350 358 3 2
350 381 43 7
350 398 4 2
350 415 28 4
350 435 45 9
350 436 34 7
350 446 10 4
350 469 26 2
350 496 26 7
350 498 17 8
350 515 6 10
350 516 3 5
350 526 7 7
350 535 37 7
350 536 36 7
350 555 49 2
350 556 6 3
350 570 1 9
350 577 3 5
350 579 48 8
350 610 28 1
350 620 32 6
350 625 44 6
350 627 41 7
350 642 21 9
350 644 46 1
350 665 43 10
350 666 18 2
350 695 25 9
350 720 6 9
350 752 18 8
350 753 18 1
350 771 4 8
350 782 36 10
350 783 44 1
350 802 43 3
350 806 15 10
350 835 26 1
350 843 6 3
350 844 48 2
350 871 11 2
350 881 41 4
350 884 50 2
350 914 22 6
350 915 11 3
350 953 22 7
350 957 18 3
350 995 37 5
350 1000 13 8
350 1001 47 7
350 1015 24 9
350 1031 49 9
350 1033 8 6
350 1056 25 9
350 1058 42 7
350 1080 49 1
350 1081 30 9
350 1092 37 10
350 1094 18 3
350 1119 19 7
350 1121 21 6
350 1152 43 8
350 1153 41 5
350 1171 40 9
350 1172 22 7
350 1185 9 3
350 1187 26 8
355 356 47 6
355 357 34 2
355 358 42 7
355 359 24 1
355 360 16 8
355 361 24 7
355 362 7 9
355 363 37 7
355 395 48 4
355 398 39 6
355 445 50 5
355 448 3 1
355 516 7 7
355 575 28 8
355 620 16 4
355 669 19 8
355 805 43 9
355 835 47 3
355 841 47 4
355 914 35 1
355 1001 32 1
355 1034 15 10
355 1120 37 10
355 1150 44 7
356 357 17 2
356 358 22 3
356 359 40 5
356 364 49 2
356 365 14 1
356 366 4 3
356 367 38 6
356 368 4 2
356 369 16 9
356 370 25 5
356 435 38 9
356 498 40 1
356 526 9 4
356 538 49 1
356 576 16 8
356 625 16 7
356 627 18 10
356 669 29 6
356 699 21 8
356 725 27 4
356 782 28 9
356 841 47 10
356 955 26 1
356 1030 23 7
356 1081 44 6
356 1152 47 5
357 358 18 10
357 359 35 10
357 371 48 8
357 372 20 4
357 373 38 1
357 374 37 10
357 375 20 5
357 415 17 4
357 436 26 7
357 557 6 1
357 611 2 3
357 640 29 5
357 771 30 7
357 885 14 10
357 995 49 2
357 1015 42 5
357 1094 33 1
357 1186 12 5
358 359 37 10
358 376 36 5
358 377 39 4
358 382 44 4
358 465 1 6
358 496 37 10
358 516 40 1
358 526 3 5
358 620 50 3
358 642 27 2
358 696 28 7
358 750 34 6
358 771 13 1
358 781 47 8
358 801 8 2
358 835 15 5
358 871 23 8
358 883 33 6
358 913 38 8
358 955 19 4
358 1017 3 4
358 1116 25 7
358 1170 9 5
358 1171 38 2
359 378 50 1
359 379 12 5
359 380 17 6
359 417 50 5
359 467 1 2
359 537 50 10
359 555 6 3
359 570 42 8
359 611 33 8
359 722 1 7
359 753 6 4
359 995 50 3
359 1000 23 2
359 1057 34 5
359 1058 42 4
359 1081 49 5
359 1094 50 9
359 1187 27 1
380 381 44 7
380 382 24 6
380 383 9 8
380 384 23 10
380 385 27 10
380 386 13 7
380 396 17 7
380 497 38 2
380 537 7 3
380 570 33 1
380 611 11 8
380 620 41 5
380 627 30 1
380 644 6 1
380 669 26 1
380 724 41 4
380 752 2 9
380 771 49 3
380 806 30 8
380 835 37 4
380 871 25 7
380 884 26 3
380 885 45 8
380 953 9 4
380 995 3 10
380 1001 5 8
380 1002 11 4
380 1030 9 7
380 1032 12 5
380 1056 28 7
380 1092 23 2
380 1118 16 9
380 1151 50 10
380 1170 37 5
380 1171 7 7
380 1185 13 6
380 1186 41 10
381 382 16 8
381 387 47 9
381 388 14 4
381 389 8 3
381 415 6 7
381 435 44 7
381 445 16 7
381 447 1 1
381 467 13 2
381 470 40 9
381 516 10 3
381 526 6 5
381 555 46 4
381 575 24 2
381 576 43 6
381 620 22 5
381 644 17 7
381 697 9 5
381 771 49 7
381 803 3 1
381 845 6 9
381 917 25 7
381 995 38 10
381 1055 4 2
381 1080 1 1
381 1118 19 2
382 390 27 3
382 391 21 9
382 392 35 1
382 393 43 7
382 394 14 4
382 395 6 10
382 417 50 9
382 436 22 5
382 495 41 7
382 515 14 8
382 525 11 3
382 537 36 10
382 555 31 8
382 570 34 7
382 610 7 9
382 626 45 8
382 670 18 9
382 720 33 2
382 750 22 8
382 781 42 8
382 782 27 3
382 835 24 8
382 870 48 4
382 952 18 4
382 1015 47 10
382 1017 45 9
382 1080 16 5
382 1091 35 4
382 1150 16 2
395 396 48 6
395 397 8 4
395 398 39 8
395 399 2 2
395 400 25 10
395 401 32 10
395 402 50 5
395 403 45 6
395 404 19 3
395 405 23 2
395 406 39 8
395 415 19 5
395 418 35 2
395 435 9 1
395 448 16 10
395 468 40 3
395 516 42 4
395 526 31 6
395 537 46 5
395 555 20 6
395 556 50 4
395 570 8 9
395 579 50 9
395 626 23 10
395 698 22 1
395 752 21 3
395 770 5 7
395 782 28 1
395 801 29 1
395 835 33 8
395 841 36 2
395 871 18 1
395 1056 28 9
395 1080 41 8
395 1115 19 1
395 1119 33 2
395 1151 1 3
396 397 22 2
396 398 17 6
396 407 25 7
396 408 35 3
396 409 40 9
396 447 40 9
396 465 5 8
396 496 50 1
396 526 24 7
396 620 41 4
396 626 12 5
396 643 12 7
396 665 41 4
396 783 37 7
396 871 32 5
396 884 24 3
396 915 5 9
396 954 2 6
396 995 40 6
396 1058 43 1
396 1092 23 3
396 1170 27 7
396 1185 28 6
397 398 28 9
397 410 35 8
397 411 37 9
397 577 24 8
397 611 31 2
397 620 27 6
397 720 20 4
397 722 1 1
397 771 40 2
397 802 29 8
397 881 48 4
397 957 46 10
397 1000 37 3
397 1015 40 10
397 1033 22 6
397 1034 43 8
397 1092 36 5
397 1171 10 5
398 412 48 10
398 413 31 10
398 414 7 7
398 436 43 4
398 495 47 4
398 516 20 8
398 536 29 3
398 610 6 5
398 643 5 5
398 696 3 7
398 753 18 9
398 835 11 2
398 844 45 3
398 911 45 7
398 1001 19 10
398 1017 31 5
398 1150 47 2
398 1187 41 4
415 416 40 8
415 417 34 2
415 418 20 2
415 419 38 10
415 420 35 6
415 445 3 4
415 470 24 3
415 525 12 6
415 538 44 9
415 557 3 1
415 620 44 4
415 625 28 2
415 644 31 8
415 666 21 7
415 720 1 7
415 753 25 10
415 804 44 10
415 870 14 10
415 881 36 7
415 951 35 3
415 1017 4 9
415 1171 17 10
415 1187 35 5
416 417 15 4
416 418 33 5
416 421 49 2
416 422 24 9
416 435 2 1
416 497 12 6
416 538 41 1
416 556 45 10
416 570 26 6
416 579 17 9
416 610 9 5
416 670 46 6
416 723 21 9
416 752 19 9
416 770 41 8
416 782 20 8
416 806 1 8
416 842 4 3
416 871 8 7
416 916 38 3
416 953 7 6
416 995 12 7
416 1001 22 3
416 1017 16 10
416 1056 7 9
416 1081 41 1
416 1117 17 2
416 1151 4 2
416 1186 21 9
417 418 10 8
417 423 27 8
417 424 27 2
417 516 18 1
417 626 3 6
417 643 4 3
417 698 24 9
417 782 28 4
417 835 11 7
417 845 36 1
417 1000 44 2
417 1032 16 4
417 1058 35 4
417 1081 1 6
417 1094 32 6
418 425 9 3
418 426 26 3
418 427 21 5
418 428 43 8
418 429 32 5
418 430 6 2
418 431 3 2
418 432 48 2
418 433 23 3
418 434 2 2
418 435 4 10
418 448 6 7
418 470 36 7
418 495 8 10
418 516 1 9
418 525 41 9
418 570 47 10
418 578 42 2
418 611 16 2
418 620 34 1
418 696 38 6
418 770 42 2
418 835 33 3
418 880 30 6
418 917 37 2
418 995 2 7
418 1031 11 6
418 1094 28 10
418 1121 5 10
418 1150 29 10
418 1172 24 2
435 436 46 6
435 437 36 4
435 438 17 7
435 497 7 5
435 498 40 8
435 516 1 6
435 525 21 7
435 536 17 7
435 575 11 4
435 611 26 6
435 620 30 10
435 626 15 1
435 698 8 2
435 724 46 9
435 771 38 9
435 780 24 1
435 800 26 5
435 803 17 3
435 835 8 10
435 842 47 2
435 870 1 4
435 871 28 3
435 955 29 7
435 995 7 2
435 1001 2 6
435 1015 42 7
435 1016 11 3
435 1057 17 4
435 1059 14 9
435 1117 20 10
435 1120 44 6
435 1150 26 9
435 1171 29 5
435 1185 19 4
436 439 17 8
436 440 25 8
436 441 32 1
436 442 5 4
436 443 7 1
436 444 15 2
436 445 45 7
436 466 2 10
436 468 45 9
436 536 18 6
436 556 40 3
436 570 7 5
436 575 39 8
436 610 10 10
436 620 16 4
436 626 39 10
436 640 48 4
436 643 50 9
436 667 3 3
436 670 5 1
436 699 24 9
436 721 27 9
436 751 27 4
436 753 21 7
436 771 2 5
436 780 46 10
436 843 17 5
436 884 31 2
436 885 39 5
436 913 37 8
436 914 26 8
436 954 2 1
436 1001 2 3
436 1030 37 6
436 1032 30 4
436 1080 19 8
436 1090 36 7
436 1094 4 9
436 1153 32 1
436 1171 34 9
436 1185 28 10
445 446 40 7
445 447 5 6
445 448 48 1
445 449 45 6
445 450 4 1
445 451 43 5
445 452 21 2
445 453 33 1
445 454 18 5
445 455 16 9
445 456 49 8
445 468 4 8
445 557 11 10
445 570 8 7
445 580 2 5
445 611 23 2
445 620 21 2
445 627 48 2
445 782 35 4
445 835 8 9
445 1033 46 4
445 1091 38 7
445 1120 12 2
446 447 47 10
446 448 28 10
446 457 12 5
446 458 12 4
446 459 5 3
446 469 30 5
446 515 43 1
446 557 24 6
446 626 26 10
446 640 2 9
446 670 11 7
446 699 30 5
446 721 28 7
446 750 43 8
446 753 8 1
446 771 44 4
446 780 29 1
446 835 46 5
446 880 46 10
446 915 44 8
446 958 48 4
446 995 6 8
446 1001 16 2
446 1002 10 1
446 1080 41 6
446 1171 26 6
447 448 33 9
447 460 22 2
447 461 36 3
447 462 12 2
447 463 1 4
447 515 17 4
447 525 36 7
447 535 24 3
447 576 44 9
447 642 8 5
447 698 36 3
447 803 16 7
447 843 18 4
447 870 18 7
447 871 15 10
447 880 21 5
447 915 34 1
447 1015 24 5
447 1030 5 1
447 1055 23 6
447 1059 8 6
447 1081 27 4
447 1093 21 10
447 1116 22 10
447 1172 43 7
447 1187 35 7
448 464 40 2
448 496 37 2
448 498 23 6
448 525 23 9
448 537 13 3
448 570 8 2
448 610 29 6
448 620 14 8
448 722 9 5
448 771 44 7
448 802 48 10
448 843 32 8
448 956 44 10
448 1015 6 8
448 1150 49 6
448 1153 48 9
448 1185 1 6
465 466 31 10
465 467 15 8
465 468 8 10
465 469 2 5
465 470 27 9
465 471 3 4
465 472 33 8
465 473 48 2
465 474 38 2
465 475 35 9
465 476 35 3
465 477 40 6
465 495 24 7
465 498 2 3
465 570 15 4
465 640 22 1
465 669 20 4
465 699 24 5
465 871 10 8
465 912 41 10
465 1033 48 10
465 1056 35 9
465 1121 24 4
465 1172 28 8
465 1187 5 4
466 467 42 2
466 468 35 8
466 469 36 10
466 470 38 4
466 478 27 3
466 479 36 1
466 480 44 9
466 481 3 4
466 482 26 6
466 526 9 5
466 556 48 5
466 611 46 6
466 725 3 3
466 782 8 5
466 804 50 5
466 835 26 10
466 952 2 3
466 1094 32 4
466 1185 46 3
467 468 42 1
467 469 37 8
467 470 33 6
467 483 25 1
467 484 18 6
467 620 46 2
467 626 42 4
467 750 6 1
467 771 24 5
467 845 18 7
467 880 38 4
467 1001 11 9
467 1017 20 2
467 1081 40 4
468 469 19 10
468 470 33 10
468 485 35 4
468 486 36 5
468 487 39 4
468 488 50 6
468 489 23 1
468 490 8 8
468 491 45 7
468 526 31 5
468 620 15 6
468 721 42 4
468 805 38 1
468 835 15 2
468 995 36 6
468 1001 16 10
468 1172 9 9
469 470 41 10
469 492 41 4
469 515 11 10
469 538 43 9
469 670 1 7
469 698 38 10
469 780 15 6
469 956 1 9
469 995 45 1
469 1017 11 7
469 1056 3 7
469 1118 34 5
469 1150 4 5
469 1153 33 9
470 493 48 10
470 494 43 5
470 515 34 7
470 536 9 8
470 557 44 10
470 570 32 8
470 577 40 6
470 579 10 5
470 610 9 1
470 642 34 9
470 752 25 2
470 770 23 2
470 841 3 10
470 883 4 3
470 913 43 2
470 1080 22 3
470 1094 42 6
495 496 15 2
495 497 39 8
495 498 48 2
495 499 37 5
495 500 49 1
495 501 2 7
495 502 13 4
495 503 25 3
495 504 29 3
495 505 42 7
495 515 24 1
495 526 35 9
495 538 43 3
495 555 28 10
495 575 40 1
495 611 42 6
495 641 6 3
495 723 25 6
495 801 18 7
495 835 50 9
495 840 23 9
495 871 40 7
495 1030 11 6
495 1033 14 6
495 1055 4 7
495 1057 7 4
495 1080 43 10
495 1121 19 8
495 1171 31 8
495 1187 19 2
496 497 26 8
496 498 4 10
496 506 45 4
496 525 13 5
496 625 30 9
496 667 28 5
496 751 44 7
496 803 24 5
496 884 34 8
496 910 42 4
496 1016 29 7
496 1151 29 4
496 1152 16 5
497 498 32 1
497 507 16 9
497 508 7 7
497 509 5 10
497 510 31 8
497 575 38 7
497 644 49 2
497 696 28 1
497 698 41 3
497 725 20 7
497 751 5 9
497 782 7 8
497 835 20 10
497 843 2 5
497 995 45 6
497 1001 44 9
497 1002 17 6
497 1080 25 3
497 1170 35 3
497 1185 13 1
498 511 32 9
498 512 23 2
498 513 40 6
498 514 47 2
498 516 34 7
498 538 44 9
498 555 10 7
498 570 7 2
498 620 30 6
498 627 15 4
498 770 10 8
498 771 36 2
498 782 29 7
498 871 25 4
498 885 14 4
498 911 5 3
498 951 39 1
498 958 3 2
498 995 31 4
498 1016 15 2
498 1092 48 2
498 1093 32 3
498 1115 6 9
515 516 36 1
515 517 12 1
515 518 45 5
515 526 33 5
515 535 48 10
515 570 8 1
515 575 45 5
515 577 27 3
515 610 12 6
515 625 4 8
515 627 15 1
515 644 28 2
515 667 49 6
515 699 50 9
515 724 47 1
515 751 33 10
515 753 44 8
515 770 44 4
515 802 42 10
515 805 33 9
515 835 26 6
515 870 46 1
515 880 40 7
515 956 36 9
515 995 7 4
515 1001 23 8
515 1016 14 2
515 1017 41 8
515 1031 29 5
515 1059 40 8
515 1081 9 10
515 1092 35 9
516 519 12 4
516 520 16 10
516 521 41 6
516 522 47 1
516 523 18 4
516 524 28 9
516 525 21 7
516 535 4 5
516 555 8 1
516 556 31 4
516 611 2 9
516 620 31 10
516 644 19 9
516 669 15 7
516 697 10 7
516 722 8 8
516 770 28 3
516 780 9 4
516 782 47 3
516 835 6 6
516 841 27 6
516 842 41 8
516 870 42 7
516 884 40 2
516 916 41 8
516 917 24 1
516 957 24 9
516 995 38 3
516 1000 10 7
516 1030 20 5
516 1057 13 4
516 1080 38 8
516 1093 5 2
516 1117 44 5
516 1150 18 10
516 1152 13 6
516 1171 24 5
516 1172 2 10
516 1186 45 4
525 526 41 8
525 527 26 2
525 528 50 1
525 537 9 7
525 538 45 3
525 556 18 9
525 570 9 7
525 576 25 8
525 581 8 9
525 611 1 6
525 620 42 8
525 627 6 4
525 641 43 7
525 666 29 3
525 698 38 1
525 721 23 9
525 724 46 5
525 752 50 2
525 770 10 3
525 781 33 6
525 835 34 1
525 841 27 1
525 870 1 5
525 881 5 1
525 911 15 2
525 957 5 2
525 1016 40 4
525 1017 49 3
525 1033 19 5
525 1034 24 2
525 1055 11 2
525 1091 49 7
525 1116 49 9
525 1150 19 8
525 1171 13 3
525 1186 1 3
526 529 45 3
526 530 48 10
526 531 5 3
526 532 15 10
526 533 37 8
526 534 10 3
526 555 34 10
526 570 5 1
526 620 37 6
526 627 29 7
526 667 21 10
526 698 47 1
526 751 40 4
526 771 27 7
526 781 26 5
526 802 1 2
526 804 26 8
526 845 15 6
526 870 14 4
526 881 50 10
526 910 19 4
526 955 43 6
526 995 17 7
526 1001 7 1
526 1002 22 6
526 1058 47 1
526 1080 20 10
526 1081 20 3
526 1094 32 4
526 1152 6 4
526 1170 4 2
526 1186 13 10
535 536 17 9
535 537 28 6
535 538 28 1
535 539 15 2
535 540 18 7
535 541 31 4
535 542 20 3
535 543 4 8
535 570 20 1
535 577 22 5
535 611 50 3
535 665 25 8
535 698 20 4
535 723 22 4
535 781 2 1
535 882 10 8
535 950 5 10
535 1056 23 6
535 1186 44 3
536 537 45 6
536 538 19 4
536 544 33 7
536 545 15 6
536 546 23 3
536 547 17 3
536 548 50 9
536 549 30 10
536 557 7 2
536 620 13 3
536 625 39 5
536 696 5 9
536 802 17 6
536 835 25 3
536 870 33 10
536 913 43 4
536 954 20 9
536 1016 19 9
536 1030 44 1
536 1090 34 4
536 1152 36 1
536 1153 5 4
536 1185 20 2
537 538 15 7
537 550 9 9
537 551 17 3
537 552 2 1
537 553 23 2
537 570 34 10
537 610 9 8
537 721 38 8
537 770 39 3
537 806 39 1
537 835 10 6
537 880 33 10
537 915 40 8
537 1000 14 7
537 1002 16 1
537 1016 26 6
537 1055 18 5
537 1080 25 4
537 1118 20 6
537 1119 34 3
537 1170 15 7
537 1171 26 9
538 554 37 9
538 555 16 8
538 581 1 8
538 620 29 4
538 625 15 10
538 640 5 10
538 643 33 9
538 669 30 8
538 752 36 8
538 753 38 6
538 770 42 1
538 782 1 8
538 842 3 7
538 844 5 10
538 870 47 1
538 995 28 8
538 1030 40 10
538 1080 39 4
538 1094 6 9
555 556 9 4
555 557 15 1
555 558 32 7
555 559 22 7
555 560 7 8
555 561 28 10
555 626 35 7
555 669 12 1
555 699 18 6
555 720 11 7
555 770 11 9
555 804 36 1
555 835 10 5
555 841 24 7
555 953 45 8
555 1001 9 4
555 1015 41 10
555 1056 22 10
555 1080 8 6
555 1092 5 6
555 1094 35 10
555 1116 47 3
555 1172 32 9
556 557 4 7
556 562 21 1
556 570 32 5
556 576 42 8
556 610 1 3
556 641 20 10
556 753 29 7
556 781 27 2
556 914 25 1
556 995 49 1
556 1015 30 6
556 1032 5 4
556 1034 36 6
556 1059 39 7
556 1187 2 4
557 563 1 3
557 564 23 9
557 565 33 3
557 566 20 10
557 567 30 6
557 568 25 3
557 569 40 7
557 570 20 7
557 580 29 7
557 610 35 5
557 620 40 7
557 626 23 8
557 641 27 6
557 666 30 5
557 698 45 2
557 722 33 1
557 752 30 10
557 782 13 9
557 803 30 10
557 840 1 3
557 870 44 2
557 871 37 7
557 884 26 3
557 885 46 9
557 914 30 10
557 952 16 1
557 995 49 2
557 1002 26 8
557 1081 27 9
557 1118 21 7
557 1150 17 7
557 1151 1 9
557 1170 3 8
570 571 35 5
570 572 27 7
570 573 44 1
570 574 45 2
570 577 34 8
570 579 45 10
570 610 2 7
570 620 48 1
570 625 16 5
570 626 8 3
570 643 38 3
570 665 16 9
570 668 15 3
570 695 28 2
570 698 9 8
570 722 31 5
570 750 43 2
570 753 8 2
570 771 22 3
570 780 16 6
570 781 31 4
570 804 9 3
570 806 36 8
570 835 9 1
570 844 38 4
570 870 33 7
570 871 23 3
570 882 34 1
570 883 34 8
570 912 20 6
570 915 15 3
570 950 20 1
570 954 15 5
570 995 15 3
570 1002 36 8
570 1016 8 10
570 1031 49 6
570 1032 28 6
570 1055 1 7
570 1057 17 1
570 1081 1 2
570 1091 7 5
570 1093 43 8
570 1117 8 3
570 1120 31 1
570 1151 44 3
570 1153 23 10
570 1171 29 8
570 1172 35 5
570 1185 8 3
570 1186 7 8
573 494 32 6
575 576 18 3
575 577 40 6
575 578 3 6
575 579 18 7
575 580 47 7
575 581 37 2
575 582 3 9
575 583 26 5
575 584 15 7
575 585 31 8
575 586 13 5
575 620 16 3
575 625 7 9
575 643 39 2
575 871 7 6
575 912 27 8
575 1057 39 1
575 1116 3 5
575 1186 19 2
576 577 39 10
576 578 6 1
576 579 18 9
576 580 16 10
576 581 37 3
576 587 14 5
576 588 40 3
576 589 30 2
576 590 31 3
576 611 37 9
576 641 36 2
576 698 43 9
576 750 34 5
576 781 34 3
576 805 36 5
576 835 38 6
576 953 47 2
576 1033 35 7
576 1059 37 9
576 1094 10 4
576 1170 15 1
577 578 35 3
577 579 32 10
577 580 5 5
577 581 31 2
577 591 30 4
577 592 15 4
577 670 20 10
577 752 17 5
577 780 46 8
577 835 17 5
577 882 13 9
577 1015 42 10
577 1185 18 1
578 579 47 6
578 580 1 2
578 581 2 8
578 593 11 10
578 594 14 10
578 595 41 9
578 596 4 8
578 597 12 5
578 620 21 4
578 870 28 7
578 951 40 9
578 1092 8 6
578 1151 4 8
579 580 43 4
579 581 24 1
579 598 1 2
579 599 30 1
579 600 2 9
579 722 9 10
579 771 9 10
579 805 2 3
579 1016 23 3
579 1032 20 3
579 1080 33 4
580 581 32 5
580 601 31 4
580 602 6 5
580 603 30 9
580 604 17 10
580 668 3 7
580 699 5 8
580 724 6 7
580 843 10 6
580 914 33 1
580 1001 11 7
580 1081 47 10
580 1116 45 10
580 1152 7 3
581 605 7 9
581 606 1 8
581 607 43 5
581 608 20 9
581 609 41 9
581 610 49 2
581 627 8 2
581 770 18 10
581 884 10 4
581 995 46 10
581 1002 16 9
581 1172 20 7
610 611 38 7
610 612 16 8
610 613 11 1
610 620 35 5
610 626 24 3
610 642 9 5
610 665 8 9
610 666 9 9
610 696 42 4
610 720 37 10
610 751 48 9
610 771 16 4
610 783 24 2
610 805 35 1
610 835 11 2
610 843 29 5
610 882 7 7
610 914 23 5
610 950 27 4
610 995 31 7
610 1000 48 4
610 1015 20 5
610 1030 34 7
610 1032 27 9
610 1057 18 1
610 1080 5 4
610 1081 8 9
610 1094 14 3
610 1172 47 8
610 1187 31 5
611 614 4 5
611 615 45 6
611 616 31 8
611 617 39 2
611 618 17 9
611 619 29 3
611 620 27 8
611 640 25 8
611 699 40 4
611 720 33 5
611 753 3 2
611 771 32 3
611 780 43 10
611 803 25 4
611 835 11 8
611 843 48 8
611 870 38 2
611 871 22 8
611 885 31 3
611 915 6 2
611 953 3 5
611 995 24 3
611 1000 6 1
611 1016 33 3
611 1055 27 1
611 1093 48 8
611 1115 26 1
611 1116 48 8
611 1151 45 6
611 1171 11 3
611 1185 6 2
620 621 24 1
620 622 10 10
620 623 12 5
620 624 8 5
620 625 21 5
620 627 40 8
620 640 15 8
620 642 15 4
620 668 3 1
620 699 42 9
620 723 26 2
620 725 14 10
620 750 40 3
620 752 23 10
620 770 1 10
620 780 11 6
620 801 45 6
620 806 16 7
620 835 48 9
620 843 19 5
620 870 3 5
620 871 44 6
620 882 6 7
620 884 30 7
620 912 22 7
620 917 6 3
620 950 33 4
620 951 28 7
620 995 40 7
620 1000 10 8
620 1001 32 1
620 1015 16 5
620 1032 47 10
620 1034 15 5
620 1059 7 1
620 1081 38 1
620 1090 41 8
620 1091 10 9
620 1116 14 5
620 1117 29 7
620 1150 34 3
620 1153 36 1
620 1170 46 8
620 1186 25 7
620 1187 5 2
625 626 21 4
625 627 31 3
625 628 36 2
625 629 6 8
625 630 14 4
625 631 35 7
625 695 20 2
625 753 35 8
625 770 30 10
625 806 6 7
625 835 27 7
625 917 24 1
625 995 10 2
625 1034 35 4
625 1059 16 3
625 1080 10 10
625 1093 48 2
625 1120 28 4
625 1152 25 7
626 627 31 1
626 632 22 8
626 633 50 6
626 634 21 8
626 635 1 7
626 641 37 6
626 665 6 8
626 696 48 10
626 722 7 9
626 770 45 7
626 781 20 3
626 783 40 6
626 806 6 1
626 841 1 9
626 885 47 1
626 951 44 6
626 1000 15 1
626 1001 11 6
626 1017 11 3
626 1030 16 4
626 1059 38 9
626 1081 49 10
626 1092 15 2
626 1121 37 7
626 1171 43 10
626 1187 19 7
627 636 13 1
627 637 41 4
627 638 9 10
627 639 34 4
627 643 21 4
627 665 48 9
627 750 34 2
627 835 38 8
627 845 30 5
627 871 6 4
627 882 16 6
627 912 21 9
627 954 11 8
627 1015 20 4
627 1151 4 3
627 1172 48 8
627 1187 3 1
640 641 34 6
640 642 32 7
640 643 4 7
640 644 8 9
640 645 15 6
640 752 12 9
640 835 24 6
640 870 24 6
640 871 16 8
640 883 28 6
640 995 26 5
640 1091 30 10
640 1152 17 1
641 642 5 2
641 643 49 1
641 644 42 10
641 646 31 5
641 647 17 3
641 648 13 9
641 695 8 3
641 698 46 5
641 751 11 6
641 882 11 10
641 1032 10 5
641 1059 17 7
641 1080 12 4
641 1186 5 1
642 643 13 1
642 644 34 7
642 649 38 3
642 650 36 4
642 651 9 4
642 652 6 2
642 653 42 7
642 665 41 6
642 666 41 9
642 720 47 5
642 780 50 2
642 782 18 7
642 1015 11 8
643 644 43 4
643 654 33 3
643 655 40 1
643 656 48 8
643 657 20 1
643 658 10 5
643 659 15 8
643 660 48 1
643 661 38 3
643 723 21 10
643 770 41 1
643 801 36 10
643 806 32 2
643 840 45 1
643 916 29 2
643 1001 17 2
643 1031 21 8
643 1081 5 1
643 1115 41 2
643 1120 46 1
643 1151 19 5
643 1170 31 1
643 1172 48 8
643 1187 35 4
644 662 39 10
644 663 2 4
644 664 6 3
644 770 49 4
644 841 49 3
644 910 39 7
644 953 14 2
644 957 37 5
644 1002 5 6
644 1017 27 9
644 1058 9 5
644 1092 29 7
665 666 47 3
665 667 38 6
665 668 42 3
665 669 13 8
665 670 48 5
665 671 14 9
665 672 46 8
665 673 44 6
665 770 1 10
665 781 37 6
665 911 48 9
665 955 10 3
665 995 33 4
665 1015 36 4
665 1017 14 7
665 1081 17 5
665 1093 22 6
665 1185 7 1
666 667 46 2
666 668 2 10
666 669 41 3
666 670 38 10
666 674 44 1
666 675 43 6
666 676 13 10
666 695 26 2
666 699 8 8
666 844 14 4
666 883 9 5
667 668 43 8
667 669 9 4
667 670 19 8
667 677 6 8
667 678 34 9
667 679 27 4
667 680 5 6
667 681 36 5
667 682 34 7
667 720 16 7
667 871 8 9
667 882 25 9
667 995 4 4
667 1001 44 1
667 1058 46 10
667 1091 1 1
667 1119 43 2
667 1172 26 5
668 669 50 1
668 670 2 2
668 683 50 3
668 684 3 9
668 835 22 4
668 844 32 3
668 1034 38 7
668 1117 12 7
669 670 49 8
669 685 6 6
669 686 3 5
669 753 15 9
669 783 2 7
669 805 8 2
669 913 27 1
669 950 23 8
669 1031 43 7
669 1055 8 9
669 1187 4 3
670 687 23 4
670 688 49 5
670 689 20 6
670 690 1 3
670 691 19 1
670 692 30 8
670 693 36 3
670 694 21 7
670 721 16 2
670 752 26 6
670 771 8 4
670 802 3 4
670 835 49 2
670 870 30 5
670 1080 26 1
670 1153 49 10
670 1170 34 6
695 696 21 2
695 697 39 6
695 698 25 3
695 699 50 8
695 700 5 5
695 701 10 6
695 702 27 7
695 703 7 6
695 704 4 4
695 705 2 7
695 706 49 4
695 770 38 3
695 782 13 10
695 835 10 5
695 843 9 2
695 870 7 9
695 912 33 2
695 914 7 3
695 1153 9 10
696 697 43 9
696 698 32 5
696 699 5 5
696 707 48 4
696 708 12 4
696 724 43 7
696 751 16 1
696 871 41 3
696 883 46 5
696 955 35 6
696 1117 49 4
696 1172 43 3
697 698 43 7
697 699 7 10
697 709 26 6
697 710 30 7
697 770 21 1
697 835 17 3
697 882 41 4
697 995 4 1
697 1016 18 6
697 1059 19 2
697 1091 7 3
697 1093 19 9
697 1170 18 8
698 699 3 5
698 711 35 2
698 712 22 7
698 750 6 3
698 782 40 6
698 803 22 10
698 1001 42 8
698 1032 1 5
698 1080 33 9
698 1081 44 10
698 1151 7 6
699 713 37 6
699 714 3 10
699 715 10 4
699 716 9 8
699 717 18 4
699 718 47 3
699 719 12 10
699 725 45 10
699 806 4 1
699 840 18 7
699 956 18 4
699 1002 50 4
699 1017 34 5
699 1032 17 3
699 1058 21 1
699 1120 34 6
699 1185 3 6
720 721 48 7
720 722 37 2
720 723 15 6
720 724 14 6
720 725 24 2
720 726 47 4
720 727 10 10
720 803 50 9
720 912 49 3
720 953 49 3
720 1015 49 9
720 1081 46 9
720 1152 15 6
720 1187 15 3
721 722 24 2
721 723 15 5
721 724 44 5
721 725 39 6
721 728 33 3
721 729 40 3
721 835 44 1
721 885 8 1
721 995 16 4
721 1034 49 6
721 1186 36 3
722 723 38 6
722 724 25 7
722 725 16 3
722 730 14 3
722 731 25 5
722 732 18 8
722 751 36 5
722 870 39 7
722 1002 20 4
722 1118 18 2
722 1151 50 9
722 1170 9 8
723 724 37 5
723 725 6 6
723 733 36 10
723 734 2 8
723 735 27 5
723 736 46 7
723 737 3 4
723 738 7 4
723 739 35 4
723 843 41 8
723 995 1 6
723 1017 35 10
723 1056 27 9
723 1058 29 7
723 1090 24 6
723 1094 11 5
724 725 22 1
724 740 6 5
724 741 49 9
724 742 34 9
724 780 26 4
724 804 38 4
724 871 3 5
724 917 29 4
724 1032 31 1
724 1171 18 10
725 743 17 9
725 744 41 9
725 745 10 9
725 746 11 10
725 747 10 7
725 748 10 5
725 749 6 10
725 751 19 7
725 770 49 5
725 771 19 5
725 835 10 4
725 882 41 3
725 950 30 1
725 1000 20 6
725 1080 4 6
725 1117 49 10
750 751 11 4
750 752 15 9
750 753 46 9
750 754 40 6
750 780 23 5
750 885 44 4
750 914 21 7
750 915 2 6
750 955 22 6
750 995 43 4
750 1034 10 10
750 1057 44 6
750 1080 30 7
750 1153 49 10
751 752 35 3
751 753 27 7
751 755 7 7
751 756 20 7
751 757 38 6
751 758 16 7
751 759 38 4
751 760 39 6
751 771 24 8
751 843 49 8
751 883 27 5
751 1000 18 10
751 1016 25 9
751 1033 11 7
751 1171 11 3
752 753 44 7
752 761 27 8
752 762 15 10
752 763 44 8
752 771 2 3
752 782 40 6
752 803 28 9
752 845 31 5
752 870 25 1
752 871 8 10
752 952 28 1
752 1001 49 8
752 1017 4 8
752 1080 13 2
752 1118 24 2
752 1119 23 1
752 1152 38 2
752 1170 9 9
752 1186 12 4
753 764 3 9
753 765 45 10
753 766 24 9
753 767 7 1
753 768 9 1
753 769 42 5
753 803 35 8
753 835 29 9
753 1091 8 5
753 1093 49 2
753 1187 13 5
770 771 11 5
770 772 37 9
770 773 27 6
770 774 37 8
770 775 43 3
770 805 1 3
770 835 8 8
770 840 6 7
770 915 16 5
770 951 11 8
770 995 7 2
770 1000 39 4
770 1002 49 1
770 1015 18 5
770 1016 18 6
770 1034 32 4
770 1058 26 10
770 1094 2 4
770 1116 33 3
770 1150 16 10
770 1186 4 2
771 776 13 3
771 777 28 6
771 778 22 3
771 779 48 1
771 780 18 9
771 782 17 9
771 800 50 1
771 835 33 1
771 840 8 6
771 871 28 8
771 883 8 1
771 885 47 10
771 915 7 1
771 957 42 9
771 995 13 10
771 1032 11 3
771 1056 6 1
771 1080 1 8
771 1081 5 9
771 1093 10 5
771 1118 47 2
771 1170 2 1
771 1171 43 2
780 781 17 6
780 782 22 4
780 783 2 7
780 784 23 5
780 785 42 9
780 835 29 1
780 870 43 5
780 880 5 2
780 915 1 5
780 951 27 2
780 1017 35 9
780 1033 11 10
780 1059 31 3
780 1090 45 6
780 1152 1 6
780 1172 46 3
781 782 44 7
781 783 43 5
781 786 36 3
781 787 43 2
781 788 32 6
781 803 44 7
781 958 10 7
781 995 7 4
781 1000 28 7
781 1002 33 6
781 1015 12 2
781 1058 42 4
781 1080 5 9
781 1170 1 3
781 1185 13 5
782 783 35 9
782 789 47 4
782 790 49 2
782 791 25 10
782 792 25 5
782 805 22 7
782 870 6 5
782 1030 18 2
782 1116 35 1
782 1118 24 3
782 1152 15 7
782 1185 4 3
783 793 3 8
783 794 37 6
783 795 46 4
783 796 32 9
783 797 23 4
783 798 38 2
783 799 50 8
783 843 42 2
783 884 12 1
783 915 14 7
783 995 7 10
783 1080 41 8
783 1093 34 8
800 801 1 1
800 802 46 10
800 803 13 4
800 804 43 3
800 805 14 1
800 806 30 2
800 807 38 10
800 808 49 1
800 884 15 3
800 1033 43 7
800 1080 1 6
800 1116 13 9
800 1150 4 8
800 1172 28 10
801 802 7 7
801 803 13 7
801 804 4 7
801 805 15 3
801 806 29 1
801 809 43 8
801 810 6 4
801 811 15 6
801 812 30 6
801 813 30 8
801 1016 44 8
802 803 28 5
802 804 11 6
802 805 36 5
802 806 46 5
802 814 20 1
802 815 22 7
802 816 1 10
802 817 20 2
802 818 39 3
802 883 46 4
802 913 1 6
802 958 25 7
802 1058 50 5
802 1153 10 5
802 1186 40 5
803 804 40 5
803 805 41 4
803 806 41 10
803 819 13 7
803 820 38 3
803 821 33 10
803 822 16 9
803 823 41 2
803 824 7 6
803 825 34 9
803 916 20 9
803 995 37 6
803 1057 46 5
803 1115 40 8
803 1187 16 7
804 805 6 3
804 806 10 1
804 826 40 6
804 870 10 3
804 1001 23 9
804 1033 33 10
805 806 20 1
805 827 13 2
805 828 34 6
805 829 9 4
805 840 43 8
805 845 21 1
805 951 12 8
805 995 29 3
805 1001 14 7
805 1091 14 6
806 830 36 5
806 831 41 2
806 832 43 6
806 833 31 6
806 834 44 3
806 835 3 2
806 871 13 8
806 1016 7 5
806 1081 12 9
806 1094 13 7
806 1170 47 3
835 836 30 3
835 837 13 2
835 838 14 4
835 839 15 6
835 843 4 3
835 870 20 7
835 880 6 2
835 883 25 10
835 913 24 8
835 915 14 2
835 954 39 4
835 957 49 6
835 995 45 5
835 1001 12 3
835 1002 8 3
835 1017 17 3
835 1030 43 9
835 1034 25 2
835 1058 36 7
835 1059 13 1
835 1081 2 10
835 1092 40 8
835 1115 25 8
835 1120 31 9
835 1151 7 9
835 1152 17 2
835 1170 44 2
835 1186 14 3
835 1187 29 10
840 841 39 10
840 842 14 10
840 843 37 9
840 844 10 5
840 845 18 9
840 846 25 8
840 847 30 8
840 1151 11 7
840 1185 36 3
841 842 42 1
841 843 16 7
841 844 46 7
841 845 8 4
841 848 24 6
841 849 33 5
841 850 49 2
841 851 23 8
841 852 28 3
841 1015 38 4
841 1056 23 8
841 1150 24 10
841 1170 1 3
842 843 2 9
842 844 37 2
842 845 3 8
842 853 21 4
842 854 8 6
842 870 1 6
842 884 8 4
842 995 17 10
842 1016 18 3
842 1057 2 5
842 1118 36 8
843 844 30 7
843 845 8 1
843 855 43 7
843 856 31 10
843 857 15 7
843 858 31 6
843 859 35 7
843 882 13 5
843 954 50 7
843 1000 38 5
843 1091 36 7
844 845 46 7
844 860 47 2
844 861 46 4
844 862 22 3
844 863 33 4
844 864 37 8
844 865 45 5
844 866 47 9
844 917 41 9
844 955 39 4
844 1001 36 6
844 1030 13 8
844 1092 3 1
844 1172 37 7
844 1185 45 1
845 867 36 10
845 868 48 1
845 869 11 4
845 870 1 8
845 913 32 4
845 995 34 2
845 1080 30 5
845 1081 50 10
845 1119 33 2
870 871 13 8
870 872 29 10
870 873 23 4
870 874 43 9
870 875 46 2
870 883 49 10
870 885 35 4
870 915 49 8
870 917 49 7
870 957 12 6
870 958 10 9
870 995 44 1
870 1002 33 3
870 1031 48 6
870 1055 26 9
870 1058 46 8
870 1080 11 7
870 1091 43 6
870 1151 41 5
870 1170 39 10
870 1186 20 3
871 876 31 4
871 877 12 9
871 878 30 5
871 879 46 1
871 995 43 4
871 1002 9 9
871 1016 40 3
871 1017 34 10
871 1033 6 8
871 1094 3 3
871 1116 4 4
871 1119 21 9
871 1152 28 7
871 1170 36 4
871 1186 3 4
880 881 32 1
880 882 41 3
880 883 35 2
880 884 45 9
880 885 49 1
880 886 8 3
880 887 40 8
880 888 16 8
880 889 19 7
880 890 11 8
880 891 18 9
880 892 48 9
880 893 32 2
880 955 3 8
880 1091 39 1
880 1150 29 10
881 882 43 7
881 883 4 5
881 884 35 7
881 885 37 2
881 894 39 9
881 917 28 10
881 995 30 4
881 1000 21 3
881 1016 4 1
881 1031 33 2
882 883 45 7
882 884 6 9
882 885 11 5
882 895 34 5
882 896 27 4
882 897 29 3
882 898 28 10
882 899 48 3
882 900 4 1
882 1055 40 6
882 1115 46 2
882 1170 15 8
882 1185 7 2
883 884 24 3
883 885 25 4
883 901 43 5
883 902 45 8
883 903 32 7
883 904 25 10
883 995 13 8
883 1002 42 7
883 1080 35 8
883 1118 42 10
883 1185 13 8
884 885 40 10
884 905 35 7
884 906 43 5
884 907 16 1
884 955 6 4
884 1016 16 8
884 1030 18 7
884 1081 19 10
885 908 34 6
885 909 4 10
885 914 34 1
885 1059 43 3
885 1091 17 3
885 1152 24 3
885 1170 8 3
910 911 46 6
910 912 13 1
910 913 49 9
910 914 23 6
910 915 14 10
910 916 45 10
910 917 27 10
910 918 46 9
910 919 18 2
910 995 10 10
910 1000 32 6
910 1081 22 7
911 912 9 10
911 913 42 4
911 914 9 6
911 915 8 10
911 916 20 1
911 917 50 7
911 920 28 10
911 921 5 4
911 922 31 7
911 923 43 2
911 1058 49 8
912 913 31 7
912 914 26 5
912 915 13 5
912 916 39 2
912 917 32 9
912 924 5 8
912 925 21 3
912 926 22 9
912 927 31 5
912 928 44 7
912 956 39 1
912 995 43 4
912 1121 26 8
913 914 22 6
913 915 35 8
913 916 37 2
913 917 21 3
913 929 3 3
913 930 41 3
913 931 16 7
913 932 42 6
914 915 3 8
914 916 45 1
914 917 18 5
914 933 6 9
914 934 24 5
914 935 40 2
914 951 43 4
914 1000 16 6
914 1171 25 5
915 916 41 1
915 917 3 8
915 936 29 5
915 937 14 7
915 938 5 1
915 939 42 7
915 940 4 7
915 941 17 4
915 1030 3 5
915 1059 22 10
915 1185 30 4
915 1186 21 6
916 917 45 1
916 942 30 6
916 943 2 1
916 944 15 3
916 945 35 2
916 946 26 10
916 1080 20 8
916 1094 37 2
916 1150 38 3
916 1151 29 4
917 947 16 6
917 948 49 7
917 949 27 5
917 1015 46 4
917 1034 7 3
917 1091 39 6
917 1116 24 5
917 1171 50 9
950 951 11 5
950 952 14 10
950 953 32 5
950 954 26 8
950 955 45 3
950 956 34 6
950 957 22 7
950 958 30 6
950 959 10 2
950 960 4 9
950 1001 25 5
950 1016 35 4
950 1080 10 6
951 952 41 2
951 953 37 6
951 954 17 7
951 955 24 7
951 956 46 5
951 957 15 9
951 958 23 9
951 961 7 3
951 962 38 8
951 1002 12 3
951 1017 8 6
952 953 50 8
952 954 34 5
952 955 36 1
952 956 6 3
952 957 47 8
952 958 28 4
952 963 8 10
952 964 16 6
952 965 18 2
952 966 31 4
952 967 6 1
952 968 28 2
952 969 14 10
952 1031 5 9
952 1090 50 9
952 1185 2 7
953 954 11 4
953 955 9 1
953 956 7 1
953 957 14 8
953 958 40 10
953 970 50 3
953 971 18 9
953 972 42 7
953 973 48 1
953 1171 48 2
954 955 23 2
954 956 48 7
954 957 26 1
954 958 1 10
954 974 42 9
954 975 48 10
954 976 29 3
954 977 2 10
954 995 31 6
954 1056 47 6
954 1059 49 9
954 1093 1 7
954 1187 42 7
955 956 15 10
955 957 40 8
955 958 30 1
955 978 21 9
955 979 31 4
955 980 38 2
955 981 35 4
955 982 2 1
955 983 26 4
956 957 17 9
956 958 14 6
956 984 47 3
956 985 26 7
956 986 4 2
956 987 45 3
956 988 33 1
956 1117 1 5
956 1151 16 8
956 1171 50 6
957 958 29 4
957 989 30 5
957 995 40 7
957 1080 22 10
957 1120 45 4
957 1150 38 6
958 990 10 1
958 991 40 3
958 992 19 1
958 993 14 9
958 994 33 5
958 1031 9 10
995 996 2 4
995 997 7 5
995 998 46 9
995 999 3 8
995 1000 26 10
995 1001 42 2
995 1015 25 1
995 1016 17 1
995 1031 19 4
995 1034 9 1
995 1056 36 5
995 1059 7 2
995 1080 12 7
995 1081 15 4
995 1094 6 10
995 1115 32 8
995 1121 11 8
995 1151 41 4
995 1153 13 2
995 1170 41 9
995 1171 16 5
995 1185 24 10
995 1187 2 7
1000 1001 45 5
1000 1002 16 3
1000 1003 37 7
1000 1004 22 6
1000 1031 42 8
1000 1033 32 6
1000 1151 26 9
1000 1185 9 1
1001 1002 2 9
1001 1005 24 2
1001 1006 28 7
1001 1007 14 4
1001 1008 25 1
1001 1017 6 1
1001 1057 34 7
1001 1081 41 9
1001 1090 39 6
1001 1120 32 10
1001 1171 47 6
1001 1186 38 3
1002 1009 6 2
1002 1010 10 10
1002 1011 49 9
1002 1012 33 5
1002 1013 27 5
1002 1014 27 10
1002 1015 38 10
1002 1056 34 9
1002 1081 11 9
1002 1091 49 6
1002 1117 8 7
1002 1152 33 7
1002 1171 45 9
1015 1016 26 10
1015 1017 39 7
1015 1018 45 4
1015 1019 49 5
1015 1020 7 7
1015 1021 10 4
1015 1022 3 3
1015 1023 28 4
1015 1057 18 4
1015 1081 17 10
1015 1090 23 5
1015 1091 5 2
1015 1116 41 10
1015 1121 45 4
1015 1152 49 5
1015 1171 41 10
1015 1186 2 2
1016 1017 41 10
1016 1024 42 1
1016 1025 5 5
1016 1026 37 10
1016 1027 14 1
1016 1028 7 3
1016 1031 37 4
1016 1081 15 10
1017 1029 44 4
1017 1030 41 2
1017 1057 30 6
1017 1152 1 2
1017 1171 15 2
1017 1186 39 3
1030 1031 26 5
1030 1032 9 4
1030 1033 22 6
1030 1034 3 2
1030 1035 22 7
1030 1036 25 4
1030 1037 47 2
1030 1038 32 8
1030 1080 38 7
1030 1092 35 1
1030 1119 47 3
1031 1032 29 7
1031 1033 47 8
1031 1034 32 7
1031 1039 11 9
1031 1059 28 4
1031 1091 39 7
1031 1186 7 7
1032 1033 40 6
1032 1034 29 4
1032 1040 40 3
1032 1041 6 2
1032 1042 23 8
1032 1151 41 9
1033 1034 16 8
1033 1043 11 1
1033 1044 41 2
1033 1045 43 5
1033 1046 37 6
1033 1170 16 4
1033 1172 49 1
1033 1185 11 9
1034 1047 4 6
1034 1048 47 1
1034 1049 34 4
1034 1050 29 2
1034 1051 12 9
1034 1052 27 10
1034 1053 27 8
1034 1054 40 1
1034 1056 9 7
1034 1120 3 1
1034 1150 22 3
1055 1056 16 8
1055 1057 33 7
1055 1058 26 8
1055 1059 28 1
1055 1060 22 3
1055 1061 7 9
1055 1081 41 1
1055 1090 3 5
1055 1172 5 7
1055 1185 28 1
1055 1186 48 4
1056 1057 7 7
1056 1058 6 9
1056 1059 41 9
1056 1062 49 8
1056 1063 10 9
1056 1064 21 3
1056 1065 3 9
1056 1066 16 4
1056 1119 19 10
1056 1170 40 10
1057 1058 40 4
1057 1059 37 7
1057 1067 15 3
1057 1068 22 10
1057 1069 17 5
1057 1070 49 4
1057 1080 13 4
1057 1092 19 2
1058 1059 40 8
1058 1071 14 7
1058 1072 16 9
1058 1073 28 7
1058 1074 9 2
1058 1075 14 9
1058 1115 2 8
1058 1152 21 10
1059 1076 39 2
1059 1077 11 7
1059 1078 10 5
1059 1079 3 1
1059 1153 38 9
1080 1081 34 4
1080 1082 22 3
1080 1083 37 3
1080 1084 43 7
1080 1094 22 6
1080 1119 35 8
1080 1152 47 4
1080 1186 43 2
1080 1187 2 1
1081 1085 42 4
1081 1086 3 8
1081 1087 49 5
1081 1088 40 7
1081 1089 4 6
1081 1090 30 2
1081 1117 41 7
1081 1153 16 7
1081 1170 1 5
1081 1171 3 3
1090 1091 25 3
1090 1092 19 7
1090 1093 33 1
1090 1094 20 5
1090 1095 17 4
1090 1096 45 4
1090 1097 33 3
1090 1115 26 5
1090 1150 36 1
1090 1153 1 8
1090 1170 48 5
1091 1092 37 6
1091 1093 47 8
1091 1094 30 7
1091 1098 22 1
1091 1099 29 9
1091 1186 8 6
1092 1093 2 2
1092 1094 15 4
1092 1100 33 6
1092 1101 13 6
1092 1102 28 4
1092 1186 50 7
1093 1094 39 2
1093 1103 38 8
1093 1104 22 1
1093 1105 16 6
1093 1106 28 10
1093 1107 27 9
1093 1116 24 6
1094 1108 41 3
1094 1109 44 2
1094 1110 44 7
1094 1111 22 5
1094 1112 29 7
1094 1113 11 10
1094 1114 35 7
1094 1171 20 7
1115 1116 13 8
1115 1117 44 8
1115 1118 40 6
1115 1119 2 8
1115 1120 20 4
1115 1121 22 2
1115 1122 1 7
1115 1123 46 4
1115 1124 37 7
1115 1125 26 10
1115 1185 11 1
1116 1117 45 9
1116 1118 15 1
1116 1119 12 6
1116 1120 30 3
1116 1121 23 3
1116 1126 8 9
1117 1118 6 7
1117 1119 19 5
1117 1120 17 8
1117 1121 32 3
1117 1127 33 5
1117 1128 35 5
1117 1129 16 4
1117 1130 3 5
1117 1131 31 2
1117 1132 39 3
1118 1119 4 1
1118 1120 39 2
1118 1121 48 2
1118 1133 24 10
1118 1134 1 5
1118 1135 36 4
1118 1150 13 9
1119 1120 32 1
1119 1121 41 2
1119 1136 3 5
1119 1137 41 2
1119 1138 17 8
1119 1139 23 6
1119 1153 2 10
1119 1171 24 2
1120 1121 31 7
1120 1140 4 1
1120 1141 16 8
1120 1142 11 5
1120 1143 6 5
1120 1144 23 4
1120 1186 4 6
1121 1145 31 5
1121 1146 20 3
1121 1147 45 5
1121 1148 42 2
1121 1149 7 10
1121 1171 26 9
1150 1151 6 3
1150 1152 40 3
1150 1153 37 4
1150 1154 49 4
1150 1155 32 5
1150 1156 6 4
1150 1157 43 3
1150 1158 3 7
1151 1152 11 5
1151 1153 43 7
1151 1159 14 6
1151 1160 38 4
1151 1161 2 2
1151 1162 23 2
1151 1163 41 8
1151 1164 43 5
1151 1165 38 4
1151 1166 5 7
1151 1170 33 8
1151 1187 4 6
1152 1153 26 2
1152 1167 49 4
1152 1168 35 8
1152 1185 2 7
1153 1169 33 2
1153 1172 3 8
1170 1171 6 3
1170 1172 33 6
1170 1173 17 3
1170 1174 39 10
1170 1175 2 10
1170 1176 10 8
1171 1172 37 5
1171 1177 50 1
1171 1178 39 6
1171 1179 10 10
1171 1180 42 1
1171 1181 11 9
1171 1182 34 5
1171 1183 9 7
1171 1187 50 2
1172 1184 36 2
1172 1187 26 6
1185 1186 35 4
1185 1187 48 7
1185 1188 43 7
1185 1189 5 1
1185 1190 45 1
1185 1191 41 2
1186 1187 47 4
1186 1192 24 5
1186 1193 50 3
1186 1194 44 6
1186 1195 34 8
1186 1196 7 2
1187 1197 24 2
1187 1198 26 4
1187 1199 39 8

0 1038 10
1 621 14
2 315 8
3 339 20
4 834 13
5 733 24
6 683 17
7 738 3
8 189 10
9 169 8
10 560 3
11 163 29
12 78 20
13 547 8
14 410 18
15 28 7
16 155 13
17 1198 18
18 705 1
19 83 19
20 167 2
21 501 1
22 763 28
23 1087 24
24 818 16
25 255 2
26 480 12
27 923 29
28 62 23
29 141 4
30 474 26
31 484 4
32 29 24
33 1138 11
34 691 11
35 1147 27
36 1075 8
37 143 14
38 252 15
39 1066 8
40 290 19
41 256 15
42 907 6
43 376 12
44 688 16
45 372 8
46 217 9
47 1020 3
48 1133 12
49 708 4
50 680 4
51 1129 9
52 158 30
53 1036 10
54 830 12
55 1062 33
56 977 1
57 1061 3
58 258 28
59 542 13
60 869 4
61 1161 1
62 386 9
63 388 6
64 744 28
65 850 33
66 727 7
67 630 9
68 719 5
69 909 2
70 457 9
71 942 20
72 707 32
73 564 13
74 546 13
75 400 7
76 569 26
77 499 21
78 831 20
79 425 4
80 614 2
81 701 5
82 663 1
83 153 10
84 1071 6
85 648 5
86 97 13
87 1049 11
88 827 8
89 755 4
90 349 9
91 1178 13
92 677 5
93 11 19
94 1155 14
95 353 7
96 904 11
97 361 15
98 847 18
99 646 22
100 623 5
101 826 21
102 1040 9
103 562 12
104 1077 3
105 748 5
106 652 2
107 442 4
108 12 16
109 712 8
110 975 23
111 494 37
112 1096 27
113 711 18
114 784 15
115 239 17
116 921 3
117 853 5
118 772 16
119 80 11
120 207 15
121 1070 22
122 548 12
123 1173 5
124 260 9
125 1052 14
126 291 19
127 896 19
128 379 3
129 165 7
130 550 4
131 172 18
132 135 7
133 517 4
134 156 23
135 901 25
136 166 16
137 24 2
138 288 5
139 335 12
140 31 19
141 828 23
142 120 1
143 147 21
144 374 18
145 1137 26
146 769 21
147 865 20
148 373 25
149 544 19
150 1050 19
151 584 9
152 309 10
153 443 4
154 316 10
155 170 1
156 123 1
157 323 7
158 439 8
159 206 16
160 449 17
161 1048 22
162 301 17
163 624 2
164 487 26
165 819 7
166 257 8
167 502 4
168 968 18
169 1184 25
170 527 15
171 854 6
172 460 10
173 856 8
174 111 19
175 689 6
176 934 7
177 926 11
178 946 8
179 405 11
180 384 8
181 343 7
182 900 2
183 709 7
184 58 3
185 146 15
186 877 7
187 587 8
188 68 6
189 391 14
190 534 7
191 647 11
192 932 25
193 1065 2
194 221 9
195 925 11
196 140 24
197 1149 4
198 313 23
199 19 28
200 693 9
201 979 11
202 272 11
203 1051 4
204 895 22
205 561 8
206 1010 7
207 716 2
208 452 15
209 148 11
210 282 10
211 40 26
212 137 9
213 935 18
214 1102 14
215 1043 5
216 607 24
217 890 7
218 551 9
219 715 3
220 1157 26
221 674 20
222 616 8
223 1164 22
224 918 25
225 336 25
226 553 8
227 389 5
228 1146 10
229 402 34
230 102 6
231 89 4
232 1029 13
233 675 25
234 867 23
235 298 21
236 70 13
237 960 2
238 583 17
239 718 20
240 860 13
241 346 7
242 886 3
243 971 12
244 868 22
245 287 21
246 90 1
247 1042 8
248 1136 2
249 216 1
250 793 2
251 1194 25
252 678 18
253 98 8
254 79 11
255 368 3
256 432 27
257 838 8
258 1044 12
259 67 4
260 636 4
261 59 1
262 999 2
263 378 23
264 539 11
265 681 18
266 520 8
267 987 15
268 1109 23
269 558 12
270 789 24
271 69 34
272 338 8
273 363 15
274 1084 23
275 894 20
276 312 1
277 736 26
278 589 16
279 92 4
280 902 22
281 922 18
282 456 19
283 25 8
284 101 26
285 586 9
286 20 10
287 299 6
288 441 14
289 967 2
290 354 11
291 490 3
292 41 5
293 645 10
294 898 11
295 482 6
296 659 7
297 1027 9
298 639 13
299 9 11
300 1107 7
301 743 12
302 21 8
303 84 7
304 145 19
305 404 5
306 198 29
307 365 4
308 997 4
309 1007 8
310 271 14
311 657 13
312 434 2
313 600 1
314 649 18
315 209 3
316 798 12
317 1191 12
318 208 17
319 318 1
320 618 7
321 266 31
322 476 10
323 236 30
324 861 19
325 1028 2
326 807 19
327 99 10
328 82 2
329 1143 4
330 888 8
331 924 3
332 1154 23
333 199 7
334 582 2
335 1053 19
336 95 3
337 430 2
338 1006 18
339 1197 9
340 692 21
341 204 9
342 71 15
343 1045 13
344 268 4
345 511 13
346 117 13
347 687 10
348 899 12
349 788 18
350 795 15
351 940 2
352 81 13
353 938 2
354 215 18
355 1060 11
356 1026 26
357 742 16
358 1101 9
359 161 13
360 483 12
361 994 13
362 972 22
363 741 19
364 897 17
365 1104 10
366 1046 19
367 433 7
368 512 8
369 684 1
370 60 25
371 7 27
372 195 29
373 672 18
374 943 2
375 1105 4
376 874 27
377 253 12
378 1025 3
379 903 16
380 232 4
381 988 12
382 889 11
383 154 5
384 969 5
385 74 15
386 622 7
387 270 2
388 304 3
389 832 24
390 1014 6
391 633 24
392 426 17
393 364 11
394 1167 15
395 503 9
396 168 14
397 713 18
398 303 18
399 592 9
400 1012 23
401 103 22
402 44 21
403 833 12
404 284 1
405 936 12
406 289 8
407 700 3
408 251 19
409 454 9
410 862 11
411 387 19
412 813 19
413 673 31
414 274 7
415 1047 1
416 440 13
417 115 3
418 821 8
419 768 5
420 1099 7
421 340 24
422 294 13
423 1188 23
424 825 13
425 1073 8
426 533 16
427 76 7
428 183 12
429 273 6
430 113 6
431 1174 25
432 991 16
433 305 16
434 1169 19
435 1140 3
436 94 6
437 1193 23
438 571 11
439 848 17
440 201 11
441 962 19
442 816 1
443 10 12
444 93 14
445 1183 6
446 230 1
447 492 11
448 664 2
449 985 11
450 506 19
451 654 19
452 32 33
453 453 14
454 22 7
455 138 16
456 327 1
457 1125 18
458 1144 8
459 945 16
460 477 22
461 424 7
462 455 8
463 983 6
464 1098 15
465 390 19
466 859 20
467 240 10
468 992 5
469 475 24
470 1072 8
471 219 23
472 420 25
473 944 9
474 61 4
475 182 22
476 464 22
477 377 24
478 599 14
479 184 16
