1200 4763 480

0 25 200
1 50 500
2 100 1200
3 150 2800
4 200 4500
5 250 7000

0 1500
1 1500
2 1000
3 1500
4 1000
5 2000
6 2000
7 2000
8 1000
9 2000
10 1000
11 500
12 500
13 500
14 500
15 1000
16 2000
17 2000
18 2000
19 2000
20 1500
21 1500
22 1500
23 1000
24 1000
25 2000
26 2000
27 2000
28 1000
29 2000
30 2000
31 1000
32 2000
33 1000
34 2000
35 1500
36 2000
37 2000
38 2000
39 1000
40 1500
41 1500
42 1000
43 2000
44 2000
45 1000
46 1000
47 1000
48 2000
49 2000
50 1500
51 1000
52 2000
53 2000
54 2000
55 1500
56 1500
57 1500
58 1500
59 1500
60 1500
61 2000
62 1000
63 2000
64 2000
65 1000
66 1000
67 2000
68 1000
69 1000
70 2000
71 1000
72 1000
73 2000
74 2000
75 2000
76 1000
77 2000
78 1000
79 2000
80 2000
81 1000
82 2000
83 2000
84 2000
85 1500
86 1500
87 1500
88 1500
89 1500
90 1500
91 1000
92 2000
93 1000
94 1000
95 2000
96 1000
97 2000
98 2000
99 1000
100 2000
101 2000
102 2000
103 2000
104 1000
105 2000
106 1000
107 1000
108 1000
109 1000
110 2000
111 1000
112 2000
113 1000
114 2000
115 1000
116 1500
117 1500
118 1000
119 1500
120 500
121 500
122 1000
123 2000
124 2000
125 1000
126 2000
127 1000
128 1000
129 1000
130 500
131 500
132 500
133 1000
134 1000
135 2000
136 1000
137 1000
138 2000
139 1000
140 1000
141 1500
142 500
143 500
144 2000
145 1000
146 1000
147 2000
148 1000
149 2000
150 1500
151 1500
152 1500
153 1500
154 2000
155 1000
156 2000
157 2000
158 1000
159 1000
160 2000
161 1000
162 1000
163 1000
164 2000
165 1000
166 2000
167 2000
168 2000
169 2000
170 1500
171 1500
172 1500
173 2000
174 2000
175 1000
176 2000
177 2000
178 2000
179 1000
180 2000
181 1000
182 1000
183 1000
184 1000
185 1500
186 1500
187 1500
188 1500
189 1000
190 2000
191 1000
192 2000
193 2000
194 1000
195 2000
196 2000
197 1000
198 2000
199 1000
200 1000
201 1000
202 1000
203 2000
204 2000
205 1500
206 1500
207 1000
208 1500
209 1000
210 1000
211 1000
212 2000
213 2000
214 1000
215 2000
216 1000
217 2000
218 1000
219 500
220 500
221 1000
222 1000
223 2000
224 2000
225 1000
226 1500
227 500
228 500
229 2000
230 1000
231 1000
232 1000
233 2000
234 2000
235 1000
236 1500
237 1500
238 1500
239 1500
240 500
241 2000
242 1000
243 1000
244 2000
245 1000
246 1000
247 2000
248 2000
249 2000
250 2000
251 2000
252 2000
253 2000
254 1000
255 2000
256 1000
257 1000
258 2000
259 2000
260 1500
261 1000
262 2000
263 1000
264 2000
265 1500
266 1500
267 1000
268 1500
269 1500
270 1500
271 1500
272 1500
273 2000
274 1000
275 2000
276 2000
277 1000
278 1000
279 2000
280 2000
281 500
282 500
283 2000
284 1000
285 2000
286 1000
287 2000
288 2000
289 1000
290 1000
291 2000
292 1000
293 2000
294 2000
295 2000
296 1000
297 2000
298 2000
299 1000
300 2000
301 1000
302 1000
303 2000
304 1000
305 1500
306 1500
307 1500
308 1500
309 1500
310 1500
311 1000
312 2000
313 2000
314 1000
315 1000
316 1000
317 2000
318 1000
319 2000
320 2000
321 1000
322 2000
323 2000
324 1000
325 2000
326 2000
327 2000
328 2000
329 2000
330 1000
331 1000
332 1000
333 2000
334 2000
335 1500
336 1500
337 1500
338 1000
339 2000
340 1000
341 2000
342 2000
343 2000
344 1000
345 2000
346 2000
347 2000
348 2000
349 2000
350 1500
351 1500
352 1500
353 1500
354 1000
355 1000
356 2000
357 1000
358 1000
359 1000
360 2000
361 1000
362 1000
363 2000
364 2000
365 1000
366 1000
367 2000
368 1000
369 2000
370 1500
371 1500
372 1500
373 2000
374 1000
375 1000
376 2000
377 1000
378 1000
379 2000
380 1000
381 2000
382 1000
383 2000
384 1000
385 1500
386 1500
387 1500
388 1500
389 1500
390 1000
391 1000
392 1000
393 2000
394 2000
395 1000
396 1000
397 2000
398 2000
399 2000
400 1000
401 2000
402 1000
403 2000
404 2000
405 1000
406 2000
407 1000
408 1000
409 2000
410 1000
411 1000
412 500
413 500
414 500
415 1500
416 1500
417 1500
418 1500
419 1500
420 1000
421 1000
422 2000
423 2000
424 1000
425 2000
426 2000
427 2000
428 1000
429 1000
430 2000
431 2000
432 1000
433 1000
434 2000
435 2000
436 2000
437 1000
438 2000
439 2000
440 1500
441 1500
442 1000
443 2000
444 1000
445 2000
446 1000
447 1000
448 2000
449 1000
450 1500
451 1500
452 2000
453 1000
454 2000
455 1000
456 2000
457 1000
458 2000
459 2000
460 1000
461 1500
462 1500
463 1500
464 1500
465 500
466 500
467 500
468 2000
469 1000
470 1000
471 2000
472 1000
473 2000
474 2000
475 1000
476 2000
477 1000
478 1000
479 2000
480 2000
481 2000
482 1000
483 1000
484 2000
485 1500
486 1500
487 1500
488 1000
489 2000
490 2000
491 2000
492 1000
493 1000
494 1000
495 2000
496 2000
497 1000
498 2000
499 2000
500 1500
501 1500
502 1000
503 1500
504 1500
505 1000
506 1000
507 1000
508 2000
509 1000
510 1000
511 2000
512 1000
513 1000
514 2000
515 1000
516 2000
517 500
518 500
519 2000
520 1000
521 2000
522 2000
523 2000
524 1000
525 1000
526 1500
527 1000
528 1500
529 1000
530 500
531 500
532 500
533 500
534 500
535 1000
536 1000
537 1000
538 1000
539 2000
540 500
541 1000
542 1000
543 2000
544 2000
545 1000
546 1000
547 500
548 500
549 500
550 1000
551 1500
552 1500
553 1500
554 500
555 1000
556 1000
557 1000
558 2000
559 1000
560 2000
561 2000
562 1000
563 2000
564 2000
565 2000
566 2000
567 2000
568 2000
569 2000
570 1500
571 2000
572 1000
573 2000
574 2000
575 1500
576 1500
577 1500
578 2000
579 1000
580 1000
581 2000
582 2000
583 1000
584 1000
585 1000
586 1000
587 2000
588 2000
589 1000
590 1500
591 1000
592 1500
593 1500
594 1500
595 1500
596 1500
597 1500
598 1500
599 1500
600 1000
601 2000
602 2000
603 2000
604 500
605 500
606 1000
607 1000
608 2000
609 2000
610 1000
611 2000
612 2000
613 1000
614 2000
615 2000
616 2000
617 1000
618 1000
619 2000
620 1000
621 1000
622 2000
623 1000
624 1000
625 2000
626 1000
627 1000
628 2000
629 2000
630 1000
631 2000
632 2000
633 1000
634 1000
635 2000
636 1000
637 2000
638 1000
639 2000
640 1500
641 1500
642 1500
643 1500
644 2000
645 2000
646 1000
647 1000
648 2000
649 2000
650 1000
651 2000
652 2000
653 1000
654 1000
655 2000
656 2000
657 2000
658 2000
659 2000
660 1500
661 1500
662 1500
663 2000
664 1000
665 1000
666 1000
667 2000
668 1000
669 1000
670 1000
671 2000
672 1000
673 1000
674 2000
675 1500
676 1500
677 2000
678 1000
679 2000
680 2000
681 2000
682 2000
683 1000
684 1000
685 1500
686 1500
687 1500
688 1500
689 1500
690 1500
691 2000
692 1000
693 1000
694 1000
695 2000
696 2000
697 2000
698 2000
699 2000
700 2000
701 2000
702 1000
703 2000
704 2000
705 1000
706 2000
707 2000
708 1000
709 2000
710 2000
711 2000
712 1000
713 2000
714 2000
715 1500
716 1000
717 1000
718 2000
719 1000
720 1500
721 1500
722 2000
723 2000
724 2000
725 2000
726 2000
727 1000
728 2000
729 2000
730 1500
731 1500
732 1500
733 1500
734 2000
735 2000
736 2000
737 1000
738 1000
739 1000
740 2000
741 1000
742 1000
743 1000
744 1000
745 2000
746 1000
747 1000
748 2000
749 2000
750 1500
751 1500
752 1500
753 1000
754 1500
755 1500
756 1500
757 1500
758 1000
759 1000
760 2000
761 1000
762 1000
763 1000
764 2000
765 2000
766 2000
767 1000
768 2000
769 2000
770 1000
771 500
772 500
773 1000
774 2000
775 1000
776 1000
777 1000
778 1000
779 2000
780 1000
781 2000
782 2000
783 2000
784 2000
785 2000
786 1000
787 2000
788 1000
789 2000
790 1500
791 1500
792 1000
793 1500
794 1500
795 1000
796 1500
797 1000
798 1000
799 1000
800 2000
801 2000
802 2000
803 1000
804 2000
805 2000
806 1000
807 2000
808 2000
809 500
810 2000
811 1000
812 2000
813 2000
814 2000
815 1000
816 2000
817 1000
818 1000
819 1000
820 2000
821 500
822 500
823 2000
824 1000
825 1500
826 1500
827 2000
828 2000
829 2000
830 2000
831 1000
832 2000
833 1000
834 2000
835 1000
836 1500
837 1000
838 1500
839 1500
840 1500
841 1500
842 1500
843 500
844 500
845 500
846 2000
847 2000
848 1000
849 1000
850 500
851 500
852 1000
853 2000
854 2000
855 1000
856 2000
857 2000
858 2000
859 2000
860 2000
861 1000
862 2000
863 1000
864 1000
865 1000
866 2000
867 2000
868 1000
869 1000
870 2000
871 1000
872 1000
873 2000
874 1000
875 1000
876 1000
877 1500
878 1500
879 500
880 500
881 500
882 500
883 500
884 500
885 500
886 2000
887 2000
888 2000
889 2000
890 2000
891 2000
892 2000
893 2000
894 1000
895 1500
896 1500
897 1500
898 1500
899 1500
900 1500
901 2000
902 2000
903 2000
904 2000
905 2000
906 1000
907 1000
908 1000
909 1000
910 1000
911 1000
912 2000
913 2000
914 1000
915 2000
916 1000
917 1000
918 2000
919 1000
920 1000
921 1000
922 2000
923 1000
924 2000
925 1500
926 1500
927 1500
928 1500
929 1500
930 1000
931 1500
932 1500
933 1000
934 2000
935 2000
936 1000
937 1000
938 2000
939 2000
940 2000
941 1000
942 1000
943 1000
944 2000
945 2000
946 2000
947 2000
948 2000
949 2000
950 1000
951 2000
952 2000
953 1000
954 1000
955 2000
956 2000
957 500
958 1000
959 2000
960 1000
961 1000
962 1000
963 1000
964 2000
965 1500
966 1500
967 1500
968 1500
969 1000
970 1500
971 2000
972 2000
973 1000
974 2000
975 2000
976 2000
977 2000
978 1000
979 1000
980 1000
981 1000
982 1000
983 2000
984 2000
985 2000
986 2000
987 1000
988 1000
989 500
990 2000
991 1000
992 2000
993 1000
994 2000
995 1500
996 1500
997 1500
998 1000
999 1000
1000 2000
1001 1000
1002 1000
1003 1000
1004 1000
1005 2000
1006 1000
1007 1000
1008 1000
1009 2000
1010 1000
1011 1500
1012 500
1013 2000
1014 2000
1015 1000
1016 1000
1017 1000
1018 1000
1019 2000
1020 1500
1021 1500
1022 1500
1023 1500
1024 1500
1025 2000
1026 1000
1027 2000
1028 2000
1029 2000
1030 1000
1031 2000
1032 1000
1033 2000
1034 1000
1035 2000
1036 1000
1037 1000
1038 1000
1039 2000
1040 1000
1041 2000
1042 2000
1043 2000
1044 2000
1045 1500
1046 1500
1047 1500
1048 1500
1049 2000
1050 1000
1051 1000
1052 1000
1053 2000
1054 2000
1055 2000
1056 1000
1057 1000
1058 1000
1059 2000
1060 2000
1061 2000
1062 2000
1063 2000
1064 2000
1065 1500
1066 1500
1067 1500
1068 1500
1069 1500
1070 1000
1071 1000
1072 1000
1073 2000
1074 1000
1075 1000
1076 2000
1077 1000
1078 2000
1079 1000
1080 1000
1081 2000
1082 2000
1083 1000
1084 2000
1085 1000
1086 1000
1087 1000
1088 2000
1089 2000
1090 1500
1091 1500
1092 1000
1093 1000
1094 1000
1095 1000
1096 2000
1097 2000
1098 1000
1099 2000
1100 1000
1101 2000
1102 2000
1103 2000
1104 500
1105 1500
1106 1500
1107 1500
1108 1000
1109 2000
1110 1000
1111 2000
1112 1000
1113 2000
1114 1000
1115 2000
1116 2000
1117 2000
1118 1000
1119 2000
1120 1000
1121 1500
1122 1500
1123 500
1124 500
1125 500
1126 500
1127 1000
1128 1000
1129 2000
1130 2000
1131 1000
1132 1000
1133 2000
1134 2000
1135 1500
1136 1500
1137 1000
1138 1500
1139 1000
1140 1500
1141 1500
1142 1000
1143 1000
1144 2000
1145 2000
1146 2000
1147 2000
1148 1000
1149 2000
1150 1000
1151 1000
1152 2000
1153 2000
1154 2000
1155 500
1156 500
1157 2000
1158 500
1159 500
1160 1000
1161 2000
1162 1000
1163 1000
1164 1000
1165 2000
1166 2000
1167 1000
1168 1000
1169 2000
1170 1500
1171 1500
1172 1500
1173 1000
1174 2000
1175 2000
1176 1000
1177 2000
1178 2000
1179 2000
1180 2000
1181 1000
1182 2000
1183 1000
1184 2000
1185 1500
1186 1500
1187 1000
1188 2000
1189 2000
1190 2000
1191 1000
1192 1000
1193 1000
1194 2000
1195 1500
1196 2000
1197 1000
1198 1000
1199 1000

0 1 5 7
0 2 29 9
0 3 34 3
0 4 35 3
0 5 26 3
0 6 44 2
0 7 22 9
0 8 14 10
0 21 25 7
0 40 27 1
0 57 24 1
0 59 49 2
0 140 30 2
0 237 9 1
0 260 30 7
0 309 3 1
0 336 21 3
0 371 42 7
0 386 33 3
0 389 27 8
0 419 6 9
0 440 46 6
0 451 25 3
0 462 35 7
0 486 22 3
0 576 42 4
0 643 28 9
0 661 9 9
0 676 7 5
0 721 14 5
0 878 10 3
0 900 4 2
0 926 13 8
0 995 15 2
0 1010 44 5
0 1020 29 5
0 1045 38 9
0 1122 44 8
0 1195 2 10
1 2 11 9
1 3 30 5
1 9 41 3
1 10 33 8
1 20 50 2
1 35 43 6
1 85 43 10
1 86 45 6
1 152 46 1
1 171 39 4
1 207 20 6
1 225 6 5
1 260 2 3
1 265 32 10
1 272 22 4
1 309 38 6
1 337 11 1
1 418 23 6
1 441 14 4
1 485 37 2
1 504 6 10
1 570 36 9
1 576 3 6
1 590 50 10
1 597 18 9
1 643 7 1
1 675 1 9
1 685 15 8
1 731 3 8
1 732 47 7
1 756 42 9
1 796 40 8
1 825 29 10
1 835 25 2
1 836 44 6
1 1066 2 2
1 1067 4 9
1 1090 25 6
1 1107 19 5
1 1139 2 5
1 1172 19 1
1 1186 31 9
1 1195 50 4
2 3 6 3
2 11 5 7
2 12 28 3
2 13 13 2
2 14 9 2
2 35 22 7
2 50 40 10
2 140 45 7
2 188 32 2
2 206 31 6
2 226 35 5
2 350 4 10
2 461 40 7
2 525 25 5
2 550 29 8
2 661 38 4
2 751 28 5
2 878 17 1
2 997 31 9
2 1106 33 2
2 1185 37 5
3 15 7 5
3 16 50 10
3 17 14 6
3 18 14 1
3 19 38 8
3 40 5 7
3 116 2 8
3 119 13 8
3 152 38 5
3 172 36 10
3 186 35 4
3 237 41 1
3 352 26 4
3 371 33 8
3 450 20 3
3 500 29 4
3 529 12 5
3 553 29 6
3 570 33 1
3 690 36 5
3 715 9 1
3 720 30 7
3 796 2 8
3 826 27 5
3 898 46 8
3 930 6 9
3 970 10 5
3 1024 34 5
3 1091 47 4
3 1120 20 3
3 1141 49 6
3 1171 13 1
20 21 4 1
20 22 5 10
20 23 20 1
20 24 37 7
20 25 8 1
20 35 49 4
20 40 9 10
20 87 45 6
20 115 24 5
20 170 7 6
20 185 11 9
20 238 30 8
20 260 35 7
20 267 33 1
20 271 45 5
20 336 36 4
20 352 32 8
20 389 26 9
20 419 32 6
20 441 45 4
20 450 27 8
20 451 5 3
20 460 2 7
20 504 4 8
20 570 35 7
20 594 18 6
20 661 17 9
20 675 35 3
20 676 33 1
20 686 22 8
20 687 28 3
20 721 1 3
20 750 33 1
20 793 15 8
20 826 15 7
20 837 18 1
20 841 12 2
20 925 8 3
20 965 44 3
20 967 27 4
20 997 43 9
20 1010 44 1
20 1024 24 10
20 1048 43 5
20 1066 36 9
20 1068 20 4
20 1091 29 10
20 1106 12 1
20 1121 9 2
20 1137 49 3
20 1185 43 10
20 1195 33 6
21 22 24 9
21 26 6 10
21 27 14 6
21 28 38 8
21 41 34 9
21 50 37 6
21 59 7 3
21 88 3 6
21 118 47 8
21 151 27 3
21 153 13 5
21 188 31 8
21 239 33 5
21 305 29 2
21 307 32 2
21 385 2 8
21 460 29 5
21 500 5 9
21 550 3 1
21 553 34 4
21 570 25 1
21 575 8 10
21 577 47 8
21 594 15 6
21 641 50 8
21 660 42 1
21 715 25 4
21 720 8 9
21 733 33 2
21 877 40 7
21 878 12 2
21 898 9 7
21 927 10 1
21 1171 42 2
22 29 15 1
22 30 15 1
22 31 31 6
22 32 12 10
22 33 24 7
22 34 9 8
22 35 20 4
22 50 23 2
22 55 40 7
22 141 15 9
22 171 16 6
22 205 45 9
22 208 8 3
22 225 28 5
22 226 3 8
22 260 43 7
22 336 9 9
22 352 45 2
22 370 26 6
22 371 36 8
22 417 50 1
22 440 40 5
22 485 6 4
22 487 15 10
22 525 39 1
22 526 25 4
22 640 29 8
22 733 34 8
22 757 27 4
22 795 4 8
22 825 5 4
22 898 12 4
22 995 31 2
22 1022 10 6
22 1046 32 4
22 1090 7 10
22 1105 2 6
22 1122 29 6
22 1141 9 2
22 1172 49 2
22 1185 15 8
22 1195 16 6
35 36 31 7
35 37 42 3
35 38 31 2
35 39 47 5
35 41 3 10
35 50 50 9
35 58 13 3
35 59 9 9
35 89 23 1
35 115 24 10
35 116 34 8
35 140 5 1
35 141 18 2
35 150 31 2
35 151 6 1
35 170 31 6
35 186 24 9
35 206 39 7
35 208 9 2
35 225 42 10
35 238 19 2
35 239 24 3
35 260 13 3
35 268 28 2
35 269 45 4
35 309 22 6
35 310 38 3
35 335 9 9
35 350 34 9
35 370 30 6
35 371 33 8
35 385 3 7
35 390 12 2
35 415 4 4
35 417 29 1
35 440 37 1
35 441 27 6
35 450 20 8
35 451 47 1
35 462 41 5
35 464 38 8
35 485 15 4
35 486 48 8
35 502 2 9
35 503 1 7
35 525 27 8
35 528 6 9
35 552 41 2
35 570 48 1
35 576 10 9
35 577 11 10
35 593 3 1
35 595 13 10
35 640 32 8
35 643 31 8
35 660 35 1
35 661 6 6
35 675 35 4
35 685 25 5
35 688 22 9
35 715 13 8
35 721 41 7
35 732 11 6
35 733 10 1
35 751 24 8
35 756 7 10
35 793 7 7
35 795 12 7
35 825 24 2
35 826 34 7
35 837 1 10
35 842 11 6
35 877 23 7
35 878 3 9
35 896 42 6
35 897 12 4
35 925 37 4
35 928 13 9
35 968 1 8
35 969 33 7
35 995 9 10
35 997 33 7
35 1011 43 6
35 1022 32 8
35 1024 18 9
35 1045 36 9
35 1047 4 2
35 1068 26 7
35 1091 38 3
35 1092 38 2
35 1107 19 5
35 1120 40 5
35 1121 49 4
35 1135 35 10
35 1141 39 7
35 1171 11 1
35 1185 39 10
35 1195 41 2
40 41 45 2
40 42 27 10
40 43 16 8
40 44 24 6
40 45 2 3
40 50 3 4
40 59 19 7
40 87 50 1
40 115 19 10
40 187 50 6
40 208 43 4
40 260 11 10
40 308 33 2
40 336 35 1
40 351 23 9
40 353 17 10
40 370 33 2
40 385 10 5
40 389 35 8
40 416 31 3
40 440 37 6
40 450 31 8
40 451 17 7
40 487 21 5
40 502 19 8
40 526 16 5
40 551 30 6
40 577 43 3
40 643 34 5
40 660 25 4
40 662 36 4
40 690 30 10
40 715 42 10
40 730 44 8
40 731 34 2
40 752 15 10
40 791 39 4
40 825 29 10
40 839 21 4
40 897 38 8
40 899 2 7
40 932 12 10
40 995 13 9
40 997 47 5
40 1045 50 1
40 1047 47 1
40 1067 37 2
40 1090 26 9
40 1106 27 4
40 1107 48 1
40 1120 7 9
40 1122 34 7
40 1135 37 5
40 1136 46 6
40 1185 50 6
40 1186 41 6
40 1195 46 7
41 46 46 10
41 47 41 1
41 48 1 9
41 49 1 7
41 56 50 3
41 86 23 6
41 117 14 8
41 140 36 10
41 141 45 5
41 150 36 8
41 170 1 1
41 172 48 4
41 186 31 3
41 225 29 6
41 226 50 7
41 237 25 8
41 239 10 1
41 260 27 5
41 267 20 7
41 270 16 9
41 309 27 3
41 337 39 4
41 372 25 10
41 418 31 2
41 440 48 2
41 460 19 1
41 464 6 3
41 485 28 1
41 504 31 2
41 527 38 9
41 550 34 7
41 570 32 3
41 591 26 6
41 598 44 3
41 640 27 5
41 676 24 2
41 715 19 7
41 721 19 1
41 753 32 2
41 795 6 9
41 826 12 1
41 842 43 1
41 877 32 6
41 878 43 3
41 925 41 7
41 968 29 3
41 969 32 7
41 1010 39 9
41 1011 22 3
41 1021 30 10
41 1024 45 7
41 1067 32 2
41 1092 5 7
41 1171 4 6
41 1172 26 10
41 1195 36 10
50 51 50 10
50 52 32 7
50 53 32 4
50 54 48 7
50 58 36 3
50 60 40 1
50 86 50 2
50 90 11 1
50 117 7 10
50 118 46 5
50 140 18 2
50 141 25 9
50 152 39 4
50 171 31 4
50 186 30 7
50 188 38 3
50 206 25 3
50 225 12 4
50 226 11 6
50 235 26 9
50 237 18 4
50 260 17 8
50 265 48 8
50 270 24 5
50 306 45 3
50 310 34 10
50 336 23 7
50 337 45 4
50 351 27 10
50 353 35 10
50 370 11 1
50 386 16 2
50 387 30 2
50 416 39 5
50 418 20 10
50 441 29 8
50 451 7 1
50 461 43 7
50 462 48 1
50 486 6 1
50 487 2 2
50 500 12 2
50 502 40 7
50 526 42 6
50 528 41 3
50 551 20 8
50 553 8 8
50 570 49 7
50 575 19 10
50 576 31 3
50 593 49 7
50 596 16 3
50 641 35 4
50 642 50 6
50 660 41 4
50 661 22 2
50 675 46 7
50 676 47 5
50 686 49 7
50 689 10 7
50 715 11 10
50 720 29 8
50 721 13 9
50 732 25 1
50 750 39 10
50 756 27 5
50 790 28 7
50 795 1 3
50 825 27 6
50 826 21 2
50 835 40 6
50 836 3 5
50 876 4 2
50 878 48 2
50 895 3 2
50 897 45 3
50 925 21 5
50 931 2 5
50 967 3 5
50 969 38 6
50 996 14 8
50 1010 40 6
50 1020 10 4
50 1023 9 5
50 1045 37 7
50 1047 36 6
50 1067 49 8
50 1068 30 3
50 1091 25 7
50 1092 44 4
50 1106 31 10
50 1107 39 9
50 1121 27 4
50 1136 25 4
50 1138 47 1
50 1170 14 10
50 1172 2 6
50 1185 33 9
50 1186 2 3
50 1195 41 5
55 56 23 8
55 57 30 10
55 58 38 7
55 59 13 4
55 60 17 9
55 61 6 10
55 62 19 1
55 63 4 6
55 64 33 3
55 65 10 9
55 150 23 3
55 172 3 3
55 265 7 8
55 269 29 8
55 372 29 4
55 463 42 3
55 485 3 6
55 500 41 8
55 675 41 3
55 689 8 2
55 721 22 4
55 753 46 3
55 930 36 4
55 969 6 3
55 1022 32 4
55 1091 42 2
55 1139 3 5
55 1185 43 3
56 57 18 3
56 58 31 1
56 59 24 7
56 60 26 9
56 66 27 1
56 67 21 9
56 68 3 10
56 69 28 2
56 70 38 9
56 71 46 5
56 72 10 5
56 89 35 1
56 90 12 8
56 226 37 2
56 260 32 3
56 419 17 10
56 487 47 7
56 529 8 2
56 661 34 4
56 715 31 8
56 731 39 3
56 752 27 2
56 836 5 10
56 876 9 10
56 1046 24 2
56 1106 40 5
56 1122 35 6
56 1195 39 2
57 58 5 1
57 59 9 5
57 60 29 7
57 73 18 1
57 74 15 4
57 75 22 5
57 152 34 2
57 188 26 3
57 237 34 9
57 385 5 7
57 463 30 8
57 570 44 8
57 576 32 8
57 591 46 5
57 838 34 7
57 966 41 10
57 1011 27 5
57 1092 49 3
57 1121 23 2
57 1140 11 4
57 1185 20 2
58 59 27 7
58 60 40 3
58 76 24 6
58 77 36 8
58 78 31 9
58 116 3 7
58 172 15 4
58 226 36 9
58 239 48 5
58 308 35 7
58 336 7 8
58 440 12 4
58 450 34 9
58 642 19 6
58 660 10 4
58 676 34 5
58 715 5 8
58 720 18 4
58 878 37 6
58 1067 2 6
58 1069 36 6
58 1170 25 5
59 60 1 10
59 79 27 10
59 80 40 9
59 260 21 1
59 310 8 4
59 370 43 5
59 416 41 6
59 440 22 4
59 504 3 7
59 550 4 7
59 577 32 7
59 642 25 3
59 732 31 10
59 794 48 10
59 826 40 4
59 900 46 8
59 996 14 10
59 1010 23 1
59 1020 14 4
60 81 43 8
60 82 18 10
60 83 39 6
60 84 22 7
60 115 6 2
60 140 11 3
60 141 8 8
60 186 13 10
60 206 45 9
60 336 38 8
60 351 33 4
60 353 49 5
60 386 13 4
60 450 14 4
60 526 50 3
60 551 16 2
60 570 12 9
60 590 32 4
60 686 19 5
60 790 49 8
60 826 21 3
60 895 22 9
60 926 36 5
60 995 44 5
60 1105 18 10
60 1171 18 1
60 1195 15 10
85 86 46 10
85 87 22 6
85 88 19 3
85 89 21 1
85 90 28 1
85 91 7 2
85 92 42 3
85 93 49 7
85 94 40 6
85 95 14 8
85 172 11 7
85 186 22 3
85 260 13 1
85 352 22 2
85 371 12 5
85 451 26 1
85 485 43 6
85 661 16 2
85 826 39 5
85 878 25 9
85 930 13 1
85 969 47 6
85 997 40 7
85 1048 12 5
85 1092 49 1
85 1185 37 2
85 1195 4 3
86 87 16 3
86 88 36 6
86 89 48 2
86 90 41 2
86 96 28 5
86 97 49 4
86 98 17 5
86 226 36 3
86 266 14 3
86 267 44 3
86 335 48 1
86 440 26 8
86 450 30 2
86 715 21 5
86 825 12 6
86 1120 23 9
86 1122 48 7
86 1171 29 8
87 88 48 9
87 89 1 7
87 90 37 9
87 99 36 5
87 100 24 9
87 101 49 7
87 102 43 4
87 103 19 10
87 104 49 5
87 140 11 5
87 153 2 7
87 171 50 4
87 237 16 2
87 486 30 3
87 501 48 3
87 550 34 8
87 570 19 10
87 641 39 1
87 643 4 1
87 840 28 3
87 1024 19 4
87 1065 26 8
87 1138 43 2
88 89 38 2
88 90 3 10
88 105 17 8
88 106 28 1
88 107 35 10
88 108 44 10
88 140 13 5
88 150 22 9
88 207 39 5
88 306 1 3
88 336 1 7
88 350 48 4
88 386 5 2
88 462 36 6
88 525 18 2
88 551 43 5
88 575 43 8
88 676 35 8
88 688 21 8
88 750 32 8
88 755 16 10
88 996 8 3
88 1010 40 8
88 1011 43 3
88 1067 16 1
88 1107 27 5
89 90 17 6
89 109 15 3
89 110 39 2
89 111 7 8
89 115 14 4
89 225 35 9
89 260 44 10
89 307 41 4
89 370 11 6
89 418 1 5
89 440 40 8
89 500 28 10
89 597 14 6
89 661 1 9
89 689 24 1
89 715 29 3
89 720 36 5
89 731 30 8
89 794 30 6
89 878 5 3
89 899 23 3
89 968 17 4
89 1024 48 6
89 1047 33 9
89 1090 35 2
89 1139 14 4
90 112 38 3
90 113 21 4
90 114 26 2
90 116 6 8
90 186 4 1
90 205 48 3
90 239 38 7
90 385 35 4
90 416 47 1
90 464 41 10
90 527 11 9
90 570 2 2
90 591 42 4
90 675 20 8
90 733 44 3
90 790 19 7
90 837 13 2
90 898 12 2
90 926 5 5
90 1170 46 7
90 1186 10 4
90 1195 17 1
115 116 42 4
115 117 43 5
115 118 33 9
115 119 12 10
115 120 42 8
115 121 16 6
115 141 30 2
115 186 17 4
115 226 35 4
115 239 36 9
115 335 1 1
115 389 37 2
115 450 46 8
115 504 39 3
115 662 41 3
115 688 35 5
115 731 48 6
115 753 45 8
115 794 4 7
115 796 41 5
115 875 30 6
115 1045 39 2
115 1091 4 6
115 1170 37 7
116 117 41 4
116 118 20 10
116 119 37 10
116 122 38 6
116 123 21 10
116 124 16 3
116 152 26 6
116 153 36 2
116 188 39 8
116 260 37 6
116 272 22 7
116 309 10 10
116 310 28 10
116 390 33 3
116 418 13 7
116 441 28 1
116 462 23 5
116 526 41 4
116 570 48 1
116 576 7 3
116 687 21 1
116 715 44 6
116 826 6 10
116 840 46 2
116 876 13 9
116 896 11 8
116 899 4 1
116 930 7 10
116 1011 20 10
116 1045 28 9
116 1067 26 1
116 1092 7 9
116 1195 42 2
117 118 45 1
117 119 42 6
117 125 12 5
117 126 14 5
117 127 5 8
117 128 34 8
117 129 21 4
117 172 35 3
117 370 9 5
117 450 27 1
117 485 10 3
117 550 40 1
117 576 17 9
117 596 33 7
117 732 1 3
117 931 40 1
117 1024 39 5
117 1067 22 3
117 1186 46 9
118 119 49 5
118 130 21 4
118 131 24 7
118 132 41 9
118 141 46 6
118 172 17 2
118 207 6 8
118 226 13 10
118 235 48 4
118 260 16 3
118 266 18 1
118 337 20 6
118 415 35 4
118 464 35 9
118 486 11 2
118 502 7 9
118 570 46 6
118 661 39 1
118 676 23 1
118 715 49 4
118 721 28 1
118 835 48 3
118 996 22 10
118 1120 42 3
118 1138 28 10
118 1171 35 7
118 1195 3 5
119 133 44 5
119 134 15 3
119 135 37 2
119 136 9 10
119 137 36 9
119 138 21 3
119 139 14 8
119 206 45 3
119 352 40 5
119 353 5 7
119 370 39 2
119 440 4 3
119 599 16 8
119 643 37 1
119 675 32 10
119 825 44 3
119 965 19 9
119 966 40 4
119 997 20 4
119 1011 21 4
119 1020 50 3
119 1107 44 9
119 1141 38 3
119 1186 8 6
140 141 49 2
140 142 37 8
140 143 6 3
140 153 37 7
140 170 1 6
140 186 3 8
140 236 20 6
140 270 15 9
140 336 24 10
140 372 39 5
140 385 15 9
140 415 48 3
140 441 48 7
140 450 42 6
140 460 40 9
140 487 49 5
140 500 3 4
140 526 36 10
140 527 18 1
140 550 43 1
140 570 18 1
140 575 47 1
140 640 14 6
140 661 48 10
140 662 45 3
140 676 23 6
140 715 20 7
140 720 37 6
140 721 50 6
140 730 49 2
140 757 6 5
140 790 36 4
140 835 14 2
140 876 48 10
140 877 20 8
140 896 14 5
140 929 49 1
140 930 42 7
140 1011 24 5
140 1023 16 8
140 1047 35 9
140 1066 48 10
140 1067 8 2
140 1091 39 2
140 1105 41 4
140 1121 29 9
140 1141 23 6
140 1186 10 5
140 1195 21 9
141 144 40 10
141 145 42 2
141 146 37 10
141 147 6 6
141 148 49 1
141 149 42 10
141 151 44 8
141 170 43 9
141 187 12 2
141 206 2 4
141 207 1 2
141 225 2 5
141 226 29 9
141 235 16 8
141 260 6 3
141 306 43 4
141 308 21 4
141 335 43 8
141 350 8 9
141 352 42 5
141 372 11 8
141 388 39 4
141 418 1 4
141 441 43 10
141 450 20 10
141 463 32 8
141 486 41 3
141 550 20 7
141 570 39 6
141 576 28 6
141 599 38 3
141 641 4 2
141 676 44 7
141 685 2 8
141 690 46 10
141 715 26 9
141 732 33 1
141 791 1 9
141 825 16 7
141 839 8 9
141 899 47 5
141 965 26 4
141 970 23 2
141 995 26 4
141 997 41 9
141 1024 14 1
141 1048 11 4
141 1107 33 8
141 1137 4 4
141 1170 20 1
141 1172 40 10
141 1186 48 2
150 151 44 7
150 152 46 5
150 153 26 10
150 154 50 1
150 155 50 1
150 156 28 1
150 157 12 2
150 158 19 1
150 159 36 8
150 160 21 5
150 172 22 2
150 236 2 10
150 266 9 7
150 336 43 9
150 352 26 2
150 372 16 10
150 390 28 9
150 419 38 4
150 451 47 10
150 462 12 7
150 487 47 5
150 675 46 3
150 720 39 1
150 733 29 1
150 757 39 9
150 825 17 2
150 836 40 9
150 929 11 3
150 1010 19 5
150 1069 49 8
150 1137 1 10
150 1195 35 2
151 152 30 8
151 153 2 6
151 161 8 10
151 162 33 7
151 163 13 8
151 164 31 4
151 165 41 9
151 185 1 1
151 186 3 8
151 260 23 2
151 269 26 2
151 372 24 4
151 388 11 3
151 415 40 10
151 441 32 1
151 529 50 3
151 550 40 3
151 575 11 9
151 690 37 7
151 715 27 8
151 721 8 6
151 733 32 2
151 792 6 2
151 796 25 2
151 877 27 3
151 897 38 1
151 996 17 4
151 1010 20 7
151 1023 10 2
151 1045 37 4
151 1065 14 6
151 1091 9 3
151 1121 12 5
151 1141 26 4
151 1185 40 10
152 153 3 2
152 166 2 8
152 171 10 5
152 226 3 9
152 309 24 2
152 310 16 4
152 335 41 6
152 353 50 9
152 485 46 10
152 500 38 9
152 502 48 3
152 529 4 6
152 594 19 9
152 595 21 7
152 643 18 2
152 676 23 7
152 689 10 10
152 715 16 8
152 875 41 8
152 927 15 6
152 996 15 2
152 1047 40 6
152 1091 12 10
152 1106 6 2
152 1107 7 6
152 1122 11 4
153 167 28 1
153 168 32 3
153 169 40 9
153 206 23 7
153 207 20 8
153 226 41 6
153 440 11 8
153 451 39 4
153 460 16 4
153 570 12 5
153 577 1 5
153 642 16 2
153 661 32 7
153 662 22 1
153 750 32 3
153 826 25 10
153 836 18 5
153 897 40 1
153 965 33 6
153 970 38 4
153 1023 41 9
153 1170 48 10
153 1172 4 9
153 1185 6 5
153 1195 11 9
170 171 31 10
170 172 40 9
170 173 20 7
170 174 1 4
170 175 50 5
170 186 39 1
170 265 25 6
170 337 10 8
170 351 7 9
170 352 16 4
170 416 3 10
170 441 6 7
170 487 4 4
170 500 23 8
170 576 29 8
170 598 8 8
170 662 19 1
170 675 20 7
170 676 6 3
170 688 16 7
170 825 10 8
170 826 50 8
170 837 44 9
170 900 4 8
170 997 34 9
170 1011 44 5
170 1021 49 1
170 1045 17 2
170 1046 29 2
170 1122 5 9
170 1141 49 1
170 1185 33 8
170 1195 47 6
171 172 3 9
171 176 34 9
171 177 50 1
171 178 29 10
171 179 10 6
171 187 35 9
171 206 38 8
171 225 10 5
171 238 35 8
171 260 34 10
171 305 3 3
171 337 9 7
171 385 39 3
171 390 28 7
171 460 38 1
171 485 4 9
171 525 36 4
171 570 11 9
171 591 38 7
171 640 11 4
171 662 29 6
171 688 7 6
171 715 46 2
171 721 42 7
171 754 47 9
171 793 10 2
171 897 17 8
171 931 32 6
171 965 29 5
171 995 5 1
171 1065 33 10
171 1090 47 1
171 1121 44 2
171 1135 26 7
171 1185 24 8
171 1195 13 7
172 180 12 10
172 181 47 9
172 182 30 1
172 183 25 1
172 184 16 8
172 208 3 6
172 238 8 2
172 260 27 8
172 267 17 6
172 305 6 2
172 371 35 2
172 372 9 8
172 418 29 10
172 440 44 5
172 451 35 3
172 460 35 8
172 502 5 6
172 525 35 3
172 551 29 4
172 552 23 3
172 570 40 8
172 576 12 5
172 642 32 8
172 715 34 3
172 732 21 6
172 753 40 2
172 796 34 8
172 840 20 1
172 875 15 4
172 930 14 8
172 967 3 5
172 1011 7 7
172 1022 32 10
172 1066 26 10
172 1090 2 5
172 1105 37 1
172 1106 33 7
172 1170 26 10
172 1171 18 7
185 186 46 3
185 187 47 7
185 188 50 3
185 189 10 9
185 190 50 10
185 191 24 7
185 225 15 9
185 353 23 7
185 419 16 9
185 440 49 4
185 460 47 10
185 486 9 3
185 570 43 2
185 595 12 5
185 675 38 3
185 685 39 1
185 750 10 1
185 825 16 4
185 875 41 5
185 925 16 10
185 1021 43 8
185 1092 8 1
185 1122 7 10
185 1170 12 6
185 1195 3 7
186 187 39 8
186 188 27 5
186 192 23 6
186 225 37 10
186 370 29 10
186 387 10 7
186 390 36 9
186 451 15 3
186 485 16 2
186 500 24 9
186 676 9 10
186 688 2 6
186 720 12 4
186 730 46 3
186 931 14 2
186 969 35 8
186 1010 28 10
186 1045 25 8
186 1107 41 8
186 1185 10 2
187 188 7 3
187 193 48 7
187 194 15 3
187 195 25 1
187 196 21 10
187 197 4 10
187 207 30 2
187 238 37 4
187 260 21 9
187 266 31 7
187 335 47 2
187 371 36 8
187 451 35 4
187 460 11 4
187 500 28 9
187 526 13 1
187 550 4 6
187 570 1 9
187 575 32 3
187 641 12 2
187 661 50 1
187 715 46 7
187 733 1 10
187 751 38 10
187 793 18 10
187 898 16 3
187 899 28 6
187 996 35 3
187 1010 43 3
187 1022 12 8
187 1046 21 9
187 1065 25 2
187 1091 37 4
187 1105 44 9
187 1120 37 9
187 1140 23 9
187 1195 50 8
188 198 17 6
188 199 34 10
188 200 23 7
188 201 40 1
188 202 45 5
188 203 38 8
188 204 16 2
188 206 4 8
188 239 24 10
188 260 1 10
188 265 31 10
188 306 23 8
188 308 17 2
188 337 44 7
188 351 18 10
188 418 10 3
188 440 33 7
188 526 3 4
188 553 45 1
188 598 10 9
188 642 22 3
188 662 38 10
188 715 12 8
188 795 43 2
188 838 28 2
188 841 32 10
188 877 43 7
188 969 5 4
188 995 32 4
188 1067 3 4
188 1170 42 4
188 1186 24 6
205 206 21 1
205 207 49 2
205 208 17 5
205 209 40 6
205 210 40 3
205 211 32 3
205 212 9 8
205 213 4 3
205 237 38 8
205 260 26 2
205 350 28 10
205 390 44 1
205 570 17 4
205 597 14 5
205 640 48 6
205 660 32 1
205 687 24 10
205 732 5 8
205 796 25 9
205 825 17 7
205 842 40 10
205 875 24 4
205 895 46 8
205 996 10 5
205 1024 16 7
205 1047 36 9
205 1069 42 10
205 1185 30 7
206 207 20 2
206 208 50 6
206 214 4 2
206 215 13 8
206 216 16 7
206 217 38 1
206 218 45 7
206 226 39 8
206 238 37 2
206 336 12 9
206 388 6 3
206 415 29 9
206 419 32 1
206 441 19 10
206 450 33 8
206 502 50 2
206 526 18 7
206 643 7 8
206 685 13 5
206 715 41 2
206 721 38 1
206 755 5 5
206 791 8 7
206 825 36 8
206 840 41 2
206 899 36 9
206 1010 14 2
206 1021 24 6
206 1106 49 9
206 1135 28 8
206 1185 50 7
207 208 7 5
207 219 39 8
207 220 47 4
207 225 23 10
207 272 16 9
207 308 36 6
207 371 7 8
207 460 38 4
207 486 14 6
207 525 2 10
207 576 8 7
207 750 10 7
207 876 7 9
207 927 12 6
207 930 25 7
207 1011 42 5
207 1048 12 7
207 1091 20 4
207 1141 19 2
207 1195 25 8
208 221 27 7
208 222 32 3
208 223 29 9
208 224 7 2
208 260 43 1
208 271 38 1
208 309 6 6
208 335 43 10
208 352 12 2
208 371 29 7
208 440 27 3
208 451 31 3
208 463 13 1
208 486 35 2
208 551 22 3
208 570 16 5
208 575 5 1
208 592 16 9
208 661 2 9
208 675 26 10
208 715 46 9
208 721 9 2
208 731 15 6
208 967 30 7
208 969 10 3
208 996 33 8
208 1067 15 3
208 1091 23 9
208 1121 31 10
208 1171 5 4
208 1172 10 5
208 1195 35 7
225 226 15 5
225 227 39 8
225 228 4 8
225 260 44 8
225 271 41 7
225 350 11 2
225 352 6 5
225 371 27 2
225 387 47 10
225 389 3 4
225 416 30 4
225 441 50 6
225 451 29 1
225 460 23 3
225 501 48 3
225 552 24 9
225 570 19 1
225 575 5 10
225 576 11 9
225 598 29 1
225 641 19 1
225 642 37 6
225 662 47 3
225 715 44 4
225 720 4 5
225 721 16 7
225 730 1 5
225 753 5 9
225 790 19 7
225 826 25 2
225 876 15 2
225 895 23 2
225 931 40 5
225 997 11 7
225 1011 25 2
225 1046 30 4
225 1105 37 6
225 1106 10 10
225 1141 24 1
225 1170 41 10
225 1186 9 5
225 1195 16 6
226 229 37 6
226 230 47 1
226 231 12 9
226 232 31 4
226 233 45 2
226 234 6 5
226 238 28 3
226 239 38 10
226 260 5 2
226 266 22 5
226 308 18 6
226 310 29 2
226 335 19 8
226 337 49 10
226 370 8 9
226 416 26 8
226 440 6 6
226 451 26 10
226 462 32 2
226 486 33 5
226 487 2 4
226 500 9 1
226 527 40 2
226 528 7 9
226 553 14 10
226 570 48 10
226 593 32 7
226 662 17 4
226 675 33 2
226 676 3 9
226 688 34 8
226 689 23 9
226 730 20 10
226 755 29 4
226 796 24 9
226 836 22 5
226 838 32 1
226 875 40 5
226 900 33 1
226 968 30 5
226 970 37 9
226 997 15 4
226 1022 34 7
226 1046 16 2
226 1065 37 3
226 1091 10 9
226 1120 2 6
226 1121 48 10
226 1137 14 7
226 1185 33 6
235 236 6 10
235 237 20 9
235 238 32 6
235 239 32 1
235 240 1 7
235 309 8 8
235 336 45 3
235 464 48 1
235 502 30 5
235 570 38 7
235 640 42 6
235 793 25 9
235 825 22 4
235 836 27 6
235 926 36 2
235 1010 2 10
235 1011 11 5
235 1047 46 2
235 1069 25 3
235 1092 29 3
235 1122 25 7
235 1170 27 4
235 1171 37 6
236 237 22 10
236 238 6 2
236 239 14 6
236 241 2 2
236 242 39 1
236 243 49 3
236 244 33 5
236 245 32 2
236 246 48 9
236 525 35 4
236 550 16 3
236 577 18 7
236 675 43 10
236 689 17 7
236 715 9 8
236 733 26 7
236 754 24 6
236 795 27 10
236 1105 14 8
236 1185 26 3
237 238 36 8
237 239 44 10
237 247 30 7
237 248 40 1
237 249 21 5
237 250 6 4
237 251 22 7
237 267 38 4
237 272 50 5
237 336 45 2
237 441 28 5
237 487 46 5
237 525 41 9
237 570 24 5
237 595 30 4
237 641 15 8
237 661 36 2
237 676 8 5
237 720 30 9
237 825 7 8
237 836 2 8
237 969 10 4
237 1186 49 2
238 239 40 2
238 252 26 8
238 253 24 8
238 254 40 2
238 260 45 2
238 353 27 3
238 370 32 10
238 371 1 7
238 417 14 2
238 450 29 7
238 552 22 7
238 686 36 6
238 731 17 8
238 878 12 7
238 927 41 3
238 965 38 4
238 996 24 3
238 1090 34 9
238 1121 35 2
238 1139 28 7
238 1141 17 2
239 255 39 10
239 256 21 2
239 257 9 9
239 258 3 4
239 259 25 7
239 310 50 3
239 351 1 10
239 385 47 4
239 416 35 1
239 441 6 4
239 460 38 8
239 500 47 10
239 593 26 3
239 662 5 4
239 752 2 6
239 878 7 2
239 897 33 5
239 898 27 9
239 995 13 10
239 1023 24 6
239 1024 19 10
239 1048 44 5
239 1105 10 7
239 1195 30 10
260 261 34 9
260 262 18 6
260 263 9 4
260 264 48 4
260 266 28 4
260 272 37 7
260 305 33 9
260 309 18 2
260 335 22 7
260 350 21 7
260 352 28 3
260 370 43 8
260 371 4 10
260 385 39 5
260 387 26 3
260 415 38 9
260 417 40 1
260 441 32 7
260 451 28 8
260 463 31 4
260 486 11 4
260 504 48 10
260 528 33 4
260 529 7 1
260 551 41 5
260 553 47 10
260 570 40 5
260 576 40 1
260 595 1 8
260 596 43 9
260 641 27 2
260 643 3 6
260 660 13 8
260 675 31 5
260 688 22 1
260 690 49 10
260 715 12 6
260 720 37 8
260 721 21 8
260 730 22 9
260 733 40 3
260 750 25 3
260 756 38 7
260 792 16 6
260 795 40 1
260 825 44 4
260 826 35 9
260 840 43 5
260 841 30 8
260 877 14 7
260 878 34 7
260 898 36 3
260 899 30 5
260 925 18 1
260 930 29 2
260 967 47 1
260 968 27 3
260 995 49 9
260 996 16 2
260 1011 26 4
260 1021 38 7
260 1023 47 10
260 1046 16 10
260 1047 5 5
260 1065 38 9
260 1067 1 8
260 1090 31 5
260 1105 32 10
260 1107 1 2
260 1120 46 1
260 1122 29 5
260 1136 48 6
260 1137 22 1
260 1170 20 4
260 1171 37 9
260 1185 46 8
260 1195 4 3
265 266 33 10
265 267 2 6
265 268 25 9
265 269 32 9
265 270 3 8
265 271 49 5
265 272 24 6
265 273 33 6
265 274 5 8
265 275 7 3
265 276 23 9
265 277 5 5
265 278 8 9
265 417 33 3
265 463 35 3
265 551 46 4
265 577 14 8
265 970 49 2
265 1010 24 2
265 1120 40 5
266 267 50 7
266 268 36 10
266 269 45 10
266 270 29 8
266 271 8 7
266 272 25 8
266 279 36 9
266 280 1 10
266 306 6 4
266 336 21 8
266 451 24 6
266 487 5 9
266 503 40 7
266 685 39 3
266 837 21 6
266 995 14 1
266 1069 21 2
266 1195 50 4
267 268 46 8
267 269 1 4
267 270 21 6
267 271 15 4
267 272 39 2
267 281 19 8
267 282 11 4
267 308 39 3
267 487 15 9
267 570 30 3
267 576 39 9
267 592 27 2
267 640 25 1
267 676 11 1
267 826 49 3
267 895 20 7
267 1010 21 7
268 269 36 7
268 270 39 8
268 271 29 10
268 272 33 7
268 283 20 10
268 284 14 5
268 285 48 2
268 286 42 7
268 440 21 1
268 450 3 8
268 503 48 10
268 721 27 10
268 875 18 4
268 898 34 9
268 969 5 8
268 1135 42 2
268 1171 19 5
268 1185 37 3
269 270 46 8
269 271 44 5
269 272 3 7
269 287 13 9
269 288 16 6
269 289 38 6
269 290 39 5
269 350 50 4
269 371 10 1
269 440 17 9
269 462 34 3
269 526 26 7
269 529 9 9
269 641 6 8
269 715 3 7
269 756 19 6
269 1048 39 5
269 1069 47 4
269 1092 47 9
269 1121 18 9
269 1195 5 4
270 271 33 6
270 272 32 6
270 291 24 5
270 292 41 5
270 293 39 6
270 294 42 8
270 295 48 7
270 371 7 7
270 389 29 4
270 390 5 2
270 416 6 8
270 570 17 6
270 662 28 10
270 690 35 1
270 931 45 4
270 1185 23 3
271 272 35 4
271 296 40 10
271 297 46 4
271 298 24 2
271 299 37 8
271 300 29 1
271 552 30 7
271 595 31 6
271 662 7 2
271 721 22 10
271 878 4 8
271 926 32 9
271 996 29 10
271 1106 34 4
271 1107 19 7
271 1138 34 1
271 1172 6 6
272 301 13 4
272 302 12 5
272 303 16 9
272 304 17 5
272 335 12 2
272 351 17 2
272 676 48 4
272 715 18 10
272 730 32 8
272 732 30 9
272 754 24 5
272 790 24 6
272 794 35 3
272 826 31 4
272 1020 29 4
272 1024 45 5
272 1045 2 1
272 1091 25 6
305 306 38 10
305 307 27 9
305 308 32 4
305 309 39 2
305 310 39 4
305 311 19 3
305 312 1 10
305 313 41 9
305 314 50 4
305 315 38 2
305 337 48 2
305 351 12 2
305 440 37 9
305 464 20 2
305 551 8 4
305 643 28 2
305 660 18 1
305 676 1 5
305 970 26 5
305 1045 38 2
305 1106 17 1
305 1107 32 5
305 1120 48 6
305 1195 15 8
306 307 9 8
306 308 10 6
306 309 30 10
306 310 50 3
306 316 19 5
306 317 46 10
306 318 49 2
306 319 1 3
306 320 5 9
306 321 11 3
306 440 46 3
306 450 1 8
306 461 48 2
306 550 33 1
306 689 30 3
306 715 30 5
306 878 35 7
306 897 17 2
306 966 40 8
306 1120 9 10
306 1172 36 4
307 308 1 10
307 309 41 10
307 310 17 3
307 322 34 2
307 323 1 3
307 324 33 7
307 371 23 4
307 388 4 7
307 390 6 8
307 485 41 2
307 504 11 5
307 840 29 5
307 875 48 1
307 899 14 6
307 928 14 2
307 1023 22 9
307 1068 4 8
307 1091 40 1
307 1092 2 3
308 309 15 4
308 310 13 4
308 325 26 10
308 326 12 4
308 327 41 6
308 715 4 6
308 1011 7 2
308 1067 27 5
308 1136 1 8
308 1170 41 2
308 1185 5 10
309 310 2 9
309 328 32 1
309 329 11 2
309 330 18 2
309 335 3 2
309 353 5 2
309 371 15 1
309 416 36 3
309 503 29 1
309 526 29 3
309 570 34 9
309 576 23 10
309 593 5 10
309 595 26 8
309 641 15 4
309 675 49 9
309 688 49 2
309 721 48 10
309 750 50 2
309 825 35 10
309 826 48 1
309 995 39 6
309 1139 2 6
309 1185 11 7
310 331 20 4
310 332 30 4
310 333 36 10
310 334 42 8
310 416 25 3
310 450 45 7
310 486 2 9
310 529 36 3
310 576 1 7
310 661 6 2
310 721 19 1
310 730 46 2
310 754 25 10
310 791 19 10
310 793 29 1
310 840 50 7
310 1021 20 3
310 1048 30 2
310 1195 45 2
335 336 6 9
335 337 21 9
335 338 42 5
335 339 40 4
335 350 12 3
335 370 37 6
335 387 41 10
335 440 27 10
335 460 19 10
335 487 14 2
335 501 49 8
335 552 48 9
335 570 29 5
335 599 14 6
335 640 34 3
335 661 34 4
335 676 31 7
335 715 24 8
335 720 35 3
335 731 24 9
335 733 5 2
335 825 7 8
335 875 27 9
335 965 14 8
335 1010 16 5
335 1046 1 7
335 1092 28 7
335 1105 46 8
335 1121 29 3
335 1141 46 1
335 1171 6 1
335 1185 38 7
335 1195 43 7
336 337 39 5
336 340 12 5
336 341 15 5
336 342 50 5
336 343 49 10
336 371 23 1
336 389 14 3
336 440 38 7
336 450 48 7
336 526 40 9
336 529 20 2
336 570 3 3
336 575 36 5
336 576 19 2
336 598 39 10
336 660 32 5
336 687 45 1
336 715 44 1
336 750 1 7
336 841 42 3
336 877 4 5
336 896 45 2
336 930 17 1
336 997 41 7
336 1011 45 2
336 1023 47 6
336 1046 44 10
336 1068 48 2
336 1091 48 3
336 1105 45 3
336 1120 30 8
336 1139 12 10
336 1195 38 1
337 344 3 9
337 345 24 6
337 346 24 10
337 347 16 2
337 348 32 10
337 349 38 5
337 353 31 7
337 415 3 9
337 419 10 6
337 451 46 1
337 462 21 1
337 486 40 4
337 500 28 9
337 552 32 8
337 640 6 1
337 676 2 7
337 685 19 9
337 721 3 9
337 753 12 5
337 791 15 2
337 796 12 6
337 825 33 6
337 837 12 10
337 896 48 9
337 925 27 7
337 965 21 4
337 995 42 3
337 1023 6 1
337 1065 14 6
337 1172 27 4
337 1185 48 1
350 351 49 8
350 352 26 7
350 353 15 10
350 354 17 9
350 355 18 10
350 356 17 10
350 357 8 8
350 387 40 8
350 416 47 5
350 440 25 7
350 525 42 2
350 577 50 9
350 826 42 5
350 878 5 2
350 996 11 8
350 1010 5 10
350 1011 24 7
350 1046 33 6
350 1065 12 6
350 1092 11 7
350 1120 12 7
350 1122 42 1
351 352 18 8
351 353 45 7
351 358 7 9
351 359 29 1
351 360 34 6
351 361 17 9
351 362 19 6
351 419 48 10
351 441 36 4
351 450 9 4
351 462 8 8
351 529 32 6
351 570 48 4
351 577 50 2
351 675 2 10
351 676 28 8
351 690 17 6
351 757 49 9
351 877 37 7
351 898 28 3
351 995 45 4
351 1022 15 5
351 1047 34 6
351 1135 38 2
351 1185 13 4
351 1186 15 4
352 353 28 8
352 363 47 5
352 372 33 10
352 387 9 2
352 462 14 6
352 487 25 2
352 504 32 7
352 551 18 7
352 570 41 7
352 660 24 3
352 689 23 10
352 715 19 10
352 720 11 5
352 731 33 5
352 752 42 8
352 835 26 3
352 841 34 4
352 965 2 4
352 1091 34 7
352 1195 9 4
353 364 2 6
353 365 24 4
353 366 33 1
353 367 15 7
353 368 50 1
353 369 14 6
353 372 50 4
353 487 47 2
353 501 42 4
353 551 37 9
353 595 48 1
353 598 9 1
353 640 7 7
353 643 15 10
353 660 17 6
353 715 22 1
353 721 45 10
353 730 47 3
353 791 11 5
353 796 24 1
353 826 14 9
353 899 14 7
353 928 26 2
353 931 48 2
353 969 23 7
353 1023 47 1
353 1065 43 10
353 1105 29 10
353 1106 30 9
353 1139 28 3
353 1172 16 5
353 1195 7 6
370 371 38 10
370 372 5 7
370 373 29 7
370 374 21 1
370 375 34 10
370 376 37 8
370 377 8 3
370 386 34 9
370 388 6 8
370 416 35 1
370 440 17 7
370 451 26 4
370 525 1 4
370 553 30 3
370 595 11 3
370 689 39 2
370 715 8 7
370 720 7 4
370 792 45 7
370 826 11 9
370 878 28 9
370 930 30 2
370 965 14 10
370 966 37 2
370 1022 27 7
370 1045 8 3
370 1046 13 6
370 1092 30 6
370 1171 43 9
371 372 50 2
371 378 18 5
371 379 23 8
371 380 24 7
371 381 38 10
371 417 27 4
371 451 49 8
371 487 31 2
371 503 8 3
371 570 21 5
371 640 14 6
371 660 36 3
371 675 2 3
371 689 47 6
371 715 18 10
371 750 10 6
371 755 3 8
371 796 4 4
371 826 26 9
371 836 6 5
371 996 44 7
371 1010 11 3
371 1069 44 4
371 1090 40 10
371 1106 18 1
371 1107 26 4
371 1120 28 3
371 1122 16 2
371 1138 42 2
371 1186 32 10
371 1195 7 7
372 382 44 4
372 383 25 5
372 384 35 1
372 441 47 10
372 461 24 1
372 464 15 7
372 502 16 3
372 525 13 2
372 551 30 3
372 575 5 2
372 598 22 4
372 643 50 2
372 676 50 9
372 720 22 1
372 732 18 7
372 733 2 9
372 835 43 9
372 877 35 4
372 896 17 2
372 995 41 10
372 1011 25 4
372 1020 49 2
372 1067 37 8
372 1136 26 7
372 1171 15 9
372 1186 32 8
385 386 23 5
385 387 8 9
385 388 23 8
385 389 42 7
385 390 15 8
385 391 28 3
385 392 6 3
385 393 40 5
385 394 43 6
385 395 31 1
385 396 40 2
385 397 25 7
385 398 41 5
385 399 5 5
385 450 47 6
385 551 20 3
385 577 19 7
385 687 44 2
385 689 50 1
385 731 1 5
385 757 31 8
385 877 14 4
385 1010 41 1
385 1048 6 10
385 1066 17 8
385 1120 26 4
386 387 32 10
386 388 33 2
386 389 49 7
386 390 7 8
386 400 23 2
386 401 47 4
386 402 18 7
386 403 39 3
386 451 21 4
386 504 13 7
386 660 39 6
386 676 19 3
386 825 36 7
386 835 2 4
386 995 7 9
386 1011 11 4
386 1185 11 1
386 1186 15 3
387 388 24 1
387 389 37 6
387 390 10 7
387 404 47 8
387 405 50 5
387 415 39 1
387 418 44 7
387 461 24 6
387 486 27 5
387 501 23 3
387 641 25 10
387 720 43 8
387 899 49 5
387 932 28 6
387 1092 8 2
387 1105 41 9
387 1172 11 10
387 1195 14 8
388 389 48 8
388 390 15 1
388 406 41 7
388 529 12 1
388 590 9 4
388 593 9 3
388 675 20 4
388 715 3 2
388 825 23 5
388 931 29 2
388 996 39 2
388 1023 41 5
388 1067 48 8
388 1092 5 4
388 1105 12 7
388 1140 37 6
388 1195 43 9
389 390 33 9
389 407 16 5
389 408 7 10
389 409 26 9
389 410 20 4
389 411 31 7
389 440 48 7
389 441 25 9
389 487 48 7
389 529 17 4
389 570 3 8
389 575 16 5
389 640 6 1
389 660 21 7
389 730 30 4
389 794 30 9
389 796 7 10
389 898 12 7
389 1020 24 10
389 1122 12 9
389 1138 49 10
389 1171 1 3
390 412 44 2
390 413 5 3
390 414 17 8
390 462 49 5
390 553 1 3
390 757 30 1
390 837 39 1
390 878 36 8
390 967 42 4
390 1046 12 4
415 416 3 4
415 417 17 6
415 418 39 9
415 419 29 7
415 420 6 4
415 421 38 5
415 422 35 5
415 440 5 2
415 526 11 4
415 570 4 1
415 577 37 2
415 593 26 1
415 661 14 10
415 676 19 5
415 755 29 6
415 794 3 5
415 796 34 7
415 826 11 6
415 968 13 6
415 1023 9 1
415 1047 16 2
415 1069 49 5
415 1092 27 4
415 1185 38 4
415 1195 25 6
416 417 48 8
416 418 47 8
416 419 2 10
416 423 11 2
416 451 22 3
416 550 21 1
416 552 11 3
416 570 11 5
416 661 3 4
416 732 30 2
416 996 37 2
416 1022 47 6
416 1046 16 8
416 1122 24 8
416 1141 32 4
417 418 29 3
417 419 31 5
417 424 26 8
417 425 30 7
417 426 35 3
417 427 22 3
417 428 34 2
417 429 33 5
417 430 30 4
417 431 36 5
417 432 43 5
417 450 12 5
417 462 12 3
417 502 34 6
417 504 1 6
417 597 44 8
417 640 20 10
417 715 39 5
417 721 3 6
417 838 25 3
417 878 10 1
417 896 11 2
417 900 23 5
417 1011 24 3
417 1105 4 2
417 1171 32 9
417 1185 29 2
417 1195 30 4
418 419 7 5
418 433 39 1
418 434 43 2
418 435 48 10
418 436 16 7
418 486 9 2
418 640 22 4
418 685 48 10
418 686 3 3
418 754 6 7
418 841 32 7
418 1010 16 8
418 1067 34 1
418 1106 33 5
418 1121 35 6
418 1140 12 2
419 437 32 8
419 438 15 9
419 439 31 8
419 440 6 10
419 461 18 8
419 485 48 6
419 526 13 4
419 576 36 2
419 720 38 9
419 825 33 9
419 877 4 5
419 925 37 8
419 930 9 9
419 969 1 1
419 996 30 8
419 1170 5 5
440 441 15 7
440 442 5 6
440 443 4 9
440 444 18 4
440 445 39 9
440 446 22 2
440 447 7 3
440 451 1 8
440 460 18 9
440 570 37 9
440 577 13 3
440 590 35 1
440 599 27 8
440 640 41 4
440 660 18 1
440 715 33 5
440 721 8 7
440 730 34 8
440 753 33 6
440 796 40 10
440 825 13 1
440 875 32 9
440 898 37 6
440 932 13 5
440 996 17 4
440 1021 47 2
440 1022 19 5
440 1045 21 6
440 1090 27 7
440 1091 4 6
440 1121 18 7
440 1170 32 2
440 1185 49 10
440 1186 13 1
441 448 22 8
441 449 9 8
441 486 32 7
441 487 50 6
441 500 26 10
441 501 11 1
441 525 27 9
441 527 38 9
441 552 43 6
441 576 19 9
441 642 12 10
441 662 24 2
441 675 13 3
441 685 15 8
441 686 6 5
441 715 32 2
441 720 27 10
441 751 9 8
441 793 33 2
441 825 47 8
441 835 39 6
441 838 32 1
441 876 18 1
441 900 2 5
441 929 12 9
441 965 5 10
441 970 9 2
441 996 8 2
441 1010 6 7
441 1011 1 5
441 1046 47 1
441 1066 7 9
441 1105 22 9
441 1107 24 1
441 1121 38 10
441 1137 31 2
441 1140 48 7
441 1172 44 5
441 1195 30 2
450 451 35 2
450 452 16 4
450 453 38 1
450 454 47 7
450 455 35 4
450 460 26 4
450 463 19 10
450 486 12 4
450 501 8 9
450 529 46 10
450 570 43 6
450 576 14 1
450 577 47 4
450 592 19 8
450 641 17 6
450 643 21 7
450 661 21 9
450 676 38 5
450 687 42 2
450 688 7 7
450 720 8 2
450 730 36 7
450 875 43 1
450 896 3 7
450 930 17 3
450 995 44 5
450 997 28 4
450 1010 7 6
450 1020 27 3
450 1021 15 4
450 1048 28 6
450 1090 35 1
450 1120 19 1
450 1121 35 9
450 1138 16 3
450 1140 41 7
450 1171 36 4
450 1185 12 8
451 456 8 5
451 457 29 2
451 458 34 8
451 459 11 5
451 485 39 7
451 503 14 7
451 527 1 10
451 551 1 10
451 553 39 2
451 570 33 4
451 598 25 7
451 661 44 7
451 676 6 1
451 715 10 1
451 731 33 7
451 753 36 4
451 754 47 7
451 792 9 6
451 794 11 4
451 826 27 7
451 838 17 9
451 841 9 3
451 875 17 1
451 898 2 3
451 925 2 7
451 965 8 8
451 969 18 8
451 1011 8 2
451 1045 13 3
451 1067 24 5
451 1069 40 5
451 1091 35 1
451 1107 33 9
451 1186 19 1
451 1195 18 7
460 461 14 6
460 462 46 1
460 463 13 4
460 464 44 8
460 465 22 3
460 466 12 8
460 467 24 6
460 503 11 9
460 525 27 1
460 527 40 5
460 550 29 1
460 715 36 3
460 730 3 1
460 796 4 4
460 842 19 8
460 875 7 6
460 925 34 7
460 965 44 8
460 1105 11 7
460 1195 40 7
461 462 40 1
461 463 10 2
461 464 23 3
461 468 39 4
461 469 25 2
461 470 33 4
461 486 9 8
461 502 2 2
461 594 28 4
461 641 16 5
461 661 34 7
461 675 7 10
461 685 38 8
461 721 43 10
461 733 43 2
461 826 38 6
461 927 49 3
461 997 26 7
461 1022 5 7
461 1092 50 6
461 1186 10 2
462 463 46 8
462 464 3 3
462 471 7 4
462 472 8 4
462 473 43 10
462 485 23 1
462 570 12 4
462 575 17 1
462 598 40 3
462 662 17 7
462 676 37 5
462 897 43 9
462 1011 40 7
462 1021 2 5
462 1047 10 8
462 1067 15 2
462 1172 8 6
463 464 27 6
463 474 12 7
463 475 32 8
463 476 23 6
463 477 1 6
463 478 6 1
463 479 8 8
463 570 16 7
463 577 47 5
463 642 43 5
463 750 19 8
463 754 24 10
463 796 44 9
463 825 49 7
463 841 31 10
463 1010 27 5
463 1067 23 3
463 1090 5 4
463 1107 18 9
463 1136 33 10
464 480 24 4
464 481 13 1
464 482 6 7
464 483 18 8
464 484 33 7
464 550 12 4
464 688 29 10
464 715 14 9
464 878 48 2
464 897 17 3
464 965 29 5
464 995 10 7
464 1048 38 7
464 1120 28 3
464 1122 19 2
464 1141 20 4
464 1172 48 5
464 1185 16 9
485 486 36 8
485 487 26 2
485 488 2 3
485 489 10 1
485 490 18 1
485 491 1 4
485 501 4 5
485 503 19 5
485 528 26 3
485 529 22 5
485 552 39 10
485 570 31 4
485 576 1 2
485 661 41 1
485 685 27 5
485 690 12 10
485 825 44 4
485 836 35 9
485 878 4 3
485 899 42 9
485 968 38 9
485 995 31 8
485 997 31 2
485 1068 21 7
485 1090 35 5
485 1122 19 3
485 1170 10 9
485 1172 14 10
485 1185 41 7
486 487 6 9
486 492 47 2
486 493 3 7
486 494 39 4
486 495 21 7
486 551 5 10
486 596 31 1
486 598 7 8
486 675 5 6
486 715 11 5
486 720 13 6
486 731 6 2
486 755 36 8
486 826 28 3
486 836 48 8
486 895 45 7
486 932 2 7
486 967 10 7
486 1010 43 9
486 1020 10 9
486 1021 31 8
486 1047 28 8
486 1068 31 3
486 1105 40 4
486 1122 13 4
486 1139 35 5
486 1195 24 7
487 496 19 7
487 497 7 5
487 498 33 4
487 499 10 6
487 570 15 3
487 575 12 4
487 640 46 8
487 642 13 6
487 661 6 1
487 675 43 4
487 715 33 5
487 721 4 6
487 731 10 8
487 750 11 6
487 791 33 6
487 794 30 6
487 878 32 5
487 931 3 9
487 1011 1 6
487 1048 6 10
487 1092 18 10
487 1106 14 4
487 1141 42 5
487 1185 43 4
487 1195 35 8
500 501 22 2
500 502 35 10
500 503 6 10
500 504 17 5
500 505 41 3
500 506 8 5
500 507 26 8
500 508 34 4
500 509 19 3
500 510 42 7
500 511 41 1
500 512 21 4
500 550 42 1
500 642 13 6
500 661 35 2
500 688 20 6
500 715 33 3
500 965 31 2
500 1011 42 10
500 1186 1 2
500 1195 48 10
501 502 27 7
501 503 30 5
501 504 20 5
501 513 40 6
501 514 19 9
501 515 17 2
501 516 15 1
501 570 49 2
501 641 33 2
501 676 5 7
501 687 39 2
501 720 33 3
501 721 36 10
501 733 8 2
501 753 49 8
501 838 34 9
501 878 36 4
501 1047 33 7
501 1069 48 2
501 1122 49 7
501 1170 32 1
502 503 47 9
502 504 22 3
502 517 34 9
502 518 48 5
502 527 42 7
502 592 43 6
502 733 33 2
502 751 22 10
502 794 29 4
502 842 8 3
502 877 29 1
502 928 7 8
502 1065 17 4
502 1107 33 9
502 1136 13 8
503 504 14 2
503 519 36 3
503 520 8 2
503 553 21 5
503 570 50 2
503 675 35 10
503 715 23 9
503 792 46 2
503 825 16 9
503 927 48 10
503 966 44 10
503 1105 8 1
503 1120 2 9
503 1186 31 4
503 1195 46 6
504 521 38 4
504 522 44 2
504 523 42 7
504 524 4 6
504 527 3 10
504 576 16 9
504 577 49 10
504 592 38 10
504 662 17 10
504 826 13 1
504 899 12 5
504 900 11 4
504 995 23 8
504 996 47 4
504 1011 38 6
504 1021 10 2
504 1024 50 8
504 1047 42 7
504 1091 41 5
504 1092 47 8
504 1141 46 9
504 1172 5 6
525 526 47 8
525 527 34 2
525 528 48 3
525 529 28 10
525 530 49 8
525 531 35 7
525 532 48 4
525 533 38 8
525 534 8 4
525 676 5 3
525 720 9 1
525 721 16 8
525 793 44 7
525 826 13 1
525 929 39 6
525 968 18 3
525 969 20 2
525 995 30 1
525 1010 45 8
525 1047 39 10
525 1185 24 2
525 1195 39 7
526 527 24 5
526 528 22 2
526 529 17 4
526 535 4 1
526 536 21 6
526 537 24 7
526 538 46 7
526 539 18 10
526 576 4 7
526 878 38 1
526 896 17 1
526 1021 10 10
526 1106 10 5
526 1121 4 2
526 1172 8 10
527 528 38 1
527 529 21 9
527 540 37 5
527 551 48 9
527 660 1 4
527 662 14 6
527 687 7 2
527 794 20 1
527 826 35 8
527 841 40 1
527 876 48 8
527 931 44 10
527 1195 28 4
528 529 40 2
528 541 2 3
528 542 45 4
528 543 43 8
528 544 43 2
528 545 8 9
528 546 47 4
528 570 33 6
528 577 2 3
528 591 13 9
528 642 40 6
528 753 35 10
528 900 16 9
528 997 30 1
528 1010 38 9
528 1023 23 10
528 1045 35 2
528 1068 44 3
528 1172 4 4
529 547 31 1
529 548 33 2
529 549 9 3
529 551 1 5
529 590 18 7
529 642 24 6
529 686 19 8
529 715 38 9
529 731 2 5
529 757 20 9
529 835 32 3
529 1066 44 7
529 1090 40 1
529 1091 5 3
529 1105 10 1
529 1120 47 4
529 1135 42 4
529 1137 11 2
529 1186 30 7
550 551 10 2
550 552 32 8
550 553 43 4
550 554 46 5
550 570 7 7
550 577 42 7
550 662 2 3
550 690 28 5
550 715 37 3
550 825 48 4
550 897 21 1
550 968 30 8
550 996 49 1
550 997 18 3
550 1011 9 9
550 1069 20 1
550 1106 2 8
550 1136 21 1
550 1186 10 8
551 552 28 2
551 553 11 2
551 555 21 4
551 556 13 5
551 557 6 5
551 558 11 3
551 640 21 8
551 675 43 10
551 730 14 10
551 731 30 4
551 751 23 10
551 794 3 2
551 825 43 10
551 837 48 9
551 926 26 8
551 967 34 9
551 1010 43 6
551 1122 3 3
552 553 29 3
552 559 3 7
552 560 41 4
552 561 39 7
552 562 10 8
552 563 41 4
552 676 28 5
552 715 19 4
552 721 28 9
552 750 40 3
552 876 48 10
552 1024 31 8
552 1090 6 10
552 1122 40 5
552 1141 18 5
552 1195 37 1
553 564 3 3
553 565 11 9
553 566 4 9
553 567 3 1
553 568 36 3
553 569 4 1
553 576 30 2
553 590 37 8
553 599 38 1
553 643 14 3
553 661 15 7
553 686 32 9
553 720 47 7
553 795 3 5
553 841 34 6
553 878 46 8
553 899 22 4
553 930 29 1
553 1024 26 1
553 1045 29 4
553 1048 27 4
553 1069 50 8
553 1090 22 7
553 1106 34 6
553 1172 39 6
553 1186 43 7
570 571 37 8
570 572 25 4
570 573 11 10
570 574 26 3
570 576 12 4
570 577 27 4
570 590 48 9
570 598 19 3
570 643 45 2
570 661 19 10
570 662 26 4
570 675 38 2
570 685 17 4
570 689 40 3
570 715 45 9
570 721 13 8
570 730 40 2
570 733 48 1
570 756 13 4
570 757 47 7
570 793 24 8
570 796 38 1
570 825 21 10
570 826 7 3
570 841 37 4
570 842 49 7
570 875 11 7
570 877 36 10
570 899 31 9
570 929 13 9
570 932 38 8
570 966 8 5
570 967 3 10
570 995 18 7
570 996 10 2
570 1010 34 2
570 1021 43 3
570 1024 8 1
570 1047 34 1
570 1048 9 5
570 1065 37 6
570 1068 29 10
570 1090 17 4
570 1092 49 2
570 1105 7 7
570 1120 37 8
570 1121 35 4
570 1135 38 3
570 1138 36 7
570 1170 39 6
570 1171 8 7
570 1185 32 10
570 1186 10 8
570 1195 7 5
573 495 45 7
575 576 18 1
575 577 30 4
575 578 21 1
575 579 49 1
575 580 17 8
575 641 39 9
575 660 1 4
575 675 12 4
575 688 3 1
575 721 1 7
575 733 6 10
575 790 26 5
575 825 22 1
575 876 44 5
575 900 9 5
575 996 12 4
575 1021 28 6
575 1068 4 3
575 1069 24 9
575 1090 38 1
575 1105 24 2
575 1107 11 3
575 1120 42 2
575 1121 25 7
575 1140 40 8
575 1171 47 5
575 1186 4 6
576 577 40 3
576 581 9 10
576 582 29 7
576 583 11 9
576 594 44 8
576 642 48 6
576 715 6 9
576 752 49 1
576 753 41 8
576 795 5 2
576 826 20 1
576 898 24 9
576 930 28 8
576 1011 3 8
576 1046 30 9
576 1048 50 5
576 1092 15 5
576 1140 27 2
576 1186 29 4
576 1195 3 6
577 584 3 6
577 585 26 5
577 586 41 1
577 587 50 7
577 588 11 4
577 589 40 1
577 660 50 7
577 689 30 4
577 715 19 5
577 731 20 7
577 840 42 7
577 842 29 6
577 878 26 5
577 925 50 10
577 967 45 6
577 969 23 2
577 997 8 1
577 1010 32 5
577 1170 5 8
577 1195 47 6
590 591 3 9
590 592 48 1
590 593 14 1
590 594 5 4
590 595 32 8
590 596 21 7
590 597 35 8
590 598 34 7
590 599 31 9
590 600 26 3
590 601 13 4
590 602 7 8
590 603 48 10
590 877 47 3
590 895 5 5
590 1045 29 1
590 1066 38 4
591 592 12 10
591 593 21 9
591 594 2 5
591 595 48 6
591 596 32 2
591 597 29 8
591 598 2 8
591 599 1 2
591 604 45 10
591 605 33 2
591 641 5 4
591 660 1 3
591 751 43 2
591 825 20 5
591 838 18 6
591 839 16 5
591 926 45 4
591 965 40 9
591 1138 50 7
591 1171 36 6
592 593 39 5
592 594 11 8
592 595 10 6
592 596 27 4
592 597 13 3
592 598 42 10
592 599 4 9
592 606 37 3
592 607 2 9
592 608 38 5
592 609 6 4
592 610 49 3
592 611 4 10
592 612 22 8
592 642 10 3
592 721 37 8
592 878 44 9
592 1010 34 6
592 1137 36 9
593 594 6 4
593 595 40 2
593 596 39 9
593 597 29 9
593 598 32 4
593 599 30 3
593 613 27 1
593 614 7 4
593 615 36 8
593 616 38 9
593 617 28 10
593 618 22 1
593 619 45 1
593 675 24 10
593 730 15 1
593 826 24 6
593 896 31 10
593 1010 38 7
593 1195 13 7
594 595 30 5
594 596 46 5
594 597 48 10
594 598 13 2
594 599 18 7
594 620 12 1
594 621 37 9
594 622 11 1
594 623 30 3
594 624 17 9
594 715 19 3
594 721 16 3
594 1024 22 5
595 596 36 9
595 597 2 6
595 598 36 10
595 599 18 4
595 625 50 2
595 675 24 3
595 731 11 2
595 790 42 5
595 791 33 2
595 932 21 8
595 1170 47 6
595 1185 42 1
596 597 37 8
596 598 45 6
596 599 11 8
596 626 14 3
596 627 43 5
596 628 31 1
596 689 45 9
596 1090 37 5
596 1106 23 5
596 1120 25 10
596 1185 29 1
597 598 4 7
597 599 11 2
597 629 19 10
597 630 7 2
597 631 18 7
597 632 7 6
597 633 1 2
597 634 36 7
597 635 32 1
597 636 43 7
597 689 18 1
597 995 44 5
597 1021 45 1
597 1121 34 10
598 599 28 1
598 637 47 8
598 638 24 8
598 662 4 4
598 751 44 5
598 995 22 6
598 1046 46 10
599 639 19 10
599 715 50 6
599 965 31 5
599 1065 17 3
599 1092 15 8
599 1106 27 10
599 1195 49 8
640 641 26 2
640 642 33 5
640 643 3 7
640 644 17 2
640 645 26 5
640 646 43 10
640 647 28 1
640 648 46 9
640 649 39 1
640 650 39 6
640 675 46 1
640 690 33 3
640 715 20 3
640 732 39 10
640 790 32 6
640 826 31 7
640 897 7 4
640 931 3 3
640 932 12 2
640 970 33 7
640 996 29 8
640 1066 6 5
640 1107 21 9
640 1120 23 9
640 1122 1 3
640 1172 47 6
640 1185 25 5
640 1195 16 10
641 642 3 5
641 643 13 6
641 651 37 2
641 652 27 2
641 653 43 2
641 654 46 2
641 662 3 5
641 676 35 3
641 733 49 9
641 757 23 2
641 842 36 6
641 876 14 2
641 965 49 2
641 996 47 8
641 1010 7 4
641 1046 7 9
641 1068 42 3
641 1107 32 8
641 1140 33 9
642 643 5 9
642 655 27 1
642 686 34 8
642 721 3 2
642 752 8 9
642 792 16 9
642 825 18 8
642 842 13 7
642 895 25 5
642 1046 27 7
642 1090 20 3
642 1138 25 5
643 656 45 7
643 657 10 7
643 658 3 10
643 659 6 10
643 661 27 6
643 720 22 9
643 878 47 8
643 1010 44 6
643 1022 17 6
643 1023 15 8
643 1092 18 3
643 1170 11 5
643 1186 27 7
660 661 4 3
660 662 19 10
660 663 3 8
660 664 35 1
660 665 20 6
660 666 37 10
660 689 19 4
660 721 36 4
660 731 28 5
660 750 11 6
660 752 14 3
660 791 25 9
660 796 27 6
660 825 14 3
660 898 11 1
660 926 41 3
660 930 27 1
660 1010 21 10
660 1011 42 2
660 1046 47 10
660 1047 28 4
660 1065 46 3
660 1068 21 3
660 1120 5 1
660 1171 36 5
661 662 28 10
661 667 47 4
661 668 27 1
661 675 43 6
661 715 25 1
661 731 29 7
661 836 16 1
661 878 12 2
661 897 29 10
661 965 39 7
661 996 25 9
661 1022 14 6
661 1090 6 6
661 1091 32 7
661 1105 42 4
661 1107 23 6
661 1141 4 8
661 1185 21 1
662 669 4 1
662 670 34 6
662 671 6 6
662 672 19 8
662 673 7 4
662 674 4 4
662 676 6 3
662 688 26 9
662 715 12 4
662 720 40 1
662 826 32 5
662 836 28 10
662 877 47 10
662 967 44 8
662 996 4 6
662 1023 39 6
662 1122 7 5
662 1138 18 1
662 1172 34 9
662 1195 17 10
675 676 37 3
675 677 1 1
675 678 31 6
675 679 8 10
675 680 15 9
675 681 2 10
675 687 22 9
675 715 47 1
675 750 31 3
675 794 25 6
675 795 23 7
675 825 29 9
675 877 20 6
675 878 7 3
675 897 10 9
675 926 12 7
675 966 13 6
675 970 22 7
675 996 43 3
675 1010 20 2
675 1011 48 2
675 1021 15 1
675 1022 45 8
675 1047 20 8
675 1048 42 5
675 1065 20 10
675 1092 30 7
675 1122 15 3
675 1172 24 6
675 1185 36 5
675 1186 46 4
675 1195 8 8
676 682 27 2
676 683 37 4
676 684 12 2
676 689 23 3
676 715 6 2
676 720 14 5
676 731 41 2
676 756 33 3
676 825 46 8
676 837 38 7
676 841 8 3
676 899 42 2
676 927 11 10
676 995 1 3
676 1068 25 9
676 1092 6 7
676 1106 39 5
676 1120 48 6
676 1136 5 1
676 1139 3 2
676 1195 34 5
685 686 7 10
685 687 8 1
685 688 11 9
685 689 49 9
685 690 32 4
685 691 7 7
685 692 12 7
685 693 13 5
685 694 6 5
685 791 1 1
685 876 27 10
685 929 43 9
685 931 14 10
685 969 32 8
685 1023 49 9
685 1122 28 3
685 1186 4 8
685 1195 1 9
686 687 28 7
686 688 28 3
686 689 8 9
686 690 10 8
686 695 30 2
686 696 49 9
686 697 39 3
686 698 46 3
686 715 37 6
686 733 13 3
686 969 12 6
686 1011 10 2
686 1090 26 7
686 1137 2 4
686 1195 19 10
687 688 7 2
687 689 37 8
687 690 43 7
687 699 43 5
687 715 41 6
687 720 47 5
687 721 49 7
687 731 34 9
687 837 20 8
687 995 14 2
687 996 27 9
687 1092 28 4
687 1107 21 7
687 1139 38 9
687 1172 38 10
688 689 19 5
688 690 34 7
688 700 50 9
688 701 18 10
688 702 3 2
688 703 42 9
688 704 19 3
688 705 31 7
688 900 12 6
688 1065 3 1
688 1105 20 7
688 1171 4 7
688 1186 25 5
689 690 20 4
689 706 27 4
689 707 25 2
689 708 16 1
689 709 26 3
689 710 32 10
689 711 29 5
689 712 14 10
689 757 32 6
689 825 24 7
689 895 22 10
689 1024 13 6
689 1045 6 1
689 1069 22 4
690 713 2 5
690 714 15 1
690 755 1 5
690 792 32 5
690 826 11 5
690 839 18 2
690 877 8 7
690 1011 10 7
690 1122 48 9
715 716 39 4
715 717 35 4
715 718 33 4
715 719 4 4
715 720 21 6
715 721 12 6
715 730 43 6
715 732 21 2
715 751 5 8
715 753 18 9
715 790 11 2
715 792 38 9
715 826 30 2
715 836 39 5
715 837 1 8
715 875 26 6
715 877 1 9
715 896 36 10
715 900 42 3
715 930 6 2
715 931 36 7
715 965 31 9
715 967 32 9
715 996 36 10
715 1010 47 2
715 1020 50 6
715 1022 23 6
715 1047 5 1
715 1069 30 3
715 1090 32 7
715 1092 46 1
715 1105 40 8
715 1107 15 7
715 1122 25 5
715 1136 40 2
715 1170 10 5
715 1171 3 10
715 1185 14 8
715 1195 17 1
720 721 16 5
720 722 10 2
720 723 4 4
720 724 30 3
720 725 23 6
720 726 36 1
720 793 37 7
720 826 8 9
720 836 29 3
720 895 27 7
720 1011 2 3
720 1022 48 6
720 1046 21 8
720 1068 24 7
720 1092 30 6
720 1106 15 1
720 1122 5 10
720 1137 6 9
720 1139 39 9
720 1172 9 6
720 1195 25 7
721 727 25 4
721 728 37 8
721 729 43 6
721 731 43 4
721 756 15 3
721 757 6 9
721 791 49 7
721 826 4 4
721 835 14 7
721 875 39 3
721 876 17 6
721 895 2 10
721 925 12 3
721 932 47 3
721 966 49 1
721 968 34 1
721 996 1 2
721 1010 3 7
721 1021 4 9
721 1048 39 5
721 1065 3 5
721 1090 8 8
721 1106 29 3
721 1122 19 3
721 1171 35 2
721 1185 16 10
721 1195 38 3
730 731 10 7
730 732 40 7
730 733 50 6
730 734 42 6
730 735 10 5
730 736 22 5
730 737 29 9
730 837 47 6
730 877 8 8
730 926 18 4
730 1024 27 10
730 1047 35 10
730 1090 24 10
730 1092 21 5
730 1137 47 2
730 1170 41 5
731 732 43 5
731 733 31 3
731 738 6 9
731 739 14 4
731 740 13 7
731 826 18 6
731 841 10 9
731 967 47 8
731 969 46 7
731 997 32 7
731 1045 18 10
731 1139 37 1
731 1172 17 9
731 1185 10 10
732 733 27 6
732 741 36 1
732 742 25 7
732 743 42 7
732 744 39 9
732 745 50 9
732 746 43 2
732 756 14 7
732 796 37 8
732 825 24 3
732 900 16 3
732 925 19 8
732 1010 6 7
732 1011 21 4
732 1067 12 3
732 1121 6 5
733 747 34 8
733 748 43 7
733 749 42 3
733 757 44 2
733 877 13 2
733 895 2 5
733 997 6 7
733 1023 14 10
733 1069 41 2
733 1106 24 5
733 1186 41 8
733 1195 16 4
750 751 25 10
750 752 32 5
750 753 25 6
750 754 38 10
750 755 47 6
750 756 39 9
750 757 44 6
750 758 9 1
750 759 16 6
750 760 18 3
750 761 44 10
750 762 3 7
750 793 31 6
750 839 34 6
750 898 4 7
750 899 44 6
750 931 37 6
750 996 35 3
750 997 37 3
750 1048 47 3
750 1120 24 10
751 752 39 4
751 753 20 6
751 754 50 2
751 755 15 4
751 756 36 4
751 757 7 1
751 763 18 9
751 764 40 4
751 765 37 8
751 766 2 1
751 767 16 2
751 790 42 4
751 878 2 3
751 1021 50 7
751 1048 42 6
751 1091 30 1
752 753 5 3
752 754 34 10
752 755 26 5
752 756 10 1
752 757 23 2
752 768 38 10
752 769 15 6
752 770 43 7
752 825 10 6
752 1011 34 2
752 1068 19 4
752 1186 17 2
753 754 36 9
753 755 4 5
753 756 1 10
753 757 4 5
753 771 21 4
753 772 42 5
753 969 16 4
753 1010 47 8
753 1024 15 6
753 1171 16 3
753 1195 31 8
754 755 44 10
754 756 4 3
754 757 4 6
754 773 9 8
754 774 41 2
754 775 24 3
754 776 31 4
754 777 10 3
754 932 41 6
754 1137 14 7
754 1186 23 3
755 756 40 9
755 757 35 3
755 778 2 5
755 779 23 4
755 780 35 4
755 876 34 3
755 1170 8 1
756 757 31 2
756 781 27 3
756 782 18 10
756 783 16 8
756 784 20 2
756 835 50 5
756 966 19 7
756 1105 34 8
756 1136 36 6
757 785 23 8
757 786 50 6
757 787 38 7
757 788 12 1
757 789 46 4
757 825 7 8
757 1068 4 9
757 1090 37 6
757 1106 20 4
757 1121 48 5
757 1195 44 3
790 791 34 1
790 792 43 3
790 793 35 8
790 794 40 9
790 795 32 9
790 796 15 4
790 797 17 4
790 798 30 9
790 799 1 5
790 800 44 3
790 801 49 10
790 802 7 5
790 803 4 1
790 804 13 10
790 805 6 2
790 837 19 5
790 929 28 8
790 970 44 6
790 1068 3 6
790 1185 8 4
790 1195 2 3
791 792 34 3
791 793 28 6
791 794 47 6
791 795 42 7
791 796 20 4
791 806 6 3
791 807 17 10
791 808 43 5
791 841 15 2
791 1011 36 2
791 1023 9 6
791 1107 9 6
791 1139 3 2
791 1195 4 4
792 793 5 7
792 794 23 8
792 795 28 3
792 796 26 6
792 809 46 2
792 1090 49 4
793 794 43 10
793 795 10 3
793 796 21 8
793 810 24 7
793 811 17 10
793 812 29 7
793 813 27 5
793 814 47 10
793 877 41 6
793 878 33 10
793 995 13 8
793 1046 25 6
793 1065 17 2
793 1090 48 10
793 1106 38 3
793 1120 24 2
794 795 32 8
794 796 7 7
794 815 42 6
794 816 24 7
794 817 37 10
794 818 6 2
794 819 34 6
794 820 41 7
794 825 39 4
794 965 23 2
794 995 42 8
794 1020 35 5
795 796 45 2
795 821 21 8
795 822 49 3
795 826 29 10
795 896 49 9
795 899 6 1
795 929 19 7
796 823 30 8
796 824 11 2
796 1045 10 1
796 1120 48 2
796 1141 8 4
796 1170 9 5
796 1172 11 8
825 826 12 4
825 827 36 4
825 828 17 6
825 829 11 7
825 836 5 2
825 842 21 8
825 927 35 3
825 996 21 1
825 1011 44 1
825 1023 16 10
825 1048 38 2
825 1068 22 1
825 1091 7 1
825 1092 8 10
825 1106 1 7
825 1107 3 7
825 1121 17 6
825 1122 33 8
825 1139 29 1
825 1195 2 1
826 830 28 1
826 831 23 2
826 832 22 10
826 833 11 5
826 834 9 2
826 876 15 7
826 878 4 10
826 896 35 8
826 897 50 2
826 927 21 4
826 965 25 1
826 969 1 2
826 997 10 1
826 1011 32 8
826 1020 34 4
826 1048 21 1
826 1136 1 9
826 1170 24 5
826 1171 25 2
826 1185 25 2
826 1195 22 6
835 836 25 3
835 837 41 3
835 838 44 9
835 839 4 2
835 840 21 5
835 841 37 9
835 842 8 3
835 843 34 10
835 844 27 3
835 845 50 1
835 997 49 7
835 1021 12 9
835 1024 20 2
835 1046 17 8
835 1066 8 3
835 1090 13 7
835 1185 46 4
836 837 46 2
836 838 43 9
836 839 23 3
836 840 39 7
836 841 8 1
836 842 42 7
836 846 26 3
836 847 17 1
836 848 36 7
836 849 33 9
836 877 34 1
836 1170 4 1
836 1195 31 4
837 838 25 2
837 839 19 8
837 840 15 8
837 841 2 1
837 842 48 2
837 850 3 1
837 851 40 4
837 970 49 6
837 1046 26 8
837 1105 46 1
837 1137 46 9
838 839 43 9
838 840 9 4
838 841 49 2
838 842 7 1
838 852 27 4
838 853 40 9
838 854 18 3
838 855 33 3
838 898 48 5
838 1122 12 6
838 1171 17 2
839 792 17 4
839 840 12 9
839 841 1 3
839 842 27 10
839 856 44 2
839 898 23 9
839 930 50 4
839 995 36 9
839 1071 23 4
839 1141 20 9
839 1186 30 2
840 841 11 3
840 842 12 1
840 857 2 7
840 858 26 8
840 859 29 1
840 877 27 10
840 1065 15 9
841 842 36 10
841 860 38 9
841 861 40 4
841 862 44 8
841 863 27 7
841 864 40 2
841 865 46 10
841 866 30 2
841 867 28 6
841 868 15 10
841 869 14 9
841 968 38 9
841 1011 4 1
842 870 49 7
842 871 1 3
842 872 20 6
842 873 23 1
842 874 24 7
842 925 32 3
842 1010 14 4
842 1090 37 4
842 1105 5 6
842 1120 29 9
875 876 22 8
875 877 20 4
875 878 28 1
875 879 7 1
875 880 41 3
875 896 10 4
875 1010 42 10
875 1048 48 4
875 1171 37 9
876 877 20 7
876 878 36 8
876 881 27 8
876 882 5 9
876 883 45 8
876 884 10 6
876 885 34 10
876 965 17 4
876 1020 3 1
876 1048 11 5
876 1069 17 10
876 1106 23 5
876 1121 31 2
876 1139 23 3
876 1141 42 3
876 1185 32 5
877 878 3 7
877 886 37 6
877 887 6 5
877 896 46 7
877 996 38 2
877 1011 32 7
877 1090 46 9
877 1120 44 10
877 1185 38 10
877 1195 7 6
878 888 32 7
878 889 32 8
878 890 45 7
878 891 40 5
878 892 19 6
878 893 4 2
878 894 36 10
878 929 33 8
878 970 7 10
878 995 32 6
878 1023 29 2
878 1106 49 8
878 1170 32 1
878 1195 14 10
895 896 32 5
895 897 31 7
895 898 24 7
895 899 43 2
895 900 15 7
895 901 18 6
895 902 37 4
895 903 16 1
895 930 22 9
895 997 16 10
895 1020 4 8
895 1066 11 5
895 1105 8 2
895 1121 18 2
896 897 8 8
896 898 27 2
896 899 27 8
896 900 22 7
896 904 1 2
896 997 39 3
896 1010 38 7
896 1047 18 1
896 1170 31 8
896 1185 28 2
896 1195 43 1
897 898 28 7
897 899 39 1
897 900 34 4
897 905 17 10
897 906 28 10
897 907 41 2
897 908 18 1
897 927 22 6
897 1048 30 5
897 1090 37 5
897 1139 45 1
898 899 26 7
898 900 8 8
898 909 5 8
898 910 34 3
898 911 20 7
898 912 8 6
898 966 33 4
898 969 5 9
898 1011 47 8
898 1121 48 3
898 1195 1 1
899 900 7 10
899 913 33 8
899 914 10 2
899 915 23 7
899 916 49 5
899 1020 13 5
899 1090 19 4
899 1136 17 9
899 1186 7 6
900 917 45 2
900 918 46 10
900 919 16 10
900 920 13 8
900 921 31 4
900 922 7 6
900 923 37 3
900 924 32 3
900 1066 37 9
900 1107 36 1
900 1172 3 7
925 926 50 9
925 927 1 5
925 928 17 1
925 929 33 10
925 930 3 10
925 931 17 1
925 932 37 7
925 933 26 1
925 934 21 1
925 935 39 5
925 936 23 2
925 937 34 2
925 938 33 7
925 997 30 7
925 1011 47 9
925 1069 30 10
925 1120 37 1
926 927 5 1
926 928 26 5
926 929 30 9
926 930 38 6
926 931 5 3
926 932 50 8
926 939 5 8
926 940 33 5
926 941 49 3
926 942 45 5
926 943 50 5
926 944 4 8
926 945 33 5
926 1170 27 5
926 1195 23 9
927 928 6 5
927 929 23 8
927 930 25 7
927 931 4 6
927 932 34 6
927 946 45 8
927 947 7 6
927 948 48 8
927 1090 24 7
927 1091 5 7
928 929 27 9
928 930 16 9
928 931 42 3
928 932 10 2
928 949 35 7
928 950 48 10
928 966 28 9
928 1011 43 4
928 1121 34 1
928 1170 20 6
929 930 44 2
929 931 42 8
929 932 38 7
929 951 23 4
929 952 41 10
929 953 25 1
929 954 31 3
929 955 40 3
929 956 9 3
929 995 18 1
929 1107 20 1
929 1195 47 7
930 931 50 4
930 932 48 8
930 957 48 2
930 965 4 10
930 1135 21 10
931 932 35 8
931 958 45 8
931 959 34 9
931 960 11 10
931 961 17 9
931 962 8 7
931 1022 43 5
931 1047 24 6
931 1069 11 4
931 1135 31 1
932 963 16 6
932 964 22 4
932 1021 19 6
932 1045 33 10
932 1106 44 5
932 1185 29 10
932 1186 2 4
965 966 31 3
965 967 50 10
965 968 46 3
965 969 27 9
965 970 25 4
965 971 9 1
965 972 43 9
965 1048 38 3
965 1120 16 6
966 967 27 5
966 968 39 8
966 969 32 1
966 970 19 6
966 973 26 5
966 974 38 8
966 975 46 10
966 976 40 2
966 977 39 3
966 978 25 7
966 995 25 8
966 1195 48 7
967 968 49 8
967 969 10 7
967 970 40 5
967 979 5 5
967 980 12 8
967 981 41 6
967 982 20 5
967 983 50 7
967 997 29 8
967 1141 45 3
967 1185 14 3
968 969 37 5
968 970 13 2
968 984 27 10
968 985 30 5
968 986 47 2
968 987 1 7
968 988 15 7
968 1011 31 10
968 1024 41 5
968 1066 23 6
968 1090 31 3
968 1092 32 4
968 1105 23 7
968 1171 18 9
968 1186 36 3
969 970 39 2
969 989 37 10
969 1066 47 5
969 1106 20 7
969 1172 9 3
970 990 4 3
970 991 36 5
970 992 15 4
970 993 37 8
970 994 20 4
970 1010 3 6
970 1024 26 5
970 1045 18 7
970 1122 2 5
970 1136 15 2
995 996 9 2
995 997 14 1
995 998 14 5
995 999 29 6
995 1000 4 4
995 1001 31 10
995 1002 31 10
995 1003 48 2
995 1011 4 6
995 1023 36 3
995 1141 40 6
995 1170 4 5
995 1185 39 2
996 997 32 10
996 1004 9 1
996 1005 44 4
996 1006 42 9
996 1007 41 8
996 1008 19 5
996 1011 11 5
996 1045 17 9
996 1066 2 2
996 1090 27 3
996 1092 45 8
996 1107 10 5
996 1122 6 7
996 1139 19 5
996 1170 26 3
996 1186 4 9
997 1009 1 1
997 1023 9 10
997 1045 8 7
997 1066 26 8
997 1122 26 8
997 1195 11 4
1010 1011 9 2
1010 1012 33 4
1010 1023 1 3
1010 1105 35 5
1010 1107 40 8
1010 1121 47 4
1010 1138 36 2
1010 1170 8 6
1011 1013 34 9
1011 1014 37 6
1011 1015 48 8
1011 1016 1 1
1011 1017 32 9
1011 1018 7 8
1011 1019 43 2
1011 1021 21 2
1011 1047 40 4
1011 1048 49 5
1011 1067 21 10
1011 1068 22 2
1011 1090 21 9
1011 1120 43 6
1011 1136 40 1
1011 1172 21 6
1011 1185 45 4
1011 1195 27 4
1020 1021 36 9
1020 1022 1 7
1020 1023 45 10
1020 1024 24 3
1020 1025 21 7
1020 1026 39 4
1020 1027 50 6
1020 1065 21 2
1021 1022 19 8
1021 1023 34 4
1021 1024 48 1
1021 1028 26 9
1021 1045 20 8
1021 1106 12 1
1021 1121 15 10
1021 1170 15 9
1021 1186 18 2
1022 1023 7 1
1022 1024 14 3
1022 1029 1 1
1022 1030 1 9
1022 1031 19 5
1022 1032 18 4
1022 1107 6 8
1022 1121 1 2
1022 1139 10 2
1023 1024 6 6
1023 1033 20 4
1023 1034 16 5
1023 1035 20 8
1023 1036 7 3
1023 1037 4 7
1023 1092 12 6
1023 1136 18 7
1023 1186 31 3
1024 1038 3 5
1024 1039 36 9
1024 1040 22 7
1024 1041 35 3
1024 1042 24 3
1024 1043 46 1
1024 1044 18 1
1024 1048 19 2
1024 1068 37 8
1024 1092 11 1
1024 1170 34 6
1024 1195 32 5
1045 1046 29 7
1045 1047 45 9
1045 1048 39 4
1045 1049 17 5
1045 1050 23 2
1045 1051 49 3
1045 1052 29 2
1045 1053 12 4
1045 1054 21 2
1045 1170 9 8
1045 1195 39 3
1046 1047 27 6
1046 1048 24 7
1046 1055 48 7
1046 1056 30 4
1046 1057 9 10
1046 1058 13 2
1046 1107 35 7
1046 1137 43 7
1046 1140 14 4
1046 1171 12 6
1046 1186 44 3
1047 1048 1 7
1047 1059 29 1
1047 1060 22 1
1047 1061 7 3
1047 1062 18 5
1047 1063 25 4
1047 1067 45 7
1047 1091 44 4
1047 1106 44 3
1047 1195 40 9
1048 1064 43 1
1048 1069 50 9
1048 1092 35 3
1048 1122 32 4
1048 1186 26 1
1065 1066 30 10
1065 1067 1 2
1065 1068 23 3
1065 1069 48 4
1065 1070 38 10
1065 1071 7 6
1065 1072 14 10
1065 1073 27 9
1065 1136 23 1
1065 1170 27 3
1065 1195 29 7
1066 1067 39 7
1066 1068 8 4
1066 1069 31 4
1066 1074 46 10
1066 1075 5 5
1066 1076 30 4
1066 1092 9 7
1066 1105 17 2
1066 1186 23 9
1067 1068 47 4
1067 1069 38 3
1067 1077 35 4
1067 1078 48 8
1067 1079 30 10
1067 1080 36 9
1067 1081 21 9
1067 1120 39 4
1068 1069 28 10
1068 1082 7 5
1068 1083 44 2
1068 1084 45 7
1068 1085 1 9
1068 1086 14 9
1068 1087 19 10
1068 1088 2 8
1068 1091 2 1
1068 1105 36 1
1068 1122 9 3
1069 1089 8 9
1069 1136 31 3
1090 1091 4 1
1090 1092 36 3
1090 1093 23 1
1090 1094 10 2
1090 1095 38 8
1090 1096 2 2
1090 1097 21 10
1090 1098 33 10
1090 1099 46 2
1090 1100 33 6
1090 1106 22 5
1090 1171 6 3
1091 1092 47 4
1091 1101 29 2
1091 1102 43 2
1091 1103 19 5
1091 1195 42 3
1092 1104 17 2
1092 1106 32 4
1092 1120 26 10
1092 1121 15 9
1092 1140 1 8
1092 1141 32 4
1092 1171 2 5
1092 1186 34 10
1105 1106 5 10
1105 1107 20 4
1105 1108 1 10
1105 1109 38 10
1105 1110 30 5
1105 1111 40 6
1105 1112 26 8
1105 1113 5 5
1105 1114 32 7
1105 1138 49 9
1105 1185 32 2
1106 1107 18 1
1106 1115 47 1
1106 1120 15 1
1106 1140 42 9
1106 1170 24 7
1106 1195 41 9
1107 1116 50 1
1107 1117 37 10
1107 1118 7 2
1107 1119 44 5
1107 1121 3 10
1107 1186 36 4
1120 1121 1 7
1120 1122 42 8
1120 1123 3 2
1120 1124 9 1
1120 1125 39 9
1120 1126 34 6
1120 1170 19 5
1120 1185 5 8
1120 1195 2 1
1121 1122 1 6
1121 1127 16 2
1121 1128 49 3
1121 1129 38 9
1121 1130 38 10
1121 1131 47 9
1121 1139 34 3
1121 1172 35 8
1121 1185 44 5
1122 1132 27 6
1122 1133 35 3
1122 1134 7 10
1122 1140 3 3
1122 1195 47 6
1135 1136 18 10
1135 1137 28 10
1135 1138 29 1
1135 1139 27 4
1135 1140 13 10
1135 1141 19 10
1135 1142 31 2
1135 1143 13 3
1135 1144 24 8
1135 1145 30 6
1135 1146 5 1
1135 1147 36 10
1135 1148 2 7
1135 1149 26 4
1135 1150 19 4
1135 1170 30 1
1135 1185 44 10
1136 1137 23 6
1136 1138 35 4
1136 1139 40 5
1136 1140 34 4
1136 1141 1 2
1136 1151 35 8
1136 1152 9 2
1136 1153 2 6
1136 1154 28 6
1136 1172 10 10
1137 1138 14 9
1137 1139 27 5
1137 1140 11 7
1137 1141 19 2
1137 1155 46 5
1137 1156 1 8
1137 1186 10 4
1138 1139 49 6
1138 1140 30 2
1138 1141 31 2
1138 1157 3 8
1138 1195 50 4
1139 1140 3 7
1139 1141 5 10
1139 1158 38 10
1139 1159 50 6
1140 1141 23 7
1140 1160 34 10
1140 1161 15 3
1140 1162 10 4
1140 1163 34 2
1140 1164 14 3
1141 1165 15 6
1141 1166 27 8
1141 1167 22 1
1141 1168 25 3
1141 1169 41 2
1170 1171 48 4
1170 1172 47 9
1170 1173 28 8
1170 1174 14 4
1170 1175 39 6
1170 1185 24 8
1170 1195 2 10
1171 1172 35 3
1171 1176 41 4
1171 1177 20 4
1171 1178 27 9
1171 1179 3 10
1171 1180 12 6
1171 1185 30 6
1171 1195 29 3
1172 1181 24 9
1172 1182 23 3
1172 1183 27 6
1172 1184 50 3
1185 1186 44 10
1185 1187 17 4
1185 1188 10 9
1185 1189 26 6
1185 1195 43 10
1186 1190 42 5
1186 1191 5 9
1186 1192 38 4
1186 1193 18 7
1186 1194 12 3
1186 1195 48 3
1195 1196 39 10
1195 1197 50 4
1195 1198 14 5
1195 1199 50 2

0 347 7
1 667 23
2 345 16
3 940 14
4 452 4
5 677 1
6 508 12
7 810 11
8 38 16
9 443 2
10 801 16
11 725 14
12 924 9
13 17 8
14 7 12
15 1103 11
16 1196 17
17 356 4
18 376 23
19 215 7
20 409 17
21 977 13
22 425 10
23 124 12
24 657 4
25 1153 1
26 912 4
27 608 27
28 807 5
29 168 21
30 435 22
31 287 8
32 373 9
33 873 9
34 1096 2
35 367 9
36 802 3
37 144 26
38 1082 5
39 73 6
40 709 15
41 399 2
42 97 34
43 364 2
44 167 8
45 1180 9
46 298 10
47 886 24
48 328 21
49 329 7
50 935 23
51 544 18
52 749 9
53 476 11
54 724 18
55 1149 18
56 887 2
57 379 7
58 283 10
59 659 3
60 632 5
61 1101 10
62 816 8
63 681 2
64 574 10
65 1157 1
66 349 13
67 103 6
68 976 9
69 870 17
70 1111 12
71 1043 32
72 326 8
73 92 25
74 288 11
75 1194 3
76 1062 6
77 915 14
78 95 6
79 44 17
80 656 26
81 830 7
82 1133 21
83 192 11
84 249 12
85 566 3
86 805 4
87 123 15
88 203 16
89 1014 16
90 959 12
91 946 29
92 114 6
93 48 1
94 779 6
95 1182 7
96 735 5
97 707 9
98 427 13
99 213 3
100 126 9
101 679 4
102 1146 2
103 691 2
104 63 3
105 971 4
106 658 1
107 319 1
108 522 23
109 539 12
110 893 2
111 343 23
112 499 7
113 609 3
114 587 25
115 253 12
116 766 1
117 1084 31
118 948 13
119 888 8
120 325 18
121 631 9
122 614 4
123 404 17
124 1190 16
125 397 8
126 560 13
127 1113 3
128 422 12
129 217 19
130 1053 8
131 571 8
132 625 17
133 16 20
134 458 22
135 820 11
136 992 9
137 903 9
138 913 19
139 1031 9
140 34 6
141 49 1
142 983 30
143 30 6
144 1175 19
145 890 15
146 1099 22
147 1025 9
148 320 4
149 748 12
150 180 5
151 394 19
152 473 22
153 1189 10
154 26 2
155 1013 11
156 1177 11
157 582 15
158 291 15
159 889 22
160 785 11
161 459 7
162 519 21
163 1129 13
164 52 13
165 436 9
166 565 6
167 36 17
168 403 14
169 922 3
170 891 24
171 558 5
172 1088 1
173 294 25
174 489 6
175 275 4
176 511 26
177 456 2
178 426 12
179 710 14
180 135 21
181 814 18
182 1144 6
183 64 15
184 300 10
185 695 19
186 784 7
187 1154 8
188 578 15
189 448 8
190 1178 18
191 471 2
192 223 20
193 381 12
194 1059 17
195 43 6
196 474 5
197 947 4
198 601 5
199 834 4
200 1049 9
201 102 14
202 1061 4
203 986 30
204 342 28
205 98 5
206 561 19
207 295 12
208 303 5
209 984 14
210 892 11
211 651 11
212 628 16
213 655 18
214 564 1
215 193 24
216 952 24
217 975 12
218 212 5
219 348 12
220 480 10
221 83 25
222 956 7
223 255 27
224 573 31
225 764 25
226 856 29
227 247 14
228 37 15
229 1000 1
230 110 24
231 190 31
232 112 26
233 1102 27
234 248 12
235 1119 30
236 760 13
237 745 26
238 867 19
239 80 19
240 905 7
241 902 19
242 939 3
243 639 9
244 612 12
245 297 28
246 54 28
247 1019 28
248 156 18
249 714 8
250 84 9
251 229 9
252 224 3
253 697 22
254 149 22
255 804 5
256 616 8
257 857 1
258 317 12
259 293 12
260 490 6
261 138 10
262 1078 32
263 649 20
264 569 2
265 147 2
266 1027 26
267 789 28
268 1116 13
269 813 18
270 603 18
271 346 16
272 644 6
273 1076 11
274 808 28
275 1063 10
276 1147 13
277 736 5
278 1009 1
279 1039 17
280 718 20
281 79 11
282 258 1
283 853 13
284 1117 26
285 105 6
286 177 30
287 67 11
288 729 27
289 1042 12
290 563 23
291 333 23
292 1041 20
293 955 24
294 401 26
295 1054 11
296 663 1
297 671 3
298 77 17
299 700 25
300 588 7
301 280 1
302 196 10
303 398 24
304 951 11
305 734 21
306 198 8
307 178 7
308 204 5
309 828 8
310 439 20
311 496 9
312 262 8
313 704 5
314 1097 9
315 782 4
316 1035 9
317 383 14
318 1109 14
319 234 3
320 1174 10
321 904 1
322 313 21
323 259 15
324 252 16
325 567 2
326 974 22
327 713 2
328 1161 10
329 648 17
330 176 20
331 1060 12
332 160 12
333 1134 5
334 812 12
335 635 11
336 1005 21
337 363 22
338 722 4
339 674 3
340 701 6
341 393 23
342 438 6
343 726 12
344 495 38
345 945 14
346 994 10
347 341 10
348 406 12
349 327 20
350 241 1
351 728 23
352 516 8
353 360 17
354 866 7
355 711 17
356 334 23
357 703 23
358 964 9
359 1028 10
360 29 4
361 285 12
362 698 12
363 468 22
364 543 11
365 985 15
366 629 6
367 273 9
368 1055 33
369 166 1
370 637 24
371 847 10
372 19 16
373 1184 31
374 783 11
375 174 1
376 250 3
377 6 27
378 723 2
379 972 29
380 154 26
381 481 4
382 484 12
383 706 11
384 339 20
385 454 27
386 944 2
387 323 1
388 100 17
389 1044 11
390 858 8
391 615 21
392 860 21
393 622 4
394 233 28
395 173 6
396 938 19
397 611 2
398 602 5
399 523 24
400 75 15
401 53 21
402 765 10
403 1115 15
404 862 12
405 276 8
406 645 16
407 1073 8
408 699 14
409 9 18
410 430 14
411 1152 3
412 768 21
413 568 19
414 619 32
415 1033 6
416 1064 21
417 859 15
418 680 9
419 1165 9
420 1179 2
421 164 12
422 846 17
423 1169 26
424 1029 1
425 264 26
426 682 18
427 18 6
428 514 4
429 157 4
430 990 1
431 1188 3
432 769 5
433 82 5
434 1089 5
435 740 4
436 423 4
437 70 26
438 61 4
439 498 15
440 800 15
441 279 13
442 74 5
443 949 22
444 369 6
445 901 11
446 1130 10
447 787 24
448 781 18
449 696 28
450 934 15
451 322 9
452 25 3
453 431 11
454 823 8
455 491 1
456 445 20
457 251 11
458 434 22
459 312 1
460 829 5
461 832 12
462 244 8
463 774 25
464 827 8
465 32 5
466 652 7
467 5 15
468 1081 8
469 27 5
470 521 26
471 195 15
472 1166 18
473 169 21
474 101 22
475 479 4
476 581 6
477 854 7
478 1145 13
479 918 11
