1200 4768 480

0 25 200
1 50 500
2 100 1200
3 150 2800
4 200 4500
5 250 7000

0 1500
1 1000
2 1500
3 1000
4 1500
5 2000
6 1000
7 2000
8 2000
9 1000
10 500
11 500
12 500
13 500
14 2000
15 1000
16 1000
17 2000
18 1000
19 2000
20 2000
21 500
22 1000
23 2000
24 2000
25 1500
26 1500
27 1000
28 1000
29 1000
30 1000
31 2000
32 2000
33 1000
34 1000
35 1000
36 1000
37 2000
38 500
39 500
40 1500
41 1500
42 1500
43 1500
44 1500
45 1500
46 1000
47 1000
48 2000
49 2000
50 2000
51 1000
52 2000
53 1000
54 2000
55 2000
56 2000
57 2000
58 1000
59 2000
60 2000
61 1000
62 2000
63 2000
64 1000
65 2000
66 1000
67 1000
68 2000
69 2000
70 1500
71 1500
72 1500
73 1500
74 1500
75 1000
76 1000
77 1000
78 2000
79 1000
80 1000
81 2000
82 1000
83 2000
84 2000
85 1000
86 2000
87 1000
88 1000
89 2000
90 1000
91 1000
92 1000
93 1000
94 1000
95 1000
96 2000
97 1000
98 500
99 500
100 1500
101 1500
102 1500
103 1000
104 1000
105 1000
106 2000
107 2000
108 2000
109 2000
110 1000
111 2000
112 1000
113 1000
114 2000
115 1500
116 1500
117 1000
118 1500
119 1500
120 1500
121 1000
122 1500
123 1500
124 1000
125 2000
126 2000
127 1000
128 2000
129 2000
130 2000
131 2000
132 2000
133 1000
134 2000
135 500
136 500
137 500
138 1000
139 2000
140 1000
141 1000
142 2000
143 2000
144 2000
145 1000
146 1000
147 2000
148 2000
149 2000
150 1000
151 2000
152 2000
153 500
154 2000
155 2000
156 1000
157 1000
158 1000
159 2000
160 1500
161 1500
162 1500
163 2000
164 2000
165 2000
166 1000
167 2000
168 2000
169 1000
170 1000
171 1000
172 2000
173 2000
174 2000
175 1000
176 1500
177 1000
178 1500
179 500
180 1000
181 1000
182 1000
183 1000
184 1000
185 2000
186 500
187 500
188 2000
189 2000
190 1000
191 1000
192 2000
193 2000
194 1000
195 1500
196 1500
197 1500
198 1500
199 2000
200 2000
201 1000
202 2000
203 2000
204 1000
205 1000
206 1000
207 1000
208 2000
209 1000
210 2000
211 2000
212 1000
213 1000
214 1000
215 1500
216 1500
217 1000
218 2000
219 1000
220 2000
221 1000
222 1000
223 1000
224 2000
225 1500
226 1500
227 1500
228 2000
229 2000
230 1000
231 1000
232 2000
233 2000
234 1000
235 1000
236 1000
237 2000
238 1000
239 2000
240 1500
241 1000
242 2000
243 2000
244 1000
245 1500
246 1500
247 1500
248 1500
249 1000
250 1000
251 2000
252 1000
253 1000
254 2000
255 2000
256 2000
257 2000
258 1000
259 2000
260 2000
261 2000
262 2000
263 1000
264 2000
265 1500
266 2000
267 2000
268 2000
269 1000
270 1500
271 1500
272 2000
273 1000
274 2000
275 1000
276 1000
277 2000
278 2000
279 1000
280 1500
281 1500
282 1000
283 2000
284 1000
285 2000
286 1000
287 2000
288 2000
289 1000
290 1500
291 1000
292 1500
293 1000
294 1500
295 1500
296 1500
297 2000
298 1000
299 2000
300 2000
301 2000
302 1000
303 1000
304 1000
305 500
306 2000
307 500
308 1000
309 1000
310 1000
311 2000
312 1000
313 1000
314 2000
315 2000
316 1000
317 2000
318 2000
319 1000
320 2000
321 2000
322 2000
323 1000
324 1000
325 1500
326 2000
327 2000
328 2000
329 2000
330 1500
331 1000
332 1500
333 1500
334 1000
335 1500
336 1500
337 1500
338 1000
339 2000
340 2000
341 1000
342 1000
343 1000
344 2000
345 500
346 2000
347 2000
348 2000
349 2000
350 1000
351 2000
352 1000
353 2000
354 2000
355 1000
356 2000
357 2000
358 1000
359 500
360 2000
361 1000
362 2000
363 2000
364 2000
365 2000
366 1000
367 2000
368 1000
369 1000
370 1000
371 1500
372 1500
373 1500
374 1500
375 500
376 500
377 2000
378 2000
379 1000
380 1000
381 1000
382 2000
383 2000
384 1000
385 1000
386 2000
387 1000
388 1000
389 1000
390 2000
391 2000
392 2000
393 1000
394 2000
395 1500
396 1000
397 1500
398 1500
399 1500
400 1500
401 1000
402 1000
403 2000
404 2000
405 500
406 2000
407 1000
408 1000
409 2000
410 2000
411 2000
412 1000
413 2000
414 2000
415 2000
416 1000
417 2000
418 2000
419 2000
420 2000
421 1000
422 1000
423 2000
424 1000
425 1500
426 1500
427 1500
428 1000
429 1500
430 1500
431 1000
432 2000
433 1000
434 1000
435 1000
436 2000
437 1000
438 2000
439 1000
440 2000
441 2000
442 2000
443 1000
444 2000
445 500
446 2000
447 2000
448 2000
449 2000
450 1000
451 2000
452 2000
453 2000
454 2000
455 1500
456 1500
457 1500
458 1000
459 1000
460 2000
461 1000
462 1000
463 2000
464 1000
465 1000
466 1000
467 2000
468 2000
469 2000
470 1500
471 1500
472 2000
473 1000
474 2000
475 2000
476 2000
477 2000
478 2000
479 2000
480 1500
481 1500
482 1500
483 1500
484 1500
485 1500
486 2000
487 1000
488 2000
489 2000
490 1000
491 1000
492 2000
493 2000
494 2000
495 2000
496 1000
497 1500
498 2000
499 1000
500 2000
501 2000
502 2000
503 2000
504 1000
505 2000
506 1000
507 1000
508 1000
509 2000
510 1500
511 1500
512 1500
513 1500
514 1500
515 1000
516 1000
517 1000
518 2000
519 2000
520 2000
521 2000
522 1000
523 1000
524 1000
525 2000
526 1000
527 2000
528 2000
529 1000
530 1000
531 1000
532 2000
533 1000
534 2000
535 1500
536 1500
537 1500
538 1000
539 2000
540 2000
541 2000
542 2000
543 1000
544 2000
545 2000
546 1000
547 1000
548 2000
549 2000
550 1500
551 1500
552 1500
553 1500
554 2000
555 2000
556 1000
557 1000
558 1000
559 2000
560 1000
561 2000
562 1000
563 1000
564 1000
565 2000
566 2000
567 2000
568 2000
569 2000
570 1500
571 1000
572 1500
573 1500
574 1500
575 1000
576 2000
577 2000
578 500
579 500
580 1000
581 1000
582 2000
583 2000
584 2000
585 1000
586 2000
587 1000
588 1000
589 2000
590 1000
591 1000
592 1000
593 1000
594 2000
595 1500
596 1500
597 1500
598 1500
599 1500
600 2000
601 2000
602 1000
603 2000
604 2000
605 2000
606 2000
607 2000
608 1000
609 2000
610 1000
611 2000
612 1000
613 1000
614 2000
615 1000
616 2000
617 1000
618 2000
619 1000
620 1500
621 1500
622 1500
623 1500
624 1500
625 1500
626 1000
627 2000
628 2000
629 2000
630 1000
631 2000
632 2000
633 1000
634 1000
635 1000
636 1000
637 2000
638 2000
639 1000
640 1000
641 2000
642 1000
643 2000
644 2000
645 1000
646 1000
647 1000
648 1000
649 2000
650 1500
651 1500
652 1500
653 2000
654 1000
655 2000
656 1000
657 2000
658 1000
659 1000
660 2000
661 1000
662 2000
663 2000
664 1000
665 1500
666 2000
667 1000
668 1000
669 2000
670 1500
671 1500
672 1000
673 2000
674 2000
675 2000
676 2000
677 2000
678 2000
679 2000
680 2000
681 1000
682 500
683 500
684 500
685 1500
686 1500
687 1500
688 2000
689 1000
690 1000
691 1000
692 2000
693 2000
694 1000
695 1000
696 1000
697 1000
698 2000
699 1000
700 1500
701 1500
702 1500
703 1500
704 1500
705 1000
706 1500
707 1500
708 1500
709 1000
710 2000
711 2000
712 2000
713 1000
714 1000
715 1000
716 2000
717 1000
718 1000
719 1000
720 2000
721 1000
722 2000
723 2000
724 2000
725 1000
726 2000
727 1000
728 2000
729 1000
730 1000
731 500
732 2000
733 2000
734 1000
735 1000
736 2000
737 2000
738 1000
739 2000
740 1000
741 2000
742 2000
743 1000
744 2000
745 1000
746 1500
747 500
748 500
749 500
750 1000
751 1000
752 1000
753 1000
754 2000
755 1500
756 1500
757 1000
758 1500
759 1500
760 2000
761 1000
762 1000
763 2000
764 500
765 500
766 500
767 500
768 500
769 1000
770 1000
771 1000
772 2000
773 1000
774 1000
775 1000
776 2000
777 1000
778 1000
779 1000
780 1000
781 1500
782 500
783 500
784 500
785 500
786 2000
787 1000
788 2000
789 1000
790 1500
791 1500
792 1500
793 2000
794 1000
795 2000
796 2000
797 2000
798 1000
799 1000
800 2000
801 2000
802 2000
803 1000
804 2000
805 1500
806 1500
807 1000
808 1500
809 1500
810 2000
811 1000
812 1000
813 1000
814 2000
815 2000
816 500
817 500
818 2000
819 2000
820 2000
821 1000
822 2000
823 1000
824 2000
825 2000
826 2000
827 1000
828 2000
829 2000
830 1500
831 1500
832 2000
833 2000
834 1000
835 1000
836 1000
837 2000
838 1000
839 1000
840 1500
841 1500
842 1500
843 1000
844 1000
845 2000
846 2000
847 2000
848 2000
849 1000
850 1000
851 2000
852 1000
853 2000
854 2000
855 1000
856 1500
857 1500
858 1000
859 1500
860 1500
861 500
862 2000
863 1000
864 1000
865 2000
866 1000
867 1000
868 1000
869 2000
870 1000
871 1000
872 1000
873 2000
874 500
875 500
876 2000
877 2000
878 2000
879 1000
880 1000
881 1000
882 1000
883 2000
884 1000
885 1500
886 1500
887 1500
888 1500
889 1500
890 1500
891 1500
892 1000
893 1000
894 1000
895 2000
896 1000
897 2000
898 2000
899 1000
900 2000
901 1000
902 1000
903 2000
904 2000
905 2000
906 1000
907 1000
908 2000
909 2000
910 1000
911 1000
912 2000
913 1000
914 1000
915 2000
916 1000
917 1000
918 1000
919 1000
920 1000
921 2000
922 1000
923 2000
924 500
925 1500
926 1500
927 1500
928 2000
929 1000
930 1000
931 2000
932 1000
933 2000
934 1000
935 2000
936 2000
937 2000
938 1000
939 1000
940 1500
941 1500
942 2000
943 2000
944 2000
945 1000
946 1000
947 1000
948 2000
949 2000
950 1500
951 1500
952 1500
953 1500
954 1500
955 2000
956 2000
957 1000
958 1000
959 2000
960 1000
961 1000
962 1000
963 1000
964 2000
965 2000
966 2000
967 2000
968 2000
969 1000
970 2000
971 1000
972 2000
973 1000
974 2000
975 1500
976 1000
977 1500
978 2000
979 1000
980 1000
981 2000
982 1000
983 500
984 500
985 500
986 2000
987 1000
988 2000
989 1000
990 1000
991 1500
992 1500
993 1500
994 500
995 500
996 500
997 2000
998 1000
999 2000
1000 1000
1001 2000
1002 1000
1003 1000
1004 2000
1005 2000
1006 1000
1007 2000
1008 2000
1009 1000
1010 1500
1011 1000
1012 2000
1013 2000
1014 2000
1015 1500
1016 1500
1017 1500
1018 2000
1019 1000
1020 1000
1021 1000
1022 1000
1023 2000
1024 1000
1025 2000
1026 2000
1027 1000
1028 1000
1029 2000
1030 1500
1031 1500
1032 1000
1033 1000
1034 2000
1035 2000
1036 1000
1037 1000
1038 2000
1039 2000
1040 1500
1041 1500
1042 1500
1043 1500
1044 1500
1045 1500
1046 2000
1047 2000
1048 1000
1049 2000
1050 1000
1051 1000
1052 2000
1053 1000
1054 2000
1055 1000
1056 2000
1057 2000
1058 1000
1059 2000
1060 1000
1061 1000
1062 1000
1063 2000
1064 2000
1065 2000
1066 1000
1067 1000
1068 1000
1069 2000
1070 1000
1071 1500
1072 1500
1073 1500
1074 500
1075 2000
1076 2000
1077 2000
1078 2000
1079 1000
1080 2000
1081 2000
1082 1000
1083 2000
1084 2000
1085 1000
1086 1000
1087 1000
1088 2000
1089 1000
1090 1500
1091 1500
1092 1500
1093 1500
1094 1500
1095 1500
1096 2000
1097 2000
1098 1000
1099 1000
1100 2000
1101 2000
1102 1000
1103 1000
1104 2000
1105 2000
1106 1000
1107 1000
1108 2000
1109 1000
1110 1000
1111 1000
1112 2000
1113 1000
1114 2000
1115 1000
1116 1000
1117 1000
1118 1000
1119 2000
1120 1500
1121 1500
1122 1500
1123 1500
1124 1500
1125 1500
1126 2000
1127 2000
1128 2000
1129 2000
1130 2000
1131 2000
1132 2000
1133 2000
1134 2000
1135 1000
1136 1000
1137 2000
1138 2000
1139 1000
1140 1000
1141 2000
1142 1000
1143 1000
1144 2000
1145 1000
1146 2000
1147 2000
1148 2000
1149 2000
1150 1500
1151 1500
1152 1500
1153 1000
1154 1000
1155 2000
1156 1000
1157 2000
1158 1000
1159 1000
1160 2000
1161 2000
1162 1000
1163 2000
1164 2000
1165 1500
1166 1500
1167 1500
1168 1500
1169 1500
1170 2000
1171 2000
1172 2000
1173 2000
1174 2000
1175 2000
1176 1000
1177 1000
1178 1000
1179 2000
1180 1000
1181 1000
1182 1000
1183 2000
1184 1000
1185 1000
1186 2000
1187 2000
1188 2000
1189 2000
1190 1500
1191 1500
1192 2000
1193 2000
1194 2000
1195 2000
1196 1000
1197 1000
1198 1000
1199 2000

0 1 44 9
0 2 10 9
0 3 1 4
0 4 34 9
0 5 38 6
0 6 31 8
0 7 19 7
0 8 24 10
0 9 2 9
0 25 36 7
0 44 30 9
0 162 38 5
0 196 9 8
0 240 7 4
0 248 7 1
0 265 21 1
0 281 20 4
0 325 43 8
0 428 12 5
0 484 18 10
0 550 49 3
0 670 48 10
0 700 24 5
0 701 34 3
0 746 9 7
0 781 14 9
0 841 47 1
0 887 37 6
0 940 16 10
0 952 27 7
0 1010 14 5
0 1015 43 9
0 1030 19 2
0 1092 8 7
0 1167 45 4
1 2 22 5
1 3 6 5
1 4 40 5
1 10 1 9
1 11 19 10
1 12 41 9
1 13 31 8
1 119 15 2
1 215 37 2
1 280 6 9
1 293 24 7
1 374 35 7
1 396 5 2
1 425 18 1
1 471 17 6
1 480 21 5
1 625 16 10
1 651 2 8
1 665 38 5
1 757 47 1
1 790 38 7
1 791 40 4
1 976 21 10
1 1095 44 9
1 1152 6 5
2 3 23 2
2 4 42 7
2 14 27 6
2 15 46 8
2 16 39 6
2 17 31 8
2 18 29 5
2 19 50 7
2 20 17 3
2 75 8 9
2 101 30 3
2 119 23 7
2 197 3 4
2 216 7 10
2 227 38 8
2 265 17 10
2 270 34 8
2 271 29 9
2 325 10 3
2 396 49 8
2 536 50 5
2 595 10 9
2 624 32 1
2 665 42 1
2 781 27 4
2 805 36 10
2 831 43 7
2 841 7 8
2 887 42 2
2 926 35 4
2 992 30 9
2 993 4 5
2 1031 36 3
2 1072 30 4
2 1073 12 10
3 4 20 5
3 21 25 7
3 227 10 8
3 245 23 3
3 333 17 7
3 335 16 3
3 455 18 1
3 470 26 10
3 510 31 9
3 514 12 5
3 550 2 8
3 573 9 3
3 574 42 7
3 671 11 4
3 687 39 3
3 808 6 4
3 830 48 8
3 926 29 3
3 1010 23 8
3 1040 44 2
3 1045 7 3
3 1125 32 9
3 1191 48 8
4 22 39 8
4 23 49 9
4 24 50 5
4 27 19 2
4 45 12 8
4 74 4 5
4 101 37 7
4 161 18 5
4 175 8 10
4 291 1 8
4 371 12 4
4 535 13 10
4 598 3 2
4 650 50 2
4 686 20 7
4 745 21 10
4 759 32 3
4 855 21 2
4 859 6 10
4 941 33 7
4 950 18 8
4 975 38 6
4 1015 21 9
4 1123 31 7
4 1150 35 3
4 1169 22 7
4 1191 42 5
25 26 33 5
25 27 16 1
25 28 33 2
25 29 18 6
25 30 12 10
25 31 44 8
25 40 34 5
25 120 16 10
25 227 48 8
25 240 27 4
25 265 11 1
25 293 15 3
25 294 11 6
25 325 47 5
25 332 11 4
25 337 15 8
25 370 37 2
25 395 5 10
25 425 50 6
25 456 22 7
25 481 25 10
25 512 41 8
25 572 27 6
25 622 1 8
25 665 47 10
25 671 39 6
25 701 35 3
25 746 6 8
25 755 1 1
25 830 26 6
25 858 42 2
25 886 14 4
25 925 45 7
25 941 29 8
25 953 45 3
25 975 23 5
25 976 18 5
25 993 30 1
25 1010 49 9
25 1125 4 10
25 1152 1 3
26 27 38 9
26 32 24 10
26 33 7 4
26 34 21 4
26 35 47 7
26 36 9 4
26 37 12 5
26 42 18 2
26 71 2 2
26 100 20 10
26 162 14 3
26 198 13 7
26 216 5 7
26 226 26 10
26 246 32 5
26 247 42 7
26 265 29 2
26 270 25 7
26 280 36 10
26 281 38 1
26 371 22 1
26 397 44 1
26 429 42 9
26 482 50 3
26 535 5 2
26 537 45 2
26 551 10 7
26 596 18 5
26 598 20 1
26 651 38 3
26 672 31 8
26 686 30 4
26 746 26 9
26 781 37 4
26 792 11 10
26 806 20 7
26 808 38 10
26 830 49 4
26 842 18 5
26 858 28 10
26 926 7 2
26 1010 17 9
26 1090 15 7
26 1094 19 5
26 1123 38 8
26 1166 33 8
26 1169 24 8
26 1190 2 9
26 1191 6 2
27 38 39 1
27 39 48 4
27 72 34 8
27 101 6 10
27 162 6 10
27 175 16 9
27 177 27 4
27 215 34 2
27 240 24 1
27 271 11 7
27 325 28 4
27 455 6 9
27 470 1 4
27 512 19 1
27 574 5 2
27 622 48 2
27 665 44 9
27 700 22 6
27 780 31 1
27 791 35 5
27 892 50 9
27 941 11 1
27 950 35 8
27 992 46 3
27 1016 19 3
27 1030 16 1
27 1031 9 2
27 1041 11 8
27 1045 30 9
27 1073 41 5
27 1152 16 1
40 41 9 9
40 42 20 2
40 43 19 8
40 44 37 7
40 45 36 4
40 46 11 3
40 47 50 9
40 48 1 1
40 49 34 10
40 100 49 2
40 120 19 3
40 197 41 4
40 240 13 8
40 246 16 10
40 281 1 4
40 337 50 9
40 373 17 5
40 535 50 9
40 553 20 6
40 596 23 5
40 598 37 4
40 651 17 5
40 665 24 7
40 686 49 3
40 885 48 5
40 926 45 2
40 1010 15 9
40 1040 29 10
41 42 1 4
41 43 49 9
41 44 16 10
41 45 28 6
41 50 44 7
41 51 34 2
41 52 18 4
41 53 39 7
41 54 21 8
41 162 23 6
41 296 45 5
41 325 30 4
41 397 34 5
41 427 48 4
41 428 35 7
41 471 49 1
41 536 11 5
41 621 2 5
41 746 20 1
41 780 32 10
41 889 24 2
41 951 9 3
41 977 36 8
41 991 4 3
41 1017 22 4
41 1071 9 9
41 1151 44 10
42 43 46 6
42 44 50 6
42 45 16 4
42 55 15 7
42 72 2 8
42 100 4 3
42 120 28 1
42 160 2 1
42 216 43 5
42 225 39 9
42 330 30 5
42 457 36 5
42 480 39 8
42 672 4 5
42 809 31 9
42 860 33 9
42 1017 24 8
42 1030 10 3
42 1042 26 8
42 1094 24 7
42 1168 12 2
43 44 41 3
43 45 2 1
43 56 10 8
43 57 8 5
43 58 25 3
43 59 39 8
43 60 45 8
43 196 17 6
43 216 20 5
43 240 38 7
43 246 1 8
43 265 45 9
43 271 33 1
43 395 21 4
43 456 50 10
43 513 44 4
43 620 45 4
43 665 15 10
43 687 17 1
43 700 19 7
43 705 32 2
43 756 38 1
43 941 49 3
43 1031 2 3
43 1151 27 10
43 1191 42 9
44 45 29 3
44 61 31 1
44 62 13 5
44 63 14 10
44 64 17 7
44 65 7 10
44 178 44 4
44 280 44 2
44 291 42 8
44 325 5 9
44 482 38 1
44 512 43 4
44 573 23 4
44 652 11 7
44 780 15 8
44 792 2 2
44 830 9 2
44 831 7 7
44 950 40 2
44 1123 4 6
44 1166 16 9
44 1190 23 10
45 66 47 6
45 67 8 9
45 68 2 10
45 69 11 10
45 72 16 6
45 175 33 1
45 265 35 7
45 270 50 7
45 374 1 5
45 471 37 2
45 553 31 5
45 573 49 5
45 672 33 1
45 746 45 8
45 755 17 9
45 791 33 2
45 809 12 9
45 840 29 7
45 842 19 10
45 855 27 10
45 927 16 9
45 941 2 4
45 976 12 5
45 993 3 10
45 1010 2 8
45 1071 41 2
45 1093 47 10
45 1120 18 6
70 71 13 2
70 72 26 3
70 73 16 5
70 74 25 4
70 75 26 4
70 76 14 4
70 77 42 4
70 78 28 10
70 295 19 1
70 370 2 2
70 371 12 8
70 395 30 2
70 455 23 8
70 512 19 4
70 685 3 9
70 892 42 1
70 940 22 9
70 951 30 2
70 977 29 7
70 1010 31 5
70 1015 13 3
70 1093 4 5
71 72 23 4
71 73 12 10
71 74 18 6
71 75 36 7
71 79 35 6
71 80 34 7
71 81 23 9
71 82 10 10
71 121 49 6
71 248 41 3
71 293 49 7
71 333 22 1
71 535 14 5
71 553 26 7
71 596 38 1
71 792 34 3
71 805 46 6
71 889 48 1
71 990 37 3
71 1124 19 4
71 1169 40 5
72 73 24 6
72 74 45 7
72 75 28 10
72 83 43 5
72 84 25 8
72 85 44 2
72 101 45 10
72 161 24 4
72 240 10 10
72 265 36 2
72 331 28 4
72 395 46 3
72 457 15 8
72 484 33 6
72 536 33 7
72 572 33 8
72 650 20 10
72 652 2 1
72 672 33 3
72 745 3 6
72 781 41 10
72 830 24 2
72 841 16 10
72 926 48 10
72 1045 5 5
72 1190 20 4
73 74 42 1
73 75 18 7
73 86 26 1
73 87 35 6
73 88 33 4
73 89 19 3
73 90 13 2
73 176 6 1
73 178 42 10
73 216 10 1
73 226 49 2
73 240 8 8
73 270 30 4
73 471 32 2
73 665 14 4
73 685 12 9
73 701 22 7
73 792 38 1
73 856 48 3
73 940 22 7
73 953 21 4
73 977 38 1
73 1031 15 6
73 1094 39 4
74 75 12 1
74 91 40 4
74 92 7 9
74 93 26 8
74 94 18 1
74 95 1 10
74 96 35 4
74 97 26 7
74 120 4 4
74 195 33 6
74 198 49 6
74 227 4 1
74 247 50 2
74 426 50 5
74 429 45 6
74 470 1 7
74 511 7 9
74 572 40 8
74 623 49 2
74 702 2 8
74 746 35 8
74 756 44 4
74 781 35 7
74 841 26 3
74 859 31 7
74 1010 15 4
74 1040 5 8
74 1073 5 8
74 1152 22 3
74 1166 13 4
75 98 14 5
75 99 12 1
75 102 14 2
75 160 9 6
75 216 43 2
75 265 44 6
75 280 28 3
75 325 7 9
75 484 11 6
75 553 8 7
75 595 46 10
75 622 44 6
75 665 8 2
75 671 3 2
75 755 25 3
75 805 44 8
75 926 48 3
75 990 20 7
75 1015 10 5
75 1030 29 9
75 1072 30 10
75 1122 27 2
100 101 1 7
100 102 27 7
100 103 5 3
100 104 23 5
100 105 4 9
100 106 28 1
100 107 25 8
100 116 35 3
100 162 36 7
100 216 29 8
100 240 5 5
100 270 21 2
100 280 3 4
100 291 16 6
100 325 24 2
100 330 9 2
100 337 36 4
100 374 39 2
100 470 25 2
100 471 30 9
100 550 13 7
100 574 40 2
100 621 23 5
100 622 5 8
100 650 12 9
100 665 17 3
100 670 10 5
100 686 39 7
100 708 18 3
100 746 10 10
100 755 19 9
100 781 47 7
100 807 12 7
100 809 3 1
100 926 21 1
100 952 29 1
100 990 9 10
100 1010 7 10
100 1030 39 7
100 1044 12 10
100 1121 27 10
100 1151 7 8
100 1168 10 9
100 1191 21 1
101 102 30 5
101 108 5 2
101 109 7 10
101 160 5 4
101 175 30 6
101 197 17 1
101 215 14 6
101 225 9 8
101 227 40 5
101 270 31 2
101 295 50 1
101 374 10 1
101 429 1 10
101 480 41 9
101 535 32 4
101 536 17 9
101 553 44 1
101 597 38 7
101 650 7 1
101 665 3 5
101 670 7 2
101 701 20 3
101 758 36 8
101 781 43 5
101 790 8 2
101 831 47 7
101 842 1 9
101 887 24 6
101 940 3 5
101 951 15 4
101 976 44 1
101 991 27 7
101 1010 17 1
101 1016 9 7
101 1017 29 5
101 1030 44 2
101 1071 29 6
101 1072 21 2
101 1093 27 3
102 110 47 6
102 111 21 2
102 112 42 3
102 113 15 4
102 114 27 8
102 117 22 5
102 178 33 8
102 198 30 5
102 246 2 5
102 248 35 9
102 265 9 8
102 281 2 10
102 396 6 7
102 397 6 6
102 427 13 4
102 457 28 4
102 481 22 6
102 511 14 10
102 514 37 10
102 572 48 6
102 599 3 10
102 687 35 1
102 841 47 4
102 858 5 10
102 860 9 7
102 888 2 2
102 926 1 5
102 940 42 3
102 976 8 4
102 1040 3 9
102 1091 6 3
102 1123 37 3
102 1166 41 3
102 1190 20 6
115 116 38 6
115 117 41 10
115 118 42 1
115 119 45 7
115 120 25 9
115 121 7 4
115 122 21 6
115 123 4 10
115 124 36 9
115 125 38 2
115 126 29 1
115 127 39 8
115 128 26 2
115 129 36 8
115 130 26 6
115 177 15 10
115 195 1 5
115 225 14 1
115 240 45 3
115 280 20 6
115 425 42 7
115 426 32 4
115 471 30 3
115 513 27 10
115 650 16 8
115 665 6 8
115 855 4 2
115 892 7 3
115 941 22 6
115 1010 31 9
115 1030 40 4
115 1031 16 2
115 1073 40 8
116 117 38 9
116 118 23 10
116 119 2 10
116 120 15 2
116 121 29 2
116 122 18 10
116 123 32 2
116 131 2 2
116 132 37 3
116 133 17 6
116 134 27 2
116 216 3 6
116 240 32 6
116 337 16 10
116 397 50 1
116 398 9 7
116 552 32 10
116 598 44 3
116 623 49 2
116 671 45 3
116 708 48 3
116 925 20 2
116 941 40 10
116 1151 19 7
117 118 20 2
117 119 36 1
117 120 35 4
117 121 16 10
117 122 1 10
117 123 7 6
117 135 14 2
117 136 3 9
117 137 24 9
117 196 7 10
117 226 3 1
117 265 16 5
117 295 30 3
117 470 3 6
117 951 11 4
117 1017 11 2
117 1090 37 7
117 1120 34 9
118 119 42 10
118 120 33 6
118 121 34 7
118 122 11 9
118 123 35 4
118 138 27 1
118 139 9 9
118 140 5 7
118 141 39 2
118 142 5 3
118 143 15 2
118 483 31 4
118 574 16 1
118 621 4 9
118 745 15 1
118 841 16 5
118 860 2 6
118 889 45 5
118 927 9 4
119 120 18 2
119 121 49 7
119 122 28 6
119 123 7 2
119 144 3 6
119 145 40 3
119 146 1 3
119 147 18 9
119 160 28 10
119 216 47 9
119 265 28 1
119 270 49 5
119 536 36 3
119 571 48 9
119 665 28 7
119 1190 16 9
120 121 46 4
120 122 50 1
120 123 13 7
120 148 3 3
120 149 27 10
120 150 19 4
120 151 35 8
120 152 38 3
120 245 16 1
120 246 18 3
120 325 33 5
120 455 22 4
120 484 16 3
120 670 2 3
120 685 45 2
120 686 16 6
120 954 50 6
120 992 3 2
120 1010 4 2
120 1095 31 8
120 1165 36 5
120 1166 17 1
121 122 18 6
121 123 18 4
121 153 47 8
121 271 48 8
121 280 9 2
121 293 14 6
121 332 31 4
121 651 37 3
121 756 33 10
121 790 4 4
121 807 25 1
121 808 15 4
121 830 9 7
121 976 19 9
121 991 18 1
122 123 39 6
122 154 47 3
122 155 46 5
122 175 22 9
122 370 33 2
122 551 20 3
122 599 14 4
122 708 26 5
122 759 18 10
122 841 44 3
122 1040 27 2
122 1045 41 10
123 156 31 6
123 157 16 3
123 158 26 3
123 159 9 8
123 162 1 9
123 457 39 8
123 514 15 8
123 535 45 4
123 745 25 7
123 780 17 9
123 781 30 7
123 792 46 9
123 830 20 1
123 976 8 3
123 1016 35 5
123 1072 35 5
123 1123 48 6
123 1151 35 5
123 1191 11 6
160 161 15 4
160 162 39 9
160 163 29 3
160 176 30 5
160 195 34 1
160 226 8 2
160 247 4 2
160 248 19 3
160 373 1 9
160 426 48 1
160 430 3 9
160 457 15 8
160 471 14 8
160 484 8 2
160 570 5 9
160 599 14 9
160 670 23 1
160 745 28 3
160 757 18 7
160 790 39 7
160 806 11 3
160 830 35 1
160 858 19 3
160 927 23 4
160 952 33 6
160 954 15 4
160 976 25 4
160 990 25 8
160 991 41 4
160 1010 3 10
160 1030 29 3
160 1090 7 8
160 1121 36 9
160 1123 36 6
160 1150 46 6
161 162 12 1
161 164 38 7
161 165 14 4
161 166 46 9
161 167 25 3
161 168 8 2
161 169 22 2
161 177 3 9
161 265 14 8
161 290 6 7
161 325 18 10
161 400 7 8
161 455 42 2
161 536 23 10
161 553 39 10
161 572 24 3
161 650 43 6
161 651 32 9
161 665 1 10
161 672 35 9
161 686 30 6
161 702 16 7
161 704 32 3
161 745 38 1
161 756 33 1
161 780 39 4
161 781 4 10
161 792 36 3
161 808 38 7
161 858 2 10
161 889 16 8
161 891 1 9
161 940 19 3
161 941 39 4
161 1010 6 3
161 1041 21 4
161 1071 43 2
161 1072 2 1
161 1093 25 9
161 1152 41 3
161 1168 48 9
161 1190 10 5
162 170 37 7
162 171 44 9
162 172 34 9
162 173 19 3
162 174 48 9
162 195 16 5
162 215 23 3
162 226 34 1
162 240 25 10
162 270 3 3
162 280 40 6
162 281 32 2
162 292 13 9
162 325 13 8
162 330 36 1
162 337 9 3
162 372 13 5
162 395 16 9
162 471 4 2
162 483 46 2
162 512 31 10
162 514 40 7
162 535 27 3
162 552 14 1
162 597 17 2
162 620 27 4
162 625 38 2
162 665 11 2
162 685 36 5
162 842 2 8
162 925 37 7
162 975 23 5
162 1015 26 4
162 1016 36 6
162 1031 5 3
162 1169 26 6
162 1190 19 5
175 176 11 5
175 177 8 9
175 178 38 5
175 179 3 5
175 198 7 1
175 226 41 1
175 270 35 10
175 271 34 3
175 325 49 3
175 372 23 4
175 395 44 5
175 482 29 7
175 484 12 3
175 536 25 4
175 597 27 8
175 652 18 7
175 665 45 7
175 781 7 7
175 790 33 5
175 806 24 8
175 831 4 6
175 841 21 4
175 925 27 3
175 926 9 7
175 940 44 9
175 977 19 4
175 1010 31 3
175 1015 19 2
175 1031 18 7
175 1151 26 9
175 1190 42 2
176 177 42 7
176 178 45 4
176 180 33 3
176 181 13 1
176 182 42 7
176 183 12 5
176 184 10 9
176 185 8 9
176 197 33 2
176 215 20 2
176 226 35 9
176 240 21 9
176 265 49 8
176 427 45 2
176 574 44 7
176 620 36 6
176 686 1 6
176 704 18 10
176 790 23 5
176 809 31 10
176 841 25 7
176 892 30 10
176 990 46 7
176 992 18 2
176 1072 6 2
176 1091 34 2
176 1166 48 4
177 178 40 9
177 186 45 5
177 187 16 2
177 245 11 5
177 248 49 3
177 265 5 2
177 280 13 6
177 332 25 4
177 334 12 10
177 399 37 4
177 430 18 1
177 470 48 7
177 513 18 8
177 535 38 4
177 599 20 8
177 652 27 5
177 670 15 10
177 671 43 7
177 687 30 9
177 702 46 10
177 746 36 8
177 755 13 8
177 781 28 1
177 830 32 6
177 858 17 10
177 941 14 6
177 951 18 9
177 952 6 8
177 976 21 8
177 1017 8 1
177 1030 8 9
177 1045 25 1
177 1120 29 9
177 1124 24 10
178 188 38 1
178 189 4 3
178 190 41 7
178 191 9 1
178 192 46 7
178 193 21 7
178 194 15 5
178 240 50 4
178 280 15 2
178 290 3 6
178 292 11 8
178 325 9 3
178 374 17 5
178 457 27 2
178 471 33 7
178 512 11 8
178 551 19 10
178 553 4 5
178 573 41 7
178 620 19 2
178 746 44 4
178 757 21 10
178 857 25 5
178 887 43 8
178 1043 22 6
178 1073 34 6
178 1093 12 8
178 1150 47 5
195 196 18 6
195 197 39 1
195 198 5 6
195 199 17 8
195 200 22 10
195 201 38 7
195 202 43 7
195 203 38 9
195 204 50 9
195 205 24 8
195 215 24 1
195 248 17 6
195 265 15 8
195 270 17 10
195 271 7 3
195 280 48 6
195 325 24 3
195 332 38 2
195 455 23 9
195 471 34 3
195 536 24 10
195 672 47 6
195 792 22 7
195 807 21 8
195 809 10 3
195 831 22 1
195 926 24 1
195 1010 36 9
195 1016 41 9
195 1071 48 3
195 1123 30 3
195 1190 35 10
196 197 2 1
196 198 46 3
196 206 10 2
196 207 5 7
196 208 15 7
196 296 1 5
196 334 43 5
196 373 27 10
196 397 21 9
196 398 14 7
196 485 49 10
196 537 4 10
196 550 50 8
196 552 40 10
196 597 1 3
196 651 37 2
196 670 18 7
196 702 29 9
196 759 33 3
196 781 38 4
196 858 49 3
196 892 16 4
196 940 25 4
196 941 50 8
196 950 28 7
196 975 6 7
196 992 20 6
196 1010 18 8
196 1015 20 4
196 1092 5 2
196 1093 42 4
196 1191 22 2
197 198 19 8
197 209 27 9
197 210 8 4
197 225 45 2
197 227 27 3
197 240 22 9
197 246 44 3
197 280 23 1
197 325 20 3
197 371 1 8
197 572 37 8
197 624 29 1
197 665 28 9
197 685 32 2
197 781 17 9
197 831 1 7
197 840 33 4
197 841 42 10
197 855 24 7
197 886 12 5
197 954 28 3
197 992 49 8
197 1031 1 4
197 1042 34 7
197 1070 19 3
197 1166 8 2
197 1168 1 7
198 211 15 4
198 212 16 7
198 213 19 10
198 214 16 10
198 215 24 1
198 240 7 3
198 265 26 2
198 291 50 10
198 425 4 4
198 426 43 3
198 457 48 10
198 470 9 5
198 484 45 4
198 511 11 1
198 512 15 8
198 574 46 8
198 596 11 5
198 623 50 3
198 650 11 1
198 665 15 10
198 686 45 4
198 704 25 1
198 745 35 8
198 746 24 9
198 756 50 3
198 791 42 4
198 926 25 5
198 975 13 1
198 1031 11 9
198 1044 10 1
198 1120 13 10
198 1151 43 7
198 1152 2 4
215 216 45 8
215 217 19 9
215 218 21 1
215 219 35 5
215 220 8 10
215 221 41 1
215 222 11 3
215 227 31 7
215 240 5 4
215 247 23 6
215 265 49 5
215 270 13 3
215 281 24 1
215 291 5 6
215 293 11 3
215 325 27 2
215 331 18 8
215 370 33 9
215 373 17 8
215 398 45 6
215 425 48 5
215 430 41 5
215 455 42 5
215 470 7 2
215 482 28 3
215 485 42 10
215 537 25 5
215 596 39 8
215 665 34 1
215 671 45 7
215 685 11 9
215 686 9 9
215 705 18 9
215 746 7 2
215 756 11 3
215 781 30 7
215 790 20 6
215 830 16 6
215 841 34 3
215 842 8 2
215 856 2 3
215 927 38 9
215 941 1 4
215 952 9 6
215 976 16 3
215 990 36 4
215 1010 34 7
215 1015 10 6
215 1031 45 2
215 1041 14 10
215 1071 7 2
215 1120 11 3
215 1125 1 2
215 1150 38 7
215 1152 6 6
215 1191 24 2
216 223 50 2
216 224 19 4
216 226 40 1
216 240 22 8
216 248 38 2
216 265 10 1
216 281 13 9
216 331 23 3
216 399 46 5
216 455 3 3
216 470 19 10
216 511 50 7
216 513 1 2
216 536 18 6
216 552 17 1
216 553 40 5
216 570 15 8
216 571 3 8
216 599 21 10
216 621 35 10
216 651 19 7
216 652 25 4
216 670 47 7
216 708 8 6
216 746 41 7
216 781 16 5
216 806 15 8
216 807 5 2
216 857 8 1
216 888 1 3
216 889 49 9
216 941 8 8
216 951 13 7
216 977 28 8
216 991 41 10
216 1010 22 2
216 1015 34 3
216 1031 16 10
216 1071 35 6
216 1090 28 10
216 1091 1 9
216 1165 5 8
216 1168 49 4
216 1190 2 6
225 226 2 10
225 227 30 3
225 228 36 9
225 229 18 9
225 230 39 4
225 231 12 2
225 240 10 2
225 248 31 9
225 265 35 5
225 325 47 7
225 336 31 6
225 400 18 10
225 455 8 2
225 470 16 3
225 485 28 2
225 536 3 3
225 572 16 7
225 650 24 9
225 671 17 2
225 686 11 1
225 745 39 7
225 842 21 10
225 857 14 4
225 950 46 10
225 976 26 7
225 990 24 4
225 993 28 8
225 1010 4 1
225 1015 1 3
225 1030 32 8
225 1041 25 4
225 1151 43 5
226 227 7 7
226 232 15 9
226 233 50 1
226 234 22 8
226 270 13 10
226 325 29 8
226 332 3 7
226 370 35 8
226 400 37 6
226 430 8 2
226 485 4 4
226 550 30 7
226 573 20 3
226 597 26 4
226 599 27 7
226 620 49 9
226 687 20 10
226 759 35 8
226 806 35 6
226 830 35 9
226 840 21 2
226 860 7 6
226 889 50 10
226 925 4 3
226 941 37 1
226 976 13 8
226 1010 4 10
226 1017 10 5
226 1042 3 7
226 1072 5 4
226 1094 35 5
226 1122 13 3
226 1169 45 4
226 1190 2 4
226 1191 47 3
227 235 20 4
227 236 4 8
227 237 48 9
227 238 36 2
227 239 27 8
227 240 20 5
227 248 11 6
227 265 14 7
227 270 34 7
227 280 37 6
227 281 48 8
227 291 12 3
227 374 15 8
227 429 44 5
227 456 44 8
227 471 34 7
227 511 36 10
227 514 26 5
227 551 13 10
227 620 33 9
227 651 26 8
227 665 29 3
227 670 36 4
227 702 49 4
227 708 39 4
227 745 10 6
227 757 41 1
227 780 17 3
227 781 45 10
227 790 38 7
227 792 43 8
227 805 12 2
227 830 19 10
227 886 44 10
227 925 47 4
227 1091 39 1
227 1125 44 10
227 1152 31 8
227 1169 32 5
240 241 50 7
240 242 9 9
240 243 27 2
240 244 43 10
240 245 9 10
240 265 40 8
240 270 19 1
240 271 37 9
240 280 28 9
240 293 23 3
240 296 16 7
240 325 50 7
240 330 33 3
240 334 11 10
240 372 34 2
240 374 39 9
240 398 40 6
240 430 13 7
240 455 36 3
240 457 37 10
240 470 16 3
240 481 38 8
240 483 21 7
240 511 29 1
240 512 25 4
240 535 42 2
240 536 50 9
240 552 33 10
240 553 25 6
240 570 1 2
240 571 35 8
240 595 44 9
240 599 48 2
240 621 11 8
240 624 5 3
240 651 16 2
240 652 30 7
240 665 4 10
240 670 46 1
240 671 47 2
240 686 27 9
240 687 8 2
240 704 26 8
240 707 11 3
240 746 36 9
240 756 38 6
240 759 12 9
240 780 19 10
240 781 31 10
240 791 38 10
240 792 30 2
240 806 44 9
240 807 34 8
240 830 47 6
240 840 19 7
240 856 15 1
240 860 32 3
240 887 23 9
240 926 40 2
240 927 28 1
240 940 42 8
240 941 50 6
240 950 41 8
240 953 31 7
240 975 8 3
240 976 32 2
240 990 30 4
240 992 10 6
240 1010 32 6
240 1016 9 5
240 1017 13 2
240 1030 15 3
240 1031 20 6
240 1043 24 3
240 1044 38 4
240 1073 7 3
240 1090 12 2
240 1095 27 6
240 1120 4 10
240 1125 34 3
240 1151 29 10
240 1169 5 9
240 1190 2 8
240 1191 42 7
245 246 20 1
245 247 22 5
245 248 48 10
245 249 22 3
245 250 14 8
245 251 40 1
245 252 29 1
245 253 1 1
245 254 22 2
245 428 50 4
245 536 23 5
245 551 14 1
245 625 42 9
245 652 18 8
245 665 42 3
245 670 15 5
245 687 16 9
245 745 9 1
245 755 9 8
245 780 44 10
245 790 7 8
245 807 36 10
245 809 3 7
245 830 5 5
245 855 27 3
245 953 42 1
245 1010 36 5
245 1071 7 1
245 1166 9 5
246 247 35 10
246 248 47 4
246 255 49 9
246 256 28 1
246 280 35 5
246 325 10 2
246 335 37 5
246 480 27 1
246 625 44 9
246 651 20 3
246 672 40 1
246 686 48 5
246 746 46 1
246 759 33 6
246 791 45 4
246 842 45 6
246 856 29 7
246 940 4 10
246 976 41 2
246 990 41 4
246 1010 40 9
246 1015 26 1
246 1016 19 7
246 1045 24 2
246 1095 7 7
246 1124 18 4
246 1150 50 5
246 1168 5 4
247 248 50 7
247 257 49 1
247 258 46 8
247 259 37 3
247 271 16 7
247 293 11 4
247 371 44 5
247 374 18 2
247 396 26 6
247 457 2 7
247 471 13 7
247 511 11 8
247 551 3 10
247 570 40 8
247 574 45 2
247 665 19 4
247 708 21 7
247 780 8 1
247 830 1 1
247 885 27 5
247 926 20 8
247 941 27 2
247 952 18 10
247 977 41 2
247 1030 8 8
247 1045 15 10
247 1071 16 9
247 1093 19 10
247 1151 4 9
247 1190 25 3
247 1191 43 9
248 260 49 2
248 261 47 10
248 262 39 9
248 263 23 2
248 264 23 6
248 265 24 8
248 271 47 3
248 281 42 2
248 293 50 4
248 325 42 1
248 335 6 1
248 400 3 6
248 429 48 6
248 455 20 3
248 470 40 1
248 481 47 7
248 514 8 4
248 595 3 3
248 598 19 5
248 704 44 3
248 841 3 1
248 890 26 5
248 927 31 6
248 1031 8 10
248 1125 44 8
265 266 13 1
265 267 44 9
265 268 23 6
265 269 16 9
265 270 44 8
265 280 12 6
265 281 21 8
265 292 14 5
265 295 21 4
265 325 21 1
265 331 32 1
265 337 34 9
265 370 18 3
265 373 18 4
265 398 13 5
265 399 34 3
265 426 15 9
265 427 11 9
265 455 23 9
265 457 2 2
265 471 26 3
265 481 13 3
265 510 19 10
265 512 10 4
265 535 12 6
265 537 23 1
265 550 41 4
265 552 3 4
265 571 39 9
265 573 45 7
265 599 44 2
265 620 31 2
265 623 3 3
265 650 1 3
265 651 18 5
265 665 10 9
265 670 43 8
265 672 12 10
265 685 5 8
265 705 21 8
265 706 37 9
265 746 12 10
265 755 13 1
265 756 2 5
265 780 46 2
265 790 19 4
265 805 6 2
265 807 50 1
265 831 26 3
265 840 45 6
265 857 47 3
265 860 2 4
265 890 48 6
265 892 31 6
265 927 27 10
265 940 5 10
265 941 35 6
265 950 24 1
265 954 5 9
265 977 34 2
265 990 21 10
265 1010 43 5
265 1015 26 1
265 1017 43 8
265 1031 8 2
265 1041 38 10
265 1045 23 8
265 1071 17 7
265 1073 6 5
265 1090 29 1
265 1093 10 10
265 1120 45 2
265 1124 13 4
265 1150 1 8
265 1167 12 2
265 1169 1 8
265 1190 14 1
270 271 32 7
270 272 37 3
270 273 29 8
270 274 10 6
270 275 40 1
270 280 44 7
270 294 3 4
270 325 26 5
270 335 11 10
270 372 26 4
270 373 39 9
270 395 28 8
270 457 32 7
270 470 13 3
270 471 8 3
270 483 40 3
270 514 25 3
270 535 41 3
270 550 20 8
270 553 25 2
270 570 27 8
270 573 14 3
270 596 17 6
270 652 15 6
270 665 8 2
270 671 19 3
270 672 18 3
270 685 37 6
270 686 15 6
270 703 14 5
270 705 49 2
270 746 35 10
270 780 12 2
270 781 23 6
270 791 11 5
270 792 5 6
270 806 31 10
270 807 49 6
270 830 28 2
270 841 38 8
270 856 45 4
270 858 31 9
270 892 49 6
270 925 31 1
270 926 40 8
270 954 16 5
270 975 3 7
270 976 7 7
270 993 17 7
270 1017 24 9
270 1030 7 8
270 1041 13 7
270 1043 44 4
270 1071 33 8
270 1073 28 3
270 1092 22 7
270 1123 30 6
270 1125 29 1
270 1150 12 4
270 1167 47 3
270 1190 5 10
271 276 8 9
271 277 31 4
271 278 18 6
271 279 30 10
271 280 41 2
271 294 15 7
271 335 2 7
271 397 21 10
271 425 13 7
271 427 15 3
271 457 7 3
271 483 18 6
271 512 36 5
271 536 42 8
271 595 1 6
271 620 12 6
271 624 32 9
271 651 2 8
271 665 38 2
271 746 22 4
271 757 36 2
271 758 39 5
271 841 5 3
271 889 29 10
271 940 28 8
271 953 16 8
271 990 44 5
271 1010 44 3
271 1017 18 4
271 1031 31 1
271 1092 9 3
271 1151 21 1
271 1169 11 3
280 281 33 3
280 282 42 3
280 283 28 1
280 284 40 9
280 292 26 4
280 325 24 5
280 395 8 9
280 425 22 5
280 457 30 1
280 470 32 4
280 482 36 6
280 485 37 7
280 510 5 9
280 537 21 6
280 550 21 3
280 570 33 1
280 572 46 7
280 651 6 10
280 665 33 2
280 687 2 10
280 745 34 1
280 755 21 10
280 757 6 5
280 781 37 6
280 791 6 10
280 792 18 10
280 807 39 1
280 808 11 9
280 830 7 9
280 842 39 6
280 859 8 9
280 926 16 7
280 941 27 8
280 951 15 1
280 976 44 8
280 1010 29 8
280 1015 5 4
280 1030 31 4
280 1041 50 7
280 1070 41 7
280 1071 41 4
280 1090 27 10
280 1093 5 6
280 1152 24 2
280 1165 2 5
281 285 38 10
281 286 15 4
281 287 22 4
281 288 50 9
281 289 19 9
281 290 48 10
281 325 22 2
281 335 48 10
281 337 19 3
281 371 42 5
281 374 30 9
281 396 49 10
281 429 46 4
281 457 25 5
281 471 28 5
281 513 41 5
281 536 5 6
281 550 22 6
281 597 8 4
281 598 25 5
281 622 15 6
281 624 36 5
281 651 38 6
281 672 40 2
281 687 31 3
281 700 17 8
281 781 20 3
281 830 11 8
281 840 11 6
281 857 45 1
281 888 30 7
281 890 16 5
281 925 48 4
281 950 44 4
281 977 42 7
281 990 22 1
281 992 43 4
281 1010 14 8
281 1016 26 8
281 1122 28 7
281 1125 20 5
281 1151 49 1
281 1167 14 3
281 1191 21 8
290 291 26 3
290 292 23 4
290 293 7 1
290 294 10 4
290 295 38 9
290 296 50 3
290 297 34 8
290 298 3 10
290 299 11 2
290 300 13 1
290 301 31 1
290 302 34 9
290 303 41 4
290 304 17 3
290 457 23 8
290 470 6 1
290 485 23 10
290 550 18 3
290 670 22 7
290 686 22 4
290 780 33 5
290 940 30 4
290 950 35 9
290 1010 49 3
290 1091 34 8
290 1168 6 6
291 292 31 4
291 293 32 9
291 294 27 10
291 295 18 2
291 296 32 2
291 305 49 7
291 330 26 3
291 470 40 1
291 625 46 6
291 665 2 8
291 792 49 5
291 940 46 4
291 1031 50 6
291 1072 47 3
291 1191 28 2
292 293 35 10
292 294 5 5
292 295 23 3
292 296 32 5
292 306 41 6
292 535 42 7
292 574 20 4
292 597 19 3
292 665 25 3
292 758 32 10
292 808 26 3
292 859 25 10
292 886 41 10
292 976 42 3
292 990 37 1
292 1017 30 3
293 294 49 10
293 295 9 4
293 296 40 4
293 307 41 9
293 334 8 3
293 373 25 3
293 428 32 2
293 514 31 5
293 537 25 3
293 621 24 1
293 652 16 8
293 746 24 6
293 791 9 9
293 807 19 1
293 831 22 10
293 840 8 1
293 841 39 7
293 925 41 10
293 1017 9 10
293 1150 48 10
294 295 2 10
294 296 32 4
294 308 33 2
294 309 7 10
294 310 12 7
294 311 48 10
294 312 17 5
294 313 30 6
294 396 44 7
294 455 21 3
294 574 8 4
294 652 21 10
294 700 9 9
294 706 38 4
294 887 34 5
294 927 38 4
294 990 34 7
294 1043 4 7
294 1120 34 3
294 1121 16 9
294 1190 50 6
295 296 45 4
295 314 9 8
295 315 33 2
295 316 48 4
295 317 28 2
295 318 18 6
295 325 48 5
295 514 29 10
295 756 5 9
295 953 10 2
295 977 50 3
295 1010 17 9
295 1165 15 5
296 319 44 9
296 320 49 6
296 321 12 9
296 322 33 8
296 323 24 10
296 324 14 8
296 370 13 8
296 400 18 3
296 427 41 1
296 485 49 5
296 552 45 5
296 595 32 8
296 672 31 8
296 686 46 6
296 746 8 4
296 780 47 3
296 860 8 10
296 1031 38 10
296 1070 38 5
296 1094 40 3
296 1152 13 3
325 326 43 8
325 327 42 5
325 328 24 10
325 329 18 7
325 332 15 2
325 333 22 7
325 373 21 4
325 399 3 2
325 400 20 4
325 428 40 1
325 429 13 7
325 455 3 1
325 470 50 2
325 482 49 2
325 484 26 6
325 511 6 7
325 513 42 2
325 537 27 9
325 551 19 6
325 552 47 9
325 572 25 8
325 574 16 3
325 597 44 2
325 598 4 6
325 620 33 4
325 621 20 10
325 651 46 6
325 665 22 6
325 671 4 5
325 685 37 10
325 686 18 3
325 705 20 7
325 745 15 2
325 746 5 10
325 755 31 10
325 756 6 9
325 780 28 7
325 790 44 5
325 791 5 7
325 806 7 7
325 809 23 5
325 831 23 4
325 841 12 6
325 857 29 3
325 889 11 6
325 891 14 1
325 925 29 3
325 926 24 9
325 941 31 10
325 951 17 9
325 954 26 1
325 975 21 10
325 977 34 5
325 993 8 4
325 1010 27 10
325 1016 31 10
325 1017 9 9
325 1030 20 2
325 1031 35 5
325 1040 46 5
325 1042 45 7
325 1071 33 4
325 1073 24 5
325 1091 4 3
325 1094 13 4
325 1124 13 7
325 1125 24 10
325 1151 6 6
325 1165 43 2
325 1168 10 2
325 1190 3 4
330 331 33 3
330 332 7 6
330 333 28 8
330 334 1 7
330 335 40 3
330 336 48 7
330 337 44 1
330 338 33 8
330 339 43 3
330 340 31 5
330 341 24 3
330 342 27 6
330 343 14 8
330 344 40 4
330 536 3 2
330 551 1 4
330 705 3 6
330 746 42 3
330 757 47 3
330 791 50 10
330 842 28 4
330 1167 31 9
330 1190 27 5
331 332 2 7
331 333 3 8
331 334 29 9
331 335 45 8
331 336 5 1
331 337 41 4
331 345 11 6
331 537 36 10
331 687 34 6
331 781 29 3
331 791 50 2
331 889 34 2
331 1042 36 6
331 1152 33 2
332 333 12 2
332 334 14 3
332 335 39 2
332 336 28 4
332 337 44 6
332 346 32 10
332 347 34 1
332 348 43 10
332 349 32 8
332 396 17 2
332 430 42 1
332 510 42 6
332 595 31 9
332 665 24 7
332 670 42 2
332 759 34 7
332 842 8 4
332 1010 15 8
332 1016 22 8
332 1031 36 10
332 1091 17 4
333 334 15 8
333 335 33 10
333 336 34 5
333 337 40 8
333 350 14 2
333 351 32 7
333 352 14 6
333 353 14 8
333 354 4 9
333 355 41 3
333 356 18 6
333 357 43 2
333 358 29 8
333 455 45 7
333 471 45 4
333 483 28 8
333 595 19 10
333 651 35 9
333 808 4 1
333 831 19 7
333 859 3 6
333 1016 27 3
333 1031 31 9
333 1041 14 10
333 1072 29 6
333 1122 40 5
334 122 21 5
334 335 3 4
334 336 29 9
334 337 11 2
334 359 10 3
334 396 1 7
334 550 12 6
334 625 30 9
334 746 27 8
334 1010 44 9
334 1093 45 9
335 336 23 9
335 337 7 8
335 360 6 5
335 361 32 10
335 362 50 9
335 457 22 6
335 470 17 3
335 483 49 3
335 830 42 8
335 925 42 10
335 927 33 4
335 941 22 4
335 993 36 2
335 1070 10 7
335 1122 21 2
335 1152 14 8
335 1191 4 4
336 337 11 8
336 363 43 6
336 364 12 5
336 365 43 2
336 372 23 5
336 373 24 2
336 574 43 5
336 665 32 7
336 705 4 2
336 859 10 9
336 954 42 9
336 992 16 3
336 1166 37 10
337 366 11 10
337 367 5 8
337 368 7 8
337 369 18 10
337 425 19 10
337 514 2 3
337 574 43 4
337 621 18 7
337 652 41 1
337 671 5 9
337 780 10 3
337 806 39 2
337 953 42 6
337 975 23 8
370 371 8 5
370 372 13 9
370 373 23 4
370 374 42 10
370 375 38 2
370 376 17 7
370 396 25 5
370 510 13 1
370 553 17 5
370 570 8 4
370 650 22 6
370 745 32 2
370 746 25 9
370 791 25 3
370 831 20 9
370 953 5 4
370 993 13 2
370 1045 19 4
370 1152 14 5
370 1166 15 6
371 372 34 1
371 373 36 1
371 374 49 1
371 377 37 5
371 378 49 2
371 379 29 8
371 380 1 3
371 381 22 6
371 382 35 7
371 511 35 6
371 702 32 3
371 757 19 8
371 780 29 10
371 809 35 7
371 856 35 1
371 887 38 4
371 976 38 9
371 1030 46 1
371 1031 18 7
371 1040 3 7
371 1123 42 9
371 1191 5 4
372 373 6 7
372 374 47 9
372 383 50 5
372 384 26 7
372 385 4 7
372 455 35 9
372 471 33 6
372 480 13 7
372 623 48 5
372 672 29 10
372 685 33 1
372 687 30 6
372 756 18 4
372 807 28 7
372 842 16 5
372 887 12 6
372 925 40 9
372 950 30 9
372 990 30 4
372 1010 23 5
372 1092 19 3
372 1120 45 9
372 1150 13 8
372 1165 15 2
372 1190 37 8
373 374 37 2
373 386 38 4
373 387 42 10
373 388 6 8
373 389 27 6
373 390 20 6
373 425 41 8
373 429 45 4
373 485 48 8
373 536 3 10
373 574 25 7
373 624 39 5
373 665 9 6
373 830 17 2
373 927 26 1
373 940 6 9
373 1017 25 1
373 1070 28 3
373 1073 44 8
373 1094 45 1
374 391 43 9
374 392 4 10
374 393 38 1
374 394 35 3
374 395 31 2
374 456 9 8
374 471 44 2
374 536 16 6
374 552 18 7
374 596 49 6
374 598 10 10
374 650 27 10
374 671 22 8
374 704 24 4
374 780 4 6
374 792 40 6
374 842 14 8
374 859 49 7
374 976 16 3
374 1016 29 9
395 396 15 1
395 397 16 2
395 398 8 6
395 399 11 10
395 400 21 7
395 401 39 7
395 402 29 4
395 403 3 7
395 404 3 1
395 457 27 9
395 483 27 7
395 513 16 9
395 514 10 1
395 622 6 6
395 624 19 5
395 746 29 1
395 809 40 4
395 926 39 9
395 1015 19 2
396 397 42 6
396 398 16 9
396 399 20 5
396 400 44 1
396 405 33 5
396 455 7 9
396 482 2 5
396 536 46 7
396 573 2 1
396 574 3 9
396 597 24 5
396 706 35 4
396 781 26 2
396 792 33 4
396 830 40 9
396 891 18 4
396 925 32 8
396 941 2 8
396 954 27 10
396 1017 17 2
396 1070 38 5
396 1073 44 2
396 1095 49 8
397 398 48 3
397 399 5 3
397 400 24 1
397 406 48 9
397 407 27 8
397 408 18 7
397 428 37 9
397 686 20 6
397 781 14 4
397 840 7 3
397 842 19 2
397 953 40 7
397 976 18 2
397 1030 15 10
398 399 1 2
398 400 17 4
398 409 14 8
398 410 39 5
398 411 9 9
398 412 28 4
398 413 28 3
398 414 1 2
398 415 30 9
398 553 35 9
398 596 12 8
398 665 1 8
398 671 38 3
398 686 29 5
398 746 47 7
398 756 24 7
398 792 24 5
398 859 39 8
398 888 6 3
398 941 43 4
398 975 43 6
398 1010 47 8
398 1044 8 5
398 1123 8 2
398 1150 28 1
398 1168 6 3
399 400 47 6
399 416 30 5
399 417 15 1
399 418 1 5
399 419 8 6
399 420 49 8
399 421 5 4
399 425 1 6
399 536 22 9
399 551 34 2
399 652 46 9
399 665 30 3
399 671 19 2
399 707 10 5
399 758 33 3
399 857 4 8
399 991 37 9
399 1010 41 10
399 1030 43 1
399 1040 17 8
399 1124 42 10
399 1191 6 4
400 422 14 4
400 423 11 10
400 424 21 3
400 470 30 6
400 471 8 4
400 650 31 7
400 806 48 6
400 830 46 9
400 990 13 1
400 1091 45 3
400 1150 49 3
400 1167 35 3
400 1190 22 2
425 426 49 9
425 427 12 6
425 428 25 8
425 429 27 8
425 430 46 3
425 431 7 10
425 432 41 7
425 433 38 8
425 434 2 5
425 435 22 2
425 436 24 1
425 512 7 9
425 790 9 2
425 831 29 5
425 840 48 7
425 940 36 7
425 1010 8 1
425 1017 12 2
425 1031 32 5
425 1191 33 5
426 427 6 8
426 428 17 1
426 429 5 4
426 430 5 6
426 437 16 5
426 438 1 5
426 439 5 4
426 440 10 10
426 441 26 5
426 455 42 4
426 620 40 6
426 672 28 1
426 701 18 7
426 746 34 5
426 780 4 2
426 940 49 6
426 1030 13 9
426 1043 9 8
426 1094 37 8
426 1120 44 3
427 428 24 5
427 429 33 4
427 430 47 5
427 442 17 3
427 443 24 6
427 444 22 10
427 457 23 4
427 537 10 1
427 553 26 2
427 595 48 8
427 651 4 1
427 652 40 6
427 665 10 3
427 670 8 7
427 685 35 4
427 686 8 4
427 704 17 9
427 780 46 9
427 840 43 6
427 926 17 2
427 952 22 9
427 975 15 2
427 990 33 4
427 1016 44 7
427 1041 19 4
427 1190 15 8
428 429 36 3
428 430 32 2
428 445 40 5
428 470 45 5
428 481 20 6
428 514 32 3
428 535 5 6
428 571 2 10
428 574 50 3
428 622 9 4
428 746 16 10
428 856 46 7
428 890 47 10
428 891 47 5
428 977 23 1
428 992 20 9
428 1124 3 10
429 430 37 2
429 446 8 10
429 447 23 7
429 448 39 4
429 757 6 2
429 806 39 8
429 808 41 1
429 1070 42 10
429 1094 45 3
429 1165 22 5
430 449 49 2
430 450 24 10
430 451 38 9
430 452 20 5
430 453 19 7
430 454 5 10
430 471 25 2
430 483 17 10
430 599 18 8
430 665 39 5
430 758 39 7
430 792 9 9
430 831 30 2
430 858 35 8
430 925 11 10
430 953 41 3
430 1010 49 6
430 1150 13 9
430 1168 41 10
455 456 32 6
455 457 15 7
455 458 48 3
455 459 41 6
455 460 2 6
455 461 49 1
455 470 14 10
455 485 47 6
455 535 35 1
455 553 31 4
455 597 46 6
455 621 45 5
455 650 17 3
455 686 50 4
455 757 4 10
455 791 5 8
455 831 23 5
455 841 24 3
455 856 26 5
455 927 11 2
455 992 42 4
455 1031 35 2
455 1041 15 1
455 1072 3 8
455 1121 34 1
455 1190 23 8
455 1191 15 6
456 457 5 3
456 462 14 8
456 463 37 2
456 464 15 4
456 465 31 10
456 484 3 9
456 511 28 7
456 550 34 3
456 571 19 8
456 622 22 5
456 670 16 1
456 685 10 2
456 705 18 1
456 706 9 6
456 781 3 2
456 807 8 1
456 809 21 3
456 831 47 9
456 886 15 6
456 925 1 10
456 940 18 6
456 950 30 9
456 975 1 3
456 990 31 6
456 1010 5 3
456 1090 23 3
456 1092 42 4
456 1150 8 5
456 1151 15 5
456 1165 21 7
457 466 37 6
457 467 10 3
457 468 27 8
457 469 27 10
457 512 42 3
457 535 39 2
457 574 31 8
457 595 6 7
457 652 2 8
457 665 36 7
457 745 44 4
457 755 21 2
457 791 12 7
457 841 11 2
457 858 8 7
457 889 13 6
457 941 10 7
457 954 13 3
457 1010 31 4
457 1015 30 6
457 1016 26 9
457 1030 38 4
457 1043 49 1
457 1070 33 10
457 1120 42 1
457 1169 24 5
470 471 14 10
470 472 19 5
470 473 4 4
470 474 42 6
470 475 36 1
470 476 31 3
470 477 39 7
470 478 50 6
470 483 26 1
470 550 29 8
470 596 12 8
470 623 1 9
470 651 24 6
470 665 22 4
470 670 32 8
470 671 29 10
470 707 29 2
470 746 25 3
470 808 1 4
470 809 9 10
470 830 33 8
470 840 10 9
470 858 31 1
470 860 40 4
470 888 37 2
470 926 8 7
470 950 34 3
470 976 13 5
470 977 43 9
470 993 28 8
470 1010 26 5
470 1016 32 8
470 1031 19 9
470 1072 21 5
470 1150 1 6
470 1151 32 6
470 1167 34 5
471 479 37 1
471 480 3 10
471 513 38 9
471 514 41 5
471 536 2 4
471 553 3 3
471 571 46 4
471 572 48 2
471 623 30 2
471 650 35 8
471 665 29 1
471 685 46 8
471 706 1 1
471 746 6 6
471 756 5 8
471 758 39 6
471 781 5 3
471 791 13 2
471 792 8 6
471 830 43 8
471 840 37 6
471 891 15 10
471 927 42 2
471 940 9 1
471 941 45 2
471 953 20 5
471 1010 48 3
471 1017 2 9
471 1031 50 10
471 1044 3 6
471 1073 45 6
471 1094 16 2
471 1095 34 7
471 1120 30 9
471 1123 35 3
471 1168 49 9
471 1191 42 3
480 481 13 8
480 482 15 9
480 483 5 3
480 484 41 6
480 485 47 9
480 486 41 8
480 487 24 10
480 488 4 8
480 489 31 1
480 490 13 7
480 491 50 7
480 492 7 9
480 513 50 8
480 535 9 4
480 552 32 5
480 571 14 1
480 650 48 4
480 665 19 7
480 745 21 10
480 780 46 9
480 831 47 3
480 842 46 6
480 892 35 10
480 925 3 4
480 1030 28 3
480 1093 37 10
480 1191 30 2
481 482 25 8
481 483 5 9
481 484 33 8
481 485 48 9
481 493 49 7
481 707 41 10
481 831 46 7
481 990 13 8
481 1030 19 6
481 1040 24 9
481 1071 46 4
481 1072 50 6
481 1123 43 8
481 1152 16 1
481 1190 42 2
482 483 12 1
482 484 29 5
482 485 18 10
482 494 20 7
482 495 41 6
482 496 27 5
482 596 9 2
482 598 19 8
482 622 16 1
482 665 18 8
482 758 32 9
482 780 5 6
482 840 5 7
482 858 29 9
482 940 43 9
482 1010 38 3
482 1123 18 4
482 1165 49 2
482 1168 20 8
483 484 29 6
483 485 25 9
483 497 31 7
483 498 5 5
483 536 11 3
483 552 38 9
483 620 48 7
483 755 14 9
483 791 12 4
483 807 31 9
483 891 50 6
483 926 5 1
483 952 49 8
483 977 47 4
483 1017 28 5
483 1091 17 1
484 485 40 4
484 499 41 1
484 500 42 7
484 501 35 4
484 502 6 1
484 573 26 7
484 672 47 8
484 687 34 3
484 705 47 9
484 790 21 2
484 807 1 3
484 975 39 1
484 1010 5 10
484 1016 1 10
484 1045 38 5
485 503 6 5
485 504 13 8
485 505 22 4
485 506 31 5
485 507 46 5
485 508 38 1
485 509 40 5
485 510 9 8
485 652 7 5
485 671 36 8
485 746 39 9
485 859 35 3
485 941 16 2
485 954 45 2
485 991 13 10
510 511 27 5
510 512 50 2
510 513 42 8
510 514 29 6
510 515 34 2
510 516 6 5
510 517 29 8
510 518 47 9
510 553 7 3
510 651 13 8
510 757 40 5
510 808 44 3
510 840 1 3
510 892 39 3
510 926 5 2
510 975 9 9
510 1040 17 6
510 1044 44 5
510 1092 1 3
510 1122 24 7
510 1150 49 9
510 1190 36 9
511 512 11 4
511 513 45 2
511 514 32 5
511 519 21 7
511 520 23 10
511 521 7 10
511 522 31 9
511 523 16 8
511 524 45 3
511 525 14 1
511 672 35 9
511 703 21 2
511 781 20 7
511 841 41 5
511 858 40 2
511 888 10 2
511 1017 22 7
511 1152 19 2
512 513 36 5
512 514 47 2
512 526 33 3
512 527 3 3
512 550 8 6
512 572 10 6
512 573 23 7
512 665 1 9
512 685 33 6
512 746 22 4
512 781 16 10
512 791 15 9
512 927 2 1
512 941 30 2
512 952 27 6
512 990 34 3
512 1072 29 9
512 1167 48 10
512 1191 12 5
513 514 44 1
513 528 41 8
513 529 36 9
513 530 29 7
513 531 43 9
513 532 2 8
513 537 28 7
513 597 24 1
513 598 43 8
513 620 41 1
513 651 44 2
513 665 7 1
513 745 14 1
513 757 46 1
513 807 23 4
513 858 47 1
513 941 4 10
513 991 39 2
513 1010 11 4
513 1015 13 5
513 1031 24 8
514 533 47 10
514 534 15 7
514 536 48 4
514 620 25 7
514 670 44 6
514 686 49 1
514 702 40 10
514 791 20 10
514 830 35 7
514 951 43 7
514 976 33 7
514 1010 4 8
514 1031 13 5
514 1071 34 8
514 1095 35 8
514 1125 2 2
514 1167 40 4
535 536 1 6
535 537 33 10
535 538 9 10
535 539 21 7
535 540 40 1
535 541 32 9
535 542 45 5
535 543 37 3
535 551 25 6
535 665 3 9
535 685 1 1
535 780 49 10
535 840 17 7
535 842 26 8
535 858 31 3
535 886 28 2
535 890 26 1
535 925 34 5
535 927 47 1
535 953 44 1
535 977 47 6
535 990 48 10
535 1015 10 2
535 1016 28 2
535 1030 12 5
535 1040 44 3
535 1072 4 2
535 1095 3 8
535 1191 18 1
536 537 33 4
536 544 20 7
536 545 11 6
536 546 32 2
536 547 8 4
536 548 22 4
536 553 30 4
536 572 16 4
536 596 43 3
536 599 34 1
536 624 47 2
536 650 8 9
536 671 12 10
536 672 16 1
536 703 16 8
536 707 33 2
536 745 10 8
536 757 5 1
536 954 24 3
536 1010 45 3
536 1031 10 6
536 1045 12 6
536 1123 25 8
536 1125 26 8
536 1167 23 3
537 549 3 9
537 571 7 6
537 623 17 2
537 651 23 3
537 665 16 4
537 746 3 8
537 755 35 9
537 780 16 10
537 790 23 8
537 791 15 5
537 806 1 4
537 808 3 10
537 830 41 4
537 831 4 10
537 860 18 6
537 940 22 2
537 977 1 8
537 993 20 10
537 1010 17 7
537 1071 46 7
537 1093 7 3
537 1152 41 3
537 1168 30 10
537 1190 18 2
550 551 37 6
550 552 6 6
550 553 45 7
550 554 50 2
550 555 43 10
550 621 7 9
550 672 35 2
550 707 31 3
550 746 24 8
550 780 7 1
550 781 25 7
550 809 33 10
550 859 25 1
550 891 40 10
550 976 34 7
550 1010 3 9
550 1120 3 10
551 552 41 8
551 553 35 6
551 556 23 9
551 557 27 3
551 558 34 8
551 559 30 7
551 560 14 9
551 599 19 10
551 665 30 8
551 685 23 5
551 759 17 2
551 790 12 9
551 840 27 8
551 860 33 4
551 926 7 8
551 950 24 6
551 990 22 4
551 1015 5 6
551 1030 9 3
551 1073 28 10
551 1090 31 2
551 1095 11 10
551 1190 16 8
552 553 12 4
552 561 44 3
552 562 32 3
552 563 33 9
552 564 6 5
552 573 22 2
552 650 44 3
552 651 21 1
552 665 33 2
552 685 43 1
552 745 47 7
552 759 9 9
552 792 45 6
552 841 15 5
552 888 36 9
552 925 20 10
552 953 44 3
552 975 17 3
552 1030 3 6
552 1043 17 4
552 1125 4 1
552 1166 26 8
552 1169 16 8
552 1190 14 1
553 565 20 1
553 566 45 6
553 567 39 10
553 568 29 3
553 569 3 10
553 574 46 7
553 597 33 9
553 624 7 6
553 672 7 9
553 808 35 6
553 831 26 7
553 940 44 7
553 941 27 3
553 991 1 1
553 1010 9 10
553 1017 25 7
553 1045 50 3
553 1071 23 4
553 1151 6 1
570 571 46 9
570 572 47 5
570 573 28 6
570 574 13 4
570 575 45 6
570 576 15 8
570 577 20 7
570 650 41 7
570 686 33 4
570 780 23 5
570 807 13 1
570 830 22 1
570 887 15 7
570 926 48 4
570 953 32 8
570 1010 26 6
570 1017 37 10
570 1073 35 9
570 1093 46 6
570 1151 3 1
570 1191 8 7
571 572 27 1
571 573 18 5
571 574 17 9
571 578 28 4
571 579 37 7
571 596 29 1
571 665 11 7
571 672 27 2
571 686 18 5
571 702 25 3
571 746 7 3
571 1040 18 5
571 1041 50 8
571 1093 27 3
571 1151 24 9
572 573 45 9
572 574 32 2
572 580 50 3
572 581 27 1
572 582 5 4
572 583 42 6
572 584 1 6
572 585 37 9
572 670 14 3
572 746 35 5
572 759 9 4
572 791 11 6
572 830 43 10
572 940 32 3
572 951 4 1
572 975 41 6
572 977 18 2
572 1017 27 4
572 1072 47 6
572 1121 30 4
573 574 30 4
573 586 30 7
573 587 23 3
573 588 17 6
573 625 29 1
573 665 45 10
573 757 49 3
573 781 47 3
573 809 37 3
573 842 10 5
573 856 16 10
573 857 10 5
573 886 40 9
573 925 12 8
573 991 10 5
573 1010 12 6
573 1030 14 5
573 1120 8 10
573 1165 36 4
573 1191 2 7
574 589 21 10
574 590 35 3
574 591 43 6
574 592 45 10
574 593 7 10
574 594 48 5
574 595 28 9
574 624 40 3
574 650 13 6
574 708 20 9
574 791 25 9
574 941 49 9
574 993 29 10
574 1030 41 2
574 1167 9 1
577 497 37 7
595 596 16 8
595 597 35 10
595 598 44 8
595 599 40 6
595 600 21 3
595 601 3 3
595 602 26 7
595 650 48 4
595 665 25 3
595 687 33 4
595 702 45 7
595 757 39 10
595 758 13 5
595 790 15 6
595 807 12 7
595 855 49 5
595 885 16 6
595 887 8 1
595 954 40 3
595 991 3 2
595 1010 16 3
595 1016 20 2
595 1017 15 8
595 1073 47 3
595 1091 8 6
596 597 19 3
596 598 27 9
596 599 26 6
596 603 15 5
596 604 9 1
596 620 47 6
596 746 46 7
596 831 18 6
596 927 43 9
596 1010 41 5
596 1030 17 6
596 1125 38 10
597 598 38 5
597 599 26 4
597 605 37 5
597 606 48 4
597 607 4 4
597 608 25 1
597 609 47 2
597 610 32 6
597 671 7 3
597 685 34 8
597 780 6 9
597 840 27 2
597 841 27 9
597 860 23 2
597 941 32 2
597 975 37 8
597 991 31 4
597 1043 11 5
597 1122 30 7
597 1190 44 10
598 599 10 5
598 611 38 7
598 612 35 7
598 613 26 1
598 614 49 1
598 623 14 10
598 650 50 5
598 665 42 10
598 705 38 10
598 791 28 2
598 809 20 7
598 831 17 5
598 926 50 9
598 954 29 3
598 977 29 10
598 1070 26 7
599 615 6 7
599 616 17 4
599 617 4 2
599 618 14 2
599 619 39 4
599 670 31 2
599 781 23 8
599 940 46 6
599 1030 36 1
599 1041 6 8
599 1091 48 8
599 1150 1 4
599 1151 25 6
599 1168 19 3
599 1169 45 3
620 621 35 9
620 622 42 2
620 623 14 4
620 624 26 8
620 625 41 3
620 626 15 4
620 627 36 7
620 628 44 9
620 629 27 10
620 686 46 4
620 707 45 8
620 746 2 1
620 755 5 5
620 780 3 10
620 926 18 5
620 1152 39 9
621 622 1 1
621 623 6 9
621 624 50 8
621 625 38 7
621 630 43 6
621 631 29 2
621 632 8 1
621 633 49 5
621 634 37 2
621 635 9 8
621 636 19 9
621 637 50 9
621 650 10 4
621 792 48 4
621 806 11 6
621 841 36 7
621 941 8 5
621 1017 50 8
621 1031 8 4
621 1072 32 9
621 1092 40 2
621 1122 39 8
621 1191 7 4
622 623 39 2
622 624 30 1
622 625 1 8
622 638 20 3
622 672 24 5
622 781 8 7
622 806 25 7
622 831 47 7
622 891 44 2
622 1010 8 6
622 1125 16 4
622 1167 20 9
622 1190 20 9
623 624 19 5
623 625 46 8
623 639 4 7
623 640 26 6
623 641 4 1
623 642 23 3
623 643 15 3
623 665 45 9
623 756 10 10
623 841 28 6
623 925 38 2
623 950 24 8
623 993 27 1
623 1041 19 6
623 1073 7 7
623 1091 18 4
623 1165 32 4
624 625 43 5
624 644 11 10
624 645 36 2
624 646 25 6
624 647 40 7
624 648 49 5
624 665 14 1
624 705 44 2
624 745 4 3
624 792 41 2
624 857 10 1
624 954 47 3
624 977 48 9
624 990 19 9
624 1017 42 8
625 649 13 3
625 651 43 9
625 670 23 5
625 685 7 10
625 831 34 1
625 855 9 8
625 891 41 2
625 941 29 1
625 1010 27 5
625 1030 32 10
625 1041 17 6
625 1152 33 4
650 651 41 2
650 652 12 7
650 653 30 7
650 654 46 7
650 655 19 2
650 656 34 5
650 745 29 6
650 790 28 2
650 805 38 6
650 808 41 8
650 831 17 6
650 840 14 7
650 857 17 10
650 859 16 1
650 927 23 9
650 954 29 1
650 991 26 3
650 1010 45 8
650 1030 5 8
650 1031 20 7
650 1042 14 4
650 1120 40 5
650 1150 15 5
651 652 38 7
651 657 39 4
651 658 21 5
651 659 7 3
651 660 15 2
651 665 9 6
651 670 4 2
651 686 13 4
651 701 4 1
651 756 10 1
651 780 24 7
651 781 18 9
651 790 19 9
651 842 42 4
651 890 16 4
651 892 33 3
651 927 19 5
651 941 15 5
651 951 1 8
651 976 31 3
651 977 30 8
651 1010 13 2
651 1015 32 7
651 1017 5 8
651 1070 48 8
651 1121 4 8
651 1169 14 3
652 661 23 3
652 662 4 5
652 663 30 3
652 664 1 3
652 671 27 7
652 685 22 4
652 700 27 1
652 746 11 4
652 759 6 7
652 830 24 3
652 940 4 4
652 991 13 5
652 1040 35 5
652 1073 10 1
652 1092 50 1
652 1095 12 5
652 1151 12 6
652 1166 48 7
652 1191 45 9
665 666 24 1
665 667 25 1
665 668 25 3
665 669 14 2
665 671 27 4
665 672 27 8
665 685 37 5
665 687 17 1
665 700 17 2
665 705 14 10
665 746 48 8
665 756 46 3
665 757 41 3
665 781 12 8
665 791 24 3
665 792 33 2
665 805 9 10
665 807 7 9
665 830 47 7
665 831 40 2
665 841 22 7
665 857 45 7
665 858 36 9
665 886 32 6
665 892 9 2
665 926 2 4
665 941 25 7
665 951 34 4
665 952 11 5
665 975 28 1
665 976 38 5
665 991 18 6
665 993 44 2
665 1010 50 2
665 1015 29 2
665 1016 22 6
665 1030 1 7
665 1031 48 9
665 1041 47 4
665 1044 46 7
665 1070 10 8
665 1072 27 4
665 1092 9 5
665 1120 47 8
665 1124 31 2
665 1151 19 6
665 1165 35 1
665 1166 33 5
665 1190 48 4
670 671 12 5
670 672 43 10
670 673 50 4
670 674 45 6
670 675 7 3
670 780 7 4
670 842 9 8
670 885 22 3
670 940 32 7
670 941 7 1
670 952 27 10
670 977 3 4
670 1015 43 9
670 1042 47 8
670 1071 37 8
670 1094 20 10
670 1095 12 7
670 1150 44 3
671 672 5 3
671 676 38 4
671 677 38 9
671 678 39 9
671 679 21 6
671 680 8 7
671 681 10 1
671 700 8 4
671 704 42 6
671 745 4 2
671 757 19 4
671 781 26 5
671 808 19 8
671 830 24 7
671 831 32 10
671 855 28 9
671 857 13 10
671 888 47 7
671 927 24 5
671 991 7 4
671 992 12 5
671 1010 10 10
671 1031 24 10
671 1043 8 10
671 1167 44 6
672 682 40 9
672 683 39 10
672 684 40 10
672 685 28 7
672 686 12 1
672 745 30 2
672 757 48 7
672 790 6 6
672 791 26 3
672 809 9 4
672 926 9 10
672 950 45 9
672 977 19 3
672 1015 1 7
672 1072 46 6
672 1123 35 7
672 1124 32 9
672 1151 25 6
672 1168 37 9
672 1190 8 1
672 1191 40 2
685 686 49 4
685 687 47 2
685 688 28 5
685 689 21 4
685 690 45 6
685 691 19 8
685 692 8 10
685 706 41 9
685 780 10 1
685 808 24 7
685 892 46 1
685 951 26 5
685 953 43 9
685 990 42 8
685 1010 36 8
685 1041 19 10
685 1072 49 4
685 1091 25 2
685 1122 9 8
685 1151 48 10
685 1165 14 2
685 1190 3 4
686 687 45 7
686 693 2 10
686 694 25 3
686 695 15 3
686 696 12 3
686 745 42 4
686 780 14 4
686 792 40 2
686 831 48 4
686 840 38 2
686 856 22 6
686 925 19 9
686 940 32 10
686 976 15 1
686 992 50 9
686 1017 4 3
686 1031 35 4
686 1071 31 2
686 1094 42 8
686 1123 40 2
686 1151 2 4
686 1169 35 3
687 697 33 8
687 698 30 4
687 699 34 2
687 704 37 7
687 746 25 2
687 757 9 9
687 759 43 7
687 792 46 6
687 809 12 8
687 830 48 6
687 841 33 1
687 857 5 3
687 887 16 10
687 925 37 2
687 940 16 1
687 1010 15 6
687 1016 10 1
687 1042 23 2
687 1191 31 3
700 701 42 4
700 702 22 6
700 703 4 4
700 704 4 6
700 705 49 4
700 706 9 8
700 707 17 1
700 708 46 4
700 709 16 10
700 710 38 4
700 711 27 5
700 712 1 9
701 702 17 1
701 703 48 5
701 704 42 9
701 705 33 3
701 706 7 10
701 707 3 2
701 708 27 1
701 713 29 3
701 714 42 3
701 715 37 8
701 716 13 1
701 717 44 1
701 718 42 2
701 840 7 5
701 927 37 6
701 950 34 5
701 1017 29 9
701 1044 22 8
701 1071 47 6
701 1091 5 10
701 1125 30 9
702 703 43 10
702 704 34 2
702 705 18 7
702 706 7 2
702 707 29 4
702 708 37 4
702 719 8 8
702 720 35 7
702 721 45 1
702 746 17 3
702 756 6 7
702 860 50 9
702 993 16 7
702 1031 8 4
702 1071 42 2
703 704 32 9
703 705 47 3
703 706 42 6
703 707 7 2
703 708 10 8
703 722 21 6
703 723 9 2
703 724 41 2
703 725 23 2
703 726 18 7
703 745 40 1
703 941 7 7
703 1010 48 5
703 1044 18 5
703 1094 22 9
703 1151 40 7
703 1166 15 6
703 1191 16 3
704 705 11 10
704 706 2 4
704 707 32 6
704 708 50 7
704 727 5 1
704 728 47 7
704 729 22 4
704 730 44 7
704 830 32 10
704 991 25 8
704 1031 42 4
705 706 49 3
705 707 47 6
705 708 31 8
705 731 47 9
705 781 14 6
705 791 33 10
705 888 17 6
705 891 4 7
705 1124 1 4
705 1151 10 3
706 707 16 7
706 708 27 6
706 732 38 8
706 733 2 9
706 734 41 10
706 735 31 2
706 792 12 6
706 927 31 5
706 975 14 7
706 976 31 3
706 1016 48 10
707 708 44 7
707 736 47 6
707 737 9 9
707 738 4 5
707 739 27 1
707 740 17 8
707 758 2 6
707 806 14 2
707 840 43 2
707 859 43 1
708 741 25 1
708 742 10 5
708 743 15 7
708 744 40 4
708 781 46 1
708 807 14 9
708 830 22 1
708 940 45 7
708 953 14 5
708 1169 36 1
708 1190 48 6
745 746 19 9
745 747 20 2
745 748 23 5
745 749 4 9
745 781 36 5
745 806 8 8
745 830 38 2
745 831 43 5
745 841 20 1
745 842 33 3
745 857 41 4
745 887 38 9
745 925 18 8
745 941 40 9
745 954 49 9
745 977 5 7
745 990 19 2
745 1010 45 8
745 1016 37 9
745 1031 12 3
745 1043 31 1
745 1045 24 9
745 1071 24 3
745 1092 46 7
745 1120 39 10
745 1121 29 3
745 1151 7 8
745 1152 18 3
745 1166 38 7
745 1167 47 4
745 1190 34 3
745 1191 5 1
746 750 43 7
746 751 24 1
746 752 43 10
746 753 50 10
746 754 16 3
746 755 30 3
746 756 18 2
746 780 22 8
746 791 46 4
746 792 33 5
746 806 42 3
746 858 40 5
746 887 6 8
746 925 41 4
746 941 24 4
746 954 28 9
746 975 44 3
746 991 41 4
746 1030 36 1
746 1072 3 1
746 1095 39 2
755 756 23 2
755 757 50 4
755 758 41 8
755 759 10 8
755 760 27 9
755 761 15 4
755 762 27 5
755 781 6 5
755 888 13 10
755 926 34 6
755 977 29 1
755 990 45 6
755 1010 5 7
755 1122 12 6
756 757 28 4
756 758 10 5
756 759 44 8
756 763 36 5
756 790 1 9
756 841 18 9
756 842 36 3
756 887 45 6
756 940 17 6
756 950 38 3
756 953 23 4
756 991 32 3
756 1017 20 3
756 1031 22 1
756 1090 7 4
756 1152 17 8
757 758 3 5
757 759 21 5
757 764 18 10
757 765 11 9
757 766 44 4
757 767 20 10
757 768 5 3
757 781 5 8
757 859 39 3
757 927 48 4
757 1017 35 7
757 1070 27 10
757 1165 45 3
758 759 37 6
758 769 25 6
758 770 8 2
758 771 31 7
758 772 48 10
758 773 47 4
758 774 42 4
758 775 1 4
758 809 34 9
758 830 41 7
758 856 35 10
758 977 24 6
758 1044 25 9
758 1095 48 9
758 1122 10 1
759 776 50 5
759 777 42 6
759 778 49 3
759 779 20 3
759 830 36 8
759 940 50 2
759 1010 10 3
759 1030 1 7
759 1041 38 10
759 1071 41 4
759 1150 13 3
759 1168 49 2
759 1190 26 7
759 1191 5 4
780 781 17 6
780 782 8 9
780 783 35 5
780 784 32 10
780 785 23 4
780 792 30 10
780 808 20 7
780 841 13 6
780 857 4 4
780 888 7 4
780 926 49 1
780 940 27 5
780 941 5 2
780 952 7 7
780 953 50 2
780 975 18 9
780 990 33 8
780 1030 24 4
780 1045 2 1
780 1121 32 7
780 1152 45 3
780 1166 50 9
781 786 28 7
781 787 45 4
781 788 24 6
781 789 31 10
781 807 18 7
781 831 5 10
781 840 39 7
781 885 3 7
781 975 29 4
781 1010 8 2
781 1016 46 5
781 1017 20 1
781 1030 18 7
781 1040 5 3
781 1071 6 9
781 1091 50 8
781 1094 10 1
781 1122 42 1
781 1150 50 5
781 1169 2 8
781 1191 50 9
790 791 38 8
790 792 14 2
790 793 35 5
790 794 34 10
790 795 10 5
790 796 2 1
790 805 17 1
790 807 39 8
790 831 37 8
790 855 49 1
790 952 11 10
790 977 12 4
790 991 7 6
790 1010 24 1
790 1015 32 6
790 1151 40 10
790 1152 23 4
790 1168 28 10
791 792 3 2
791 797 47 6
791 798 32 5
791 799 22 8
791 800 35 1
791 831 40 9
791 886 41 3
791 890 1 10
791 941 25 10
791 1016 4 7
791 1030 30 8
791 1071 27 8
791 1090 10 5
791 1124 23 7
791 1168 35 7
791 1191 10 9
792 801 20 3
792 802 21 9
792 803 22 8
792 804 33 2
792 841 17 2
792 842 17 8
792 857 43 2
792 927 22 4
792 941 37 7
792 953 44 2
792 976 13 3
792 990 24 8
792 1031 17 6
792 1040 48 3
792 1044 11 8
792 1073 46 1
792 1092 39 10
792 1121 32 6
792 1190 14 10
805 806 26 9
805 807 10 3
805 808 5 8
805 809 38 6
805 810 44 7
805 811 5 10
805 812 31 6
805 842 34 7
805 888 6 9
805 926 34 8
805 952 37 4
805 1124 7 5
805 1152 30 1
806 807 12 6
806 808 17 7
806 809 1 7
806 813 27 7
806 814 17 4
806 815 36 9
806 1010 3 1
806 1045 1 6
806 1094 24 9
806 1167 37 1
806 1190 28 10
807 808 14 10
807 809 20 2
807 816 26 3
807 817 30 5
807 831 6 3
807 951 31 6
807 975 34 8
807 993 17 8
807 1030 34 9
808 809 27 10
808 818 23 3
808 819 38 6
808 820 27 1
808 821 19 4
808 822 14 10
808 823 15 4
808 824 31 5
808 890 40 4
808 927 47 8
808 941 20 1
808 977 13 9
808 993 4 2
808 1016 12 7
808 1072 14 8
808 1073 39 2
808 1091 10 2
808 1151 13 8
809 825 14 3
809 826 11 1
809 827 39 6
809 828 31 2
809 829 36 5
809 842 50 8
809 857 34 9
809 859 15 8
809 940 18 8
809 1017 39 9
809 1030 37 6
809 1042 29 10
809 1120 20 10
809 1165 50 4
809 1191 5 4
830 831 40 8
830 832 31 9
830 833 27 4
830 834 33 5
830 835 22 10
830 841 25 3
830 842 37 10
830 927 42 6
830 952 14 2
830 975 8 8
830 1010 14 3
830 1017 49 2
830 1042 15 5
830 1073 35 2
830 1124 23 9
830 1165 38 7
830 1190 26 7
831 836 26 8
831 837 18 10
831 838 39 9
831 839 7 7
831 856 6 5
831 858 47 9
831 886 31 4
831 887 11 2
831 925 15 5
831 940 2 3
831 941 46 5
831 952 43 2
831 975 13 6
831 990 38 9
831 993 46 9
831 1010 35 1
831 1016 28 6
831 1030 12 9
831 1044 44 9
831 1090 12 3
831 1092 27 7
831 1122 23 9
831 1151 24 6
831 1152 46 1
831 1167 47 8
831 1191 46 5
840 841 43 5
840 842 16 6
840 843 11 7
840 844 35 4
840 845 4 7
840 846 23 5
840 859 42 9
840 940 15 8
840 941 21 8
840 977 3 10
840 992 37 10
840 1017 8 4
840 1044 46 4
840 1072 41 5
840 1167 27 2
840 1169 16 10
840 1190 8 3
841 842 38 10
841 847 48 3
841 848 3 7
841 849 5 8
841 850 19 3
841 851 19 10
841 852 16 6
841 853 30 8
841 886 11 9
841 951 13 1
841 993 18 1
841 1010 19 4
841 1016 41 5
841 1031 44 8
841 1090 28 10
841 1125 26 2
841 1150 36 7
842 854 44 6
842 856 15 4
842 888 44 1
842 926 34 10
842 927 24 9
842 952 3 5
842 976 40 9
842 1030 6 7
842 1044 32 1
842 1071 3 5
842 1090 1 6
842 1122 16 7
842 1152 13 7
842 1190 48 7
855 856 10 7
855 857 22 3
855 858 35 8
855 859 16 9
855 860 12 2
855 861 37 9
855 927 46 7
855 1015 18 9
855 1030 29 9
855 1067 39 3
855 1190 18 5
856 857 1 9
856 858 17 3
856 859 38 5
856 860 44 4
856 862 9 6
856 863 16 2
856 864 9 10
856 865 35 2
856 866 35 9
856 867 19 9
856 941 32 6
856 951 50 2
856 952 10 8
856 977 9 1
856 1010 18 2
857 858 36 4
857 859 26 6
857 860 22 6
857 868 10 8
857 869 32 1
857 870 18 10
857 871 23 1
857 872 47 5
857 873 47 10
858 859 21 9
858 860 5 2
858 874 7 3
858 875 45 4
858 1010 20 9
858 1073 42 7
858 1094 16 4
858 1151 6 10
858 1190 35 3
859 860 20 9
859 876 42 2
859 877 41 5
859 878 44 7
859 879 5 8
859 885 47 5
859 888 28 10
859 925 2 1
859 940 22 7
859 976 28 1
859 991 27 1
859 992 30 6
859 1045 12 6
859 1073 6 8
859 1092 37 9
859 1121 5 7
859 1123 12 2
860 880 40 10
860 881 25 1
860 882 30 10
860 883 29 5
860 884 40 7
860 1017 14 4
860 1031 18 10
860 1040 11 10
860 1150 41 7
860 1168 48 9
860 1169 2 10
885 886 17 9
885 887 36 5
885 888 14 1
885 889 32 6
885 890 24 8
885 891 26 2
885 892 24 4
885 893 33 1
885 894 13 5
885 895 28 2
885 896 14 4
885 950 10 6
885 990 10 8
885 1094 49 6
885 1151 44 2
885 1191 43 10
886 887 14 8
886 888 6 3
886 889 22 2
886 890 47 7
886 891 14 4
886 892 34 6
886 897 1 4
886 898 33 7
886 899 9 8
886 1010 48 7
886 1123 45 10
886 1165 33 10
886 1190 40 10
887 888 12 7
887 889 23 2
887 890 16 7
887 891 35 6
887 892 23 9
887 900 30 6
887 901 10 5
887 977 42 10
887 1016 45 1
887 1031 48 1
887 1043 3 4
887 1169 12 8
888 889 27 8
888 890 1 3
888 891 33 4
888 892 44 10
888 902 30 8
888 903 30 1
888 904 19 9
888 905 42 3
888 906 14 5
889 890 4 1
889 891 7 10
889 892 40 5
889 907 28 9
889 908 22 8
889 909 49 9
889 910 14 7
889 911 25 5
889 912 42 7
889 913 22 9
889 952 23 8
889 992 7 10
889 1015 3 1
889 1072 18 6
890 891 27 1
890 892 35 2
890 914 33 8
890 915 48 10
890 916 16 9
890 917 25 5
890 918 43 9
890 919 19 1
890 920 43 7
890 921 20 9
890 922 14 1
890 927 26 8
890 1010 9 5
890 1040 5 8
891 892 20 6
891 923 20 5
891 927 49 1
891 940 17 7
891 976 25 10
891 1031 16 10
891 1070 27 6
891 1122 14 7
891 1150 25 4
892 924 38 2
892 941 26 2
892 1095 46 8
925 926 28 9
925 927 5 6
925 928 14 3
925 929 49 6
925 930 43 7
925 931 19 1
925 940 32 7
925 975 11 7
925 990 43 2
925 1030 1 8
925 1040 18 7
925 1123 1 4
925 1165 29 3
925 1166 31 4
925 1190 8 4
926 927 33 10
926 932 40 2
926 933 26 10
926 934 22 5
926 935 35 8
926 951 50 5
926 976 29 7
926 1010 16 10
926 1015 29 10
926 1031 45 10
926 1040 30 5
926 1124 24 1
926 1151 40 9
927 936 46 3
927 937 44 1
927 938 46 3
927 939 6 6
927 940 7 5
927 952 15 1
927 1010 15 6
927 1070 9 8
927 1071 4 3
927 1091 40 4
927 1092 40 10
927 1150 43 3
927 1190 21 8
940 941 33 1
940 942 20 3
940 943 9 2
940 944 50 2
940 945 14 9
940 946 7 10
940 951 28 6
940 952 26 9
940 977 50 6
940 991 44 4
940 1010 14 9
940 1030 22 1
940 1092 5 2
940 1152 35 7
940 1169 17 4
940 1190 39 5
941 947 44 5
941 948 50 10
941 949 39 10
941 977 3 2
941 1016 33 9
941 1017 42 10
941 1031 12 4
941 1040 48 10
941 1043 24 1
941 1070 41 5
941 1072 24 9
941 1094 45 3
941 1122 50 8
941 1125 48 9
941 1151 38 7
941 1167 4 2
941 1191 21 7
950 951 25 1
950 952 42 9
950 953 20 2
950 954 47 2
950 955 6 9
950 992 9 2
950 993 29 6
950 1010 5 4
950 1124 35 5
950 1191 10 6
951 952 4 9
951 953 23 7
951 954 31 10
951 956 36 6
951 957 28 8
951 958 28 7
951 959 14 4
951 960 20 7
951 961 12 3
951 962 3 1
951 1017 49 1
951 1169 3 5
952 953 25 1
952 954 26 7
952 963 16 9
952 964 42 9
952 965 13 3
952 1010 45 1
952 1073 12 5
952 1094 18 4
952 1124 48 5
952 1151 13 9
953 954 45 1
953 966 32 8
953 967 13 10
953 968 49 5
953 969 39 7
953 970 46 9
953 971 15 4
953 972 21 6
953 975 7 3
953 1030 33 2
953 1072 36 10
953 1090 42 10
953 1165 6 5
953 1191 47 1
954 973 50 7
954 974 34 9
954 975 36 2
954 1016 24 3
954 1030 10 8
954 1041 26 3
954 1042 50 3
954 1152 15 6
975 976 10 3
975 977 17 6
975 978 25 10
975 979 5 3
975 980 38 2
975 981 37 7
975 982 50 7
975 990 40 8
975 1010 30 2
975 1015 31 6
975 1016 3 10
975 1031 19 7
975 1045 35 5
976 977 15 2
976 983 25 5
976 984 36 1
976 985 28 8
976 1041 2 7
976 1072 18 6
976 1090 46 6
976 1121 35 5
976 1150 18 2
976 1152 19 1
976 1165 37 7
976 1168 38 10
977 986 45 6
977 987 35 9
977 988 12 7
977 989 39 3
977 990 43 10
977 1010 12 6
977 1072 19 2
977 1093 40 10
977 1124 39 3
977 1190 34 1
977 1191 2 3
990 991 33 1
990 992 30 1
990 993 22 6
990 994 44 4
990 995 14 3
990 996 23 2
990 1031 17 3
990 1090 12 7
990 1095 27 2
990 1151 17 2
990 1190 19 10
991 992 8 3
991 993 49 2
991 997 2 9
991 998 21 5
991 999 37 9
991 1000 33 1
991 1001 9 5
991 1002 46 1
991 1015 16 8
991 1042 11 10
991 1043 28 9
992 993 22 2
992 1003 27 7
992 1004 46 3
992 1005 41 9
992 1006 9 1
992 1007 9 10
992 1010 45 8
992 1031 36 9
992 1120 29 3
992 1122 5 8
993 1008 7 3
993 1009 5 1
993 1010 17 6
993 1015 26 6
993 1071 37 10
993 1073 48 10
993 1151 6 1
993 1165 39 1
993 1168 44 2
993 1190 40 1
1010 1011 48 3
1010 1012 12 8
1010 1013 7 7
1010 1014 18 2
1010 1015 16 1
1010 1016 40 2
1010 1030 23 4
1010 1031 2 4
1010 1040 33 8
1010 1045 39 1
1010 1070 50 2
1010 1091 8 9
1010 1093 48 4
1010 1120 24 3
1010 1151 44 4
1010 1152 13 8
1010 1167 8 4
1010 1190 29 7
1010 1191 15 2
1015 1016 1 5
1015 1017 48 4
1015 1018 35 5
1015 1190 15 2
1016 1017 8 8
1016 1019 43 9
1016 1020 48 2
1016 1021 23 2
1016 1022 30 2
1016 1023 23 9
1016 1024 15 6
1016 1031 18 4
1016 1041 20 2
1016 1042 2 6
1016 1071 38 6
1016 1090 1 9
1016 1091 48 2
1016 1120 2 6
1016 1166 38 3
1016 1190 37 9
1017 1025 37 6
1017 1026 22 5
1017 1027 1 8
1017 1028 18 6
1017 1029 37 10
1017 1072 5 7
1017 1122 39 8
1017 1150 7 6
1017 1152 30 9
1017 1167 31 2
1030 1031 43 7
1030 1032 14 7
1030 1033 25 10
1030 1034 16 9
1030 1035 4 6
1030 1043 1 5
1030 1070 36 3
1030 1095 37 9
1030 1124 19 1
1030 1151 35 1
1030 1152 27 8
1030 1166 31 6
1031 1036 45 4
1031 1037 7 4
1031 1038 5 7
1031 1039 22 4
1031 1043 35 9
1031 1094 47 10
1031 1120 43 3
1031 1190 39 5
1031 1191 22 8
1040 1041 15 10
1040 1042 24 1
1040 1043 24 2
1040 1044 22 1
1040 1045 31 10
1040 1046 17 6
1040 1047 48 2
1040 1048 31 5
1040 1049 40 9
1040 1095 47 9
1040 1167 23 6
1040 1191 1 10
1041 1042 44 8
1041 1043 45 2
1041 1044 44 10
1041 1045 8 5
1041 1050 25 7
1041 1051 46 10
1041 1052 34 6
1041 1053 15 9
1041 1054 47 2
1041 1055 6 6
1041 1095 50 9
1041 1150 43 4
1041 1166 36 1
1042 1043 45 5
1042 1044 45 2
1042 1045 20 10
1042 1056 33 5
1042 1057 2 3
1042 1071 1 4
1042 1190 4 3
1043 1044 8 10
1043 1045 8 3
1043 1058 37 5
1043 1059 10 3
1043 1060 8 10
1043 1070 6 6
1043 1122 30 1
1043 1124 33 7
1043 1151 35 9
1044 1045 39 1
1044 1061 43 5
1044 1062 29 8
1044 1063 44 10
1045 1064 36 2
1045 1065 23 3
1045 1066 43 9
1045 1067 28 3
1045 1068 46 6
1045 1069 25 7
1070 1071 46 1
1070 1072 48 10
1070 1073 27 8
1070 1074 17 4
1070 1122 21 7
1070 1123 4 6
1070 1191 20 7
1071 1072 36 1
1071 1073 46 7
1071 1075 24 1
1071 1076 1 3
1071 1077 18 9
1071 1078 35 4
1071 1079 17 7
1071 1080 3 3
1071 1081 45 4
1071 1190 44 9
1072 1073 44 7
1072 1082 26 9
1072 1083 20 3
1072 1084 26 9
1072 1095 4 6
1072 1166 9 7
1073 1085 37 3
1073 1086 31 3
1073 1087 14 1
1073 1088 8 4
1073 1089 10 10
1073 1094 47 5
1073 1152 42 6
1073 1166 47 10
1090 1091 47 3
1090 1092 41 5
1090 1093 19 2
1090 1094 4 5
1090 1095 24 3
1090 1096 1 9
1090 1097 46 7
1090 1098 26 7
1090 1099 16 9
1090 1120 12 8
1090 1123 6 1
1090 1150 4 6
1091 1092 4 7
1091 1093 40 6
1091 1094 46 2
1091 1095 18 2
1091 1100 16 1
1091 1101 23 2
1091 1168 48 4
1091 1169 6 9
1092 1093 20 3
1092 1094 9 1
1092 1095 39 6
1092 1102 25 3
1092 1103 24 8
1092 1104 38 1
1093 1094 28 2
1093 1095 20 2
1093 1105 36 5
1093 1106 48 2
1093 1107 50 6
1093 1108 14 7
1093 1109 1 5
1093 1110 36 6
1093 1111 31 2
1093 1112 1 3
1094 1095 11 3
1094 1113 7 9
1094 1114 23 4
1094 1115 44 7
1094 1152 40 6
1095 1116 23 1
1095 1117 1 6
1095 1118 46 6
1095 1119 31 10
1095 1190 50 5
1120 1121 30 2
1120 1122 45 5
1120 1123 20 2
1120 1124 41 8
1120 1125 24 10
1120 1126 14 3
1120 1127 7 7
1120 1128 34 8
1120 1129 24 8
1120 1190 46 8
1121 1122 28 4
1121 1123 49 8
1121 1124 28 5
1121 1125 38 10
1121 1130 4 4
1121 1131 14 8
1121 1132 28 7
1121 1133 27 8
1121 1190 1 1
1122 1123 39 3
1122 1124 49 9
1122 1125 1 3
1122 1134 42 7
1122 1135 49 2
1122 1136 15 10
1122 1137 44 4
1122 1138 38 8
1122 1139 12 1
1122 1169 31 2
1123 1124 24 6
1123 1125 39 2
1123 1140 14 4
1123 1141 40 7
1123 1142 34 5
1123 1143 31 8
1123 1152 16 2
1124 1125 38 2
1124 1144 46 1
1124 1145 43 10
1124 1167 17 1
1125 1146 48 5
1125 1147 39 4
1125 1148 8 1
1125 1149 47 10
1125 1152 41 2
1150 1151 1 10
1150 1152 45 4
1150 1153 48 6
1150 1154 33 10
1150 1155 36 10
1150 1156 43 3
1150 1157 4 9
1150 1158 49 4
1150 1169 15 5
1150 1190 17 5
1151 1152 14 1
1151 1159 47 2
1151 1160 13 7
1151 1167 24 2
1152 1161 9 9
1152 1162 12 1
1152 1163 25 8
1152 1164 2 2
1152 1191 37 7
1165 1166 49 1
1165 1167 8 2
1165 1168 35 4
1165 1169 33 7
1165 1170 14 8
1165 1171 39 1
1166 1167 28 9
1166 1168 26 5
1166 1169 39 10
1166 1172 15 7
1166 1173 39 7
1166 1174 48 1
1166 1175 14 6
1166 1176 7 5
1167 1168 33 3
1167 1169 49 9
1167 1177 44 10
1167 1178 30 3
1167 1179 49 8
1167 1180 49 5
1167 1191 17 3
1168 1169 48 5
1168 1181 1 1
1168 1182 39 4
1168 1183 31 7
1168 1184 33 7
1169 1185 47 9
1169 1186 13 4
1169 1187 18 10
1169 1188 19 4
1169 1189 49 2
1169 1190 7 9
1190 1191 48 2
1190 1192 28 3
1190 1193 40 4
1191 1194 7 2
1191 1195 34 4
1191 1196 12 8
1191 1197 27 3
1191 1198 31 3
1191 1199 17 2

0 1088 4
1 710 10
2 1097 10
3 673 29
4 351 14
5 386 16
6 763 15
7 420 32
8 327 12
9 544 12
10 1108 6
11 657 24
12 239 6
13 814 11
14 826 3
15 609 30
16 1141 22
17 1100 5
18 1104 15
19 605 25
20 163 19
21 1195 12
22 569 2
23 444 14
24 722 6
25 188 26
26 616 10
27 1012 7
28 542 11
29 877 27
30 321 5
31 454 3
32 583 27
33 1035 2
34 1038 2
35 189 3
36 527 2
37 776 17
38 128 11
39 638 9
40 632 3
41 1076 1
42 549 2
43 353 4
44 69 3
45 172 15
46 923 11
47 505 10
48 897 1
49 254 12
50 895 7
51 132 23
52 804 20
53 174 14
54 539 8
55 1018 14
56 1171 24
57 365 24
58 970 19
59 1056 8
60 905 19
61 829 11
62 322 7
63 109 4
64 65 5
65 143 10
66 261 22
67 520 9
68 693 2
69 1047 21
70 600 8
71 728 19
72 986 30
73 167 14
74 611 13
75 716 3
76 131 1
77 669 8
78 589 12
79 851 5
80 1096 1
81 130 7
82 126 15
83 674 19
84 1025 19
85 257 34
86 660 6
87 155 13
88 441 18
89 57 4
90 741 11
91 364 8
92 394 24
93 1127 2
94 676 26
95 733 1
96 1149 18
97 566 16
98 268 8
99 525 7
100 711 11
101 449 19
102 948 22
103 406 22
104 981 18
105 49 23
106 878 18
107 1034 9
108 340 14
109 653 7
110 472 9
111 1128 12
112 228 23
113 788 17
114 723 5
115 545 6
116 419 3
117 603 7
118 463 20
119 81 13
120 55 10
121 898 17
122 142 3
123 521 3
124 540 21
125 475 24
126 1077 12
127 955 3
128 404 2
129 192 26
130 559 14
131 754 10
132 1084 13
133 495 15
134 1112 1
135 262 20
136 448 14
137 618 9
138 328 12
139 266 9
140 168 3
141 972 12
142 873 18
143 900 11
144 854 28
145 712 1
146 936 23
147 232 4
148 988 4
149 164 13
150 390 5
151 251 22
152 492 5
153 438 1
154 865 24
155 224 12
156 255 28
157 89 9
158 479 17
159 346 7
160 469 7
161 915 11
162 534 4
163 822 5
164 724 9
165 679 5
166 949 17
167 978 12
168 378 18
169 147 12
170 629 14
171 56 3
172 377 20
173 931 12
174 1065 9
175 909 30
176 518 27
177 1137 20
178 173 13
179 446 4
180 477 12
181 415 11
182 845 2
183 1131 10
184 314 3
185 1164 2
186 928 4
187 1133 13
188 666 6
189 436 12
190 582 3
191 54 11
192 801 13
193 1170 8
194 440 5
195 959 8
196 320 25
197 532 1
198 409 5
199 1155 12
200 159 4
201 541 15
202 8 17
203 1049 20
204 63 9
205 1026 12
206 148 2
207 256 15
208 344 15
209 19 33
210 151 20
211 1075 12
212 500 17
213 1194 4
214 220 6
215 1183 16
216 278 11
217 786 14
218 199 7
219 1004 19
220 1001 3
221 503 3
222 348 21
223 937 17
224 903 16
225 285 14
226 698 9
227 1174 27
228 810 15
229 1193 25
230 974 21
231 1078 11
232 383 28
233 356 11
234 347 13
235 1081 12
236 349 9
237 594 11
238 720 21
239 185 4
240 106 18
241 1163 13
242 306 22
243 509 23
244 999 9
245 410 24
246 1129 13
247 1189 30
248 968 21
249 460 2
250 1101 10
251 655 8
252 1187 11
253 144 1
254 493 13
255 210 3
256 1192 15
257 644 5
258 134 11
259 297 9
260 528 25
261 637 13
262 202 31
263 1069 17
264 318 12
265 1013 3
266 876 9
267 288 29
268 467 6
269 815 15
270 488 2
271 818 10
272 447 11
273 403 2
274 1134 15
275 1057 2
276 732 10
277 391 22
278 1023 15
279 14 9
280 641 2
281 678 21
282 329 9
283 742 5
284 1144 15
285 1039 6
286 277 18
287 411 3
288 1014 6
289 203 14
290 287 10
291 1083 12
292 853 8
293 83 15
294 453 5
295 586 21
296 267 31
297 502 3
298 229 12
299 1008 4
300 1179 19
301 548 14
302 451 19
303 111 14
304 96 11
305 793 21
306 1063 29
307 363 24
308 274 6
309 737 3
310 663 18
311 675 3
312 52 5
313 154 19
314 561 21
315 908 7
316 1046 4
317 942 9
318 208 5
319 149 8
320 820 8
321 50 30
322 357 30
323 796 1
324 315 16
325 20 8
326 299 6
327 1007 6
328 339 14
329 1052 23
330 680 5
331 1175 6
332 802 9
333 1054 31
334 795 6
335 1114 9
336 301 22
337 200 11
338 468 13
339 904 7
340 1157 3
341 24 13
342 125 24
343 554 12
344 631 18
345 474 27
346 1059 3
347 414 1
348 824 10
349 965 9
350 260 23
351 1147 13
352 584 1
353 846 7
354 139 4
355 242 3
356 452 11
357 825 4
358 17 15
359 568 17
360 726 9
361 1146 24
362 555 14
363 997 2
364 1138 20
365 59 11
366 272 17
367 1005 13
368 478 15
369 392 3
370 601 1
371 1064 23
372 760 9
373 662 2
374 300 6
375 933 10
376 739 7
377 442 10
378 423 4
379 68 2
380 744 15
381 486 25
382 833 15
383 243 16
384 819 14
385 417 6
386 565 5
387 832 12
388 688 7
389 432 9
390 311 12
391 797 28
392 48 1
393 883 7
394 519 7
395 31 19
396 498 4
397 848 1
398 237 24
399 649 4
400 828 9
401 614 18
402 1188 12
403 114 19
404 912 11
405 869 22
406 108 2
407 606 25
408 107 7
409 1172 7
410 1186 3
411 800 24
412 966 20
413 643 8
414 62 3
415 964 25
416 943 6
417 692 2
418 607 3
419 413 8
420 1132 13
421 862 6
422 967 8
423 772 12
424 211 6
425 628 23
426 837 13
427 1126 9
428 489 14
429 78 14
430 736 24
431 23 23
432 362 11
433 1130 2
434 604 2
435 577 25
436 944 31
437 1173 17
438 576 5
439 32 17
440 354 2
441 360 2
442 1199 8
443 567 25
444 165 7
445 233 35
446 476 11
447 326 14
448 152 19
449 501 13
450 1105 20
451 1161 5
452 1119 14
453 847 25
454 418 1
455 1148 6
456 60 30
457 1080 1
458 1029 20
459 677 16
460 86 8
461 283 8
462 37 6
463 129 19
464 218 6
465 193 5
466 935 25
467 627 17
468 1160 3
469 264 6
470 367 2
471 7 8
472 5 13
473 382 11
474 956 15
475 259 21
476 317 17
477 921 11
478 84 13
479 494 12
