160 379 64

0 30 200
1 60 400
2 120 1000
3 180 1600
4 240 2400
5 300 3000

0 1500
1 1500
2 1500
3 1000
4 1000
5 1000
6 2000
7 2000
8 2000
9 1500
10 2000
11 2000
12 2000
13 2000
14 2000
15 1000
16 1000
17 1500
18 2000
19 1500
20 1500
21 1500
22 1500
23 1500
24 2000
25 2000
26 1000
27 2000
28 1500
29 2000
30 1500
31 1500
32 1500
33 1500
34 2000
35 2000
36 2000
37 1000
38 2000
39 1000
40 2000
41 1500
42 2000
43 1000
44 1500
45 1500
46 2000
47 2000
48 2000
49 1000
50 1500
51 1500
52 1500
53 1500
54 1500
55 1500
56 1500
57 2000
58 2000
59 2000
60 2000
61 1000
62 1500
63 2000
64 1500
65 1000
66 2000
67 2000
68 2000
69 1500
70 1500
71 2000
72 1500
73 1500
74 2000
75 1000
76 1000
77 2000
78 2000
79 1500
80 1000
81 2000
82 1000
83 2000
84 2000
85 1500
86 1500
87 1500
88 1500
89 1500
90 1500
91 1500
92 1500
93 1000
94 2000
95 1500
96 1500
97 1000
98 1000
99 1000
100 1000
101 1000
102 2000
103 1000
104 1000
105 1000
106 2000
107 1500
108 2000
109 2000
110 2000
111 1500
112 1000
113 1000
114 2000
115 2000
116 1500
117 2000
118 1500
119 2000
120 2000
121 1500
122 1500
123 2000
124 1500
125 1500
126 1500
127 1500
128 2000
129 1500
130 2000
131 1000
132 2000
133 1000
134 2000
135 2000
136 1500
137 1000
138 1500
139 2000
140 1500
141 1500
142 1500
143 2000
144 2000
145 1500
146 1000
147 2000
148 1500
149 1000
150 1000
151 1000
152 1000
153 2000
154 2000
155 1500
156 2000
157 2000
158 2000
159 2000

0 1 14 8
0 2 9 3
0 3 13 1
0 4 12 9
0 5 15 2
0 6 14 10
0 7 2 8
0 20 34 1
0 31 4 10
0 85 6 3
0 127 27 9
0 137 40 3
0 141 24 1
1 2 11 9
1 3 47 3
1 8 44 4
1 9 28 4
1 10 30 3
1 11 8 4
1 12 34 5
1 13 2 4
1 14 9 5
1 15 15 2
1 21 45 2
1 52 8 4
1 81 1 4
1 89 37 1
1 147 21 7
1 155 27 9
2 3 23 8
2 16 45 8
2 17 7 3
2 18 36 1
2 56 9 9
2 60 35 2
2 94 36 5
2 140 25 2
3 19 39 2
3 32 5 9
3 126 4 3
4 75 41 1
4 142 26 2
5 61 26 7
6 111 20 8
7 9 16 1
7 45 45 5
7 159 6 7
8 27 19 6
8 83 48 8
8 121 11 10
9 64 26 4
10 84 46 8
11 124 18 1
12 30 13 10
14 135 18 10
14 141 4 8
15 111 7 3
16 141 48 6
17 61 49 10
17 132 12 7
17 154 50 5
18 51 50 2
19 101 47 9
19 123 16 6
19 133 47 1
20 21 5 4
20 22 48 4
20 23 19 4
20 24 49 2
20 25 16 4
20 32 29 5
20 35 49 10
20 53 17 1
20 58 39 5
20 70 15 4
20 77 43 9
20 90 38 5
20 106 5 2
20 125 30 3
20 140 6 9
21 26 6 4
21 27 2 7
21 28 9 6
21 29 39 10
21 33 12 5
21 56 20 1
21 58 44 5
21 88 40 6
21 107 32 4
21 119 8 5
21 127 47 8
21 133 24 4
21 155 36 4
22 130 13 6
23 38 10 4
23 107 34 7
24 44 17 8
25 95 48 9
27 145 24 5
28 56 15 8
28 106 27 6
29 122 7 9
29 140 24 7
30 31 34 1
30 32 16 2
30 33 8 3
30 34 40 1
30 35 33 5
30 89 21 9
30 150 6 8
31 32 46 4
31 33 14 4
31 36 13 1
31 37 32 9
31 38 41 4
31 39 14 4
31 82 37 9
31 91 15 1
31 97 19 1
31 127 10 2
31 142 35 1
31 155 10 6
32 33 19 10
32 40 30 8
32 41 47 2
32 42 42 7
32 43 18 2
32 44 1 9
32 45 16 6
32 46 4 7
32 54 1 6
32 140 36 7
33 47 48 6
33 48 44 7
33 49 35 5
33 56 28 2
33 126 2 1
33 143 30 6
34 116 5 1
35 120 16 5
36 59 13 7
37 43 13 6
37 65 25 6
37 155 34 10
40 72 9 3
40 127 28 8
41 51 34 5
41 106 24 2
41 147 8 2
42 81 26 5
43 137 13 6
43 152 9 5
44 92 41 1
46 50 48 9
46 52 7 6
47 107 39 3
48 122 43 8
49 64 35 5
49 155 19 4
50 51 45 4
50 52 5 7
50 53 36 8
50 54 27 10
50 55 7 7
50 56 49 1
50 57 12 2
50 58 24 8
50 103 35 3
51 52 30 1
51 53 15 7
51 54 28 4
51 55 33 5
51 56 1 2
51 59 19 6
51 60 48 8
51 114 49 10
52 53 33 10
52 54 7 2
52 55 29 8
52 56 5 4
52 61 26 7
52 62 12 3
52 63 12 2
52 64 13 3
52 65 45 10
52 66 45 6
52 67 35 1
52 116 5 5
53 54 6 9
53 55 40 8
53 56 43 10
53 68 29 9
53 69 42 9
53 70 25 1
53 71 16 6
53 72 34 7
53 86 14 4
54 55 30 10
54 56 42 9
54 73 47 10
54 74 43 7
54 75 6 9
54 76 31 3
54 77 43 10
54 78 49 9
54 114 22 10
54 127 29 4
54 155 42 2
55 56 27 3
55 79 30 6
55 80 35 8
55 81 46 1
55 82 31 10
55 125 37 5
55 141 33 7
56 83 30 4
56 84 17 5
56 89 42 5
56 120 45 5
56 142 1 3
57 74 47 8
58 148 49 3
59 64 40 6
59 130 46 1
61 73 10 2
62 123 32 6
63 95 9 7
64 88 25 1
64 142 35 1
64 145 20 3
67 81 18 10
67 88 38 9
67 127 15 7
68 79 11 6
68 138 40 5
69 102 18 9
70 90 1 10
70 116 31 9
70 135 5 1
70 141 15 3
71 155 31 9
72 89 1 2
73 90 27 6
73 94 14 6
76 136 29 7
77 117 43 6
77 126 36 4
79 149 29 2
81 141 42 1
83 155 35 5
85 86 39 5
85 87 4 3
85 88 2 10
85 89 36 2
85 90 14 3
85 91 29 1
85 92 29 7
85 93 18 7
85 138 3 2
85 143 19 6
85 158 19 3
86 87 4 3
86 88 42 9
86 89 44 2
86 90 2 1
86 91 44 2
86 92 29 6
86 94 24 3
86 95 29 7
86 96 12 5
86 97 44 2
86 98 40 3
86 141 26 1
86 155 34 9
87 88 38 6
87 89 13 3
87 90 30 6
87 91 25 6
87 92 9 10
87 99 3 4
87 100 41 9
87 101 42 1
87 102 9 2
87 103 4 4
87 104 18 6
87 105 37 1
87 106 26 4
88 89 27 5
88 90 3 9
88 91 49 8
88 92 35 1
88 107 22 5
88 108 50 1
88 109 31 2
88 110 7 8
88 111 49 6
88 112 25 8
88 140 33 1
88 157 7 4
89 90 41 10
89 91 2 5
89 92 18 10
89 107 22 4
89 113 4 6
89 114 46 2
89 115 24 5
90 91 23 3
90 92 28 3
90 116 21 9
90 117 21 3
90 127 11 2
91 52 23 1
91 84 3 4
91 92 48 7
91 109 42 10
91 118 17 7
91 119 12 2
91 120 6 4
91 121 37 6
92 122 33 8
92 123 47 8
92 124 26 4
92 125 7 2
92 155 27 10
96 158 42 5
97 126 47 5
102 106 28 4
105 155 48 3
107 151 50 6
112 127 13 4
115 136 8 5
118 68 49 4
119 153 15 3
124 149 5 7
125 126 35 9
125 127 26 9
125 128 25 1
125 136 41 9
126 127 9 1
126 129 37 9
126 130 47 9
126 131 1 4
126 132 12 7
126 135 37 10
126 140 20 2
126 142 36 9
126 155 15 8
127 133 21 8
127 134 17 10
127 135 36 3
127 136 24 2
127 137 15 2
127 138 26 2
127 139 4 4
127 155 39 7
129 147 45 7
132 142 26 8
138 140 46 3
140 141 25 6
140 142 35 6
140 143 8 3
140 144 17 1
140 145 3 7
140 146 50 4
140 147 5 3
141 142 47 8
141 148 24 5
141 149 28 3
141 150 49 3
141 151 26 6
141 152 47 8
141 155 8 5
142 153 11 10
142 154 18 8
142 155 22 5
155 156 13 7
155 157 15 5
155 158 11 6
155 159 23 6

0 123 35
1 46 20
2 42 21
3 35 61
4 6 23
5 27 14
6 139 3
7 10 42
8 156 9
9 58 108
10 117 39
11 77 44
12 13 2
13 14 21
14 29 26
15 83 69
16 135 62
17 132 30
18 11 8
19 34 21
20 120 33
21 59 81
22 24 25
23 66 16
24 102 13
25 74 39
26 48 52
27 159 12
28 134 8
29 81 68
30 114 62
31 25 14
32 153 6
33 108 24
34 109 47
35 106 48
36 40 41
37 154 46
38 67 63
39 110 5
40 119 9
41 57 41
42 158 41
43 115 10
44 68 69
45 12 15
46 78 14
47 47 23
48 147 38
49 7 40
50 60 33
51 71 12
52 94 25
53 63 10
54 144 9
55 8 39
56 128 16
57 130 52
58 36 9
59 143 36
60 18 44
61 84 31
62 157 7
63 38 21
