160 374 64

0 30 200
1 60 400
2 120 1000
3 180 1600
4 240 2400
5 300 3000

0 1500
1 1500
2 1500
3 1500
4 1000
5 1500
6 1000
7 2000
8 1500
9 2000
10 1000
11 1000
12 1500
13 1500
14 2000
15 1000
16 2000
17 1500
18 2000
19 2000
20 1500
21 1500
22 1500
23 2000
24 1000
25 1000
26 2000
27 2000
28 1000
29 1000
30 1500
31 2000
32 1000
33 1500
34 1000
35 1500
36 1000
37 1500
38 1500
39 1000
40 1500
41 2000
42 1000
43 1500
44 2000
45 2000
46 1500
47 2000
48 2000
49 1000
50 1000
51 1000
52 1000
53 1500
54 1500
55 1000
56 1500
57 2000
58 2000
59 2000
60 2000
61 1000
62 2000
63 1000
64 2000
65 1500
66 1500
67 1500
68 1500
69 1500
70 1500
71 1500
72 2000
73 2000
74 1000
75 1000
76 1500
77 1000
78 2000
79 2000
80 2000
81 2000
82 1000
83 1000
84 2000
85 2000
86 1000
87 2000
88 2000
89 2000
90 1500
91 2000
92 1000
93 1000
94 1500
95 1500
96 2000
97 2000
98 2000
99 2000
100 1500
101 1500
102 1500
103 1500
104 2000
105 2000
106 1000
107 2000
108 1000
109 1500
110 2000
111 2000
112 2000
113 2000
114 1000
115 2000
116 2000
117 1500
118 1500
119 1000
120 1500
121 2000
122 1000
123 1000
124 2000
125 1500
126 1500
127 1500
128 1500
129 1500
130 1500
131 2000
132 2000
133 2000
134 1000
135 1500
136 1500
137 2000
138 2000
139 2000
140 1000
141 2000
142 2000
143 2000
144 1500
145 2000
146 1000
147 2000
148 1000
149 2000
150 1000
151 1000
152 1500
153 2000
154 1500
155 1500
156 2000
157 2000
158 1500
159 2000

0 1 2 4
0 2 9 1
0 3 44 4
0 4 3 4
0 5 23 6
0 6 41 7
0 7 48 5
0 42 30 6
0 55 32 5
0 60 37 3
0 151 47 1
0 158 44 3
1 2 23 4
1 3 39 7
1 8 50 1
1 9 36 7
1 10 37 5
1 67 6 4
1 68 49 7
1 120 20 1
1 130 7 1
1 155 5 4
2 3 10 4
2 11 32 10
2 12 39 8
2 39 25 3
2 56 25 7
2 101 6 6
2 108 40 4
2 133 39 7
2 143 19 9
2 155 18 10
3 13 25 9
3 14 16 8
3 15 6 3
3 16 23 4
3 17 15 9
3 18 44 8
3 19 31 9
3 21 44 6
3 22 11 4
3 23 35 6
3 25 15 10
3 37 37 2
3 55 13 3
3 60 29 1
3 91 26 9
3 100 2 3
3 120 42 5
3 126 36 6
5 80 27 5
6 42 35 8
6 155 27 9
7 16 47 5
7 30 49 9
7 76 2 9
7 78 3 3
7 103 1 3
8 88 13 8
8 95 46 4
8 120 29 10
8 130 44 1
10 129 18 4
11 76 42 7
12 88 25 5
12 104 40 5
13 87 27 5
13 134 40 4
14 31 45 2
14 38 22 3
14 45 37 3
14 68 1 2
14 132 42 1
14 154 8 3
15 155 32 1
16 94 49 8
17 156 10 1
18 45 37 2
19 90 19 4
20 21 34 1
20 22 24 2
20 23 9 3
20 24 49 5
20 25 37 3
20 41 19 7
20 84 23 1
20 103 25 7
20 151 19 4
21 22 45 4
21 26 30 5
21 27 48 1
21 28 15 9
21 29 15 10
21 30 35 9
21 31 12 7
21 40 40 9
21 62 36 10
21 71 22 7
21 86 41 5
21 120 37 7
21 129 9 8
21 130 40 8
22 32 17 8
22 33 43 1
22 34 31 8
22 40 3 8
22 65 40 3
22 98 14 9
22 102 47 8
22 120 21 8
22 155 36 2
26 45 19 3
27 47 12 1
27 132 6 3
28 129 42 5
30 37 29 4
30 82 3 7
31 155 27 2
31 158 32 6
32 92 47 6
32 151 50 2
33 62 48 2
33 120 47 8
35 36 29 8
35 37 14 9
35 38 20 9
35 39 11 4
35 40 38 9
35 41 1 1
35 42 23 6
35 43 13 6
35 44 29 6
35 45 30 7
35 87 45 3
35 125 7 5
36 37 42 4
36 38 13 3
36 39 29 5
36 40 30 9
36 46 43 9
36 102 25 5
36 120 45 10
36 126 16 8
36 136 34 3
37 38 29 1
37 39 32 6
37 40 35 3
37 47 11 6
37 69 17 2
37 95 45 9
37 155 49 3
38 39 25 3
38 40 15 2
38 48 44 8
38 49 28 5
38 50 39 4
38 51 42 7
38 52 6 1
38 53 23 4
38 85 30 5
38 103 25 5
38 155 6 3
39 40 21 4
39 54 31 6
39 55 6 2
39 67 20 9
39 92 1 7
40 56 34 5
40 57 4 7
40 58 3 1
40 59 3 3
40 60 10 7
40 61 16 8
40 62 39 3
40 63 33 2
40 64 35 2
41 128 10 5
42 120 31 8
43 72 16 2
43 128 45 8
44 120 13 5
44 139 12 6
45 46 24 7
45 139 4 4
46 62 49 1
46 131 12 2
47 91 48 7
48 96 45 4
48 117 12 5
51 146 46 7
52 90 44 4
52 119 19 2
52 155 36 10
53 79 44 9
53 80 41 3
53 129 9 4
54 89 42 5
56 70 29 4
56 96 20 3
57 120 23 2
58 103 28 1
58 154 6 6
58 156 46 3
59 133 36 2
64 103 23 6
65 66 10 1
65 67 12 2
65 68 17 7
65 69 20 9
65 70 45 5
65 71 26 1
65 72 49 4
65 73 6 7
65 74 40 6
65 75 14 5
65 76 7 8
65 77 8 2
65 78 2 8
65 79 19 2
65 120 38 9
65 130 20 1
66 67 16 2
66 68 5 9
66 69 8 7
66 70 35 4
66 71 48 6
66 80 16 7
66 81 46 7
66 103 5 4
67 68 5 4
67 69 11 4
67 70 19 3
67 71 44 2
67 82 34 7
67 83 4 7
67 84 19 2
67 107 32 4
68 69 33 6
68 70 42 2
68 71 1 10
68 85 1 4
68 120 17 5
68 125 22 10
68 155 17 10
69 70 4 3
69 71 48 10
69 86 8 7
69 87 38 1
69 88 40 3
69 89 38 6
69 90 14 3
69 91 39 3
69 92 39 8
69 101 4 6
70 71 41 10
70 93 18 10
70 94 4 1
70 95 37 9
70 96 7 7
71 97 9 5
71 98 4 2
71 99 13 7
71 155 9 2
73 116 45 7
76 155 31 9
78 144 27 8
79 124 2 2
80 129 35 6
81 129 42 4
87 147 13 6
89 95 22 2
94 128 9 7
94 155 21 7
95 98 15 10
100 101 29 10
100 102 26 9
100 103 40 7
100 104 39 7
100 105 9 10
100 106 10 2
100 107 35 2
100 125 48 10
100 129 4 10
100 155 49 8
101 102 32 5
101 103 47 2
101 108 50 1
101 109 42 7
101 110 5 8
101 111 26 10
101 112 18 9
101 113 36 4
101 114 29 4
101 115 2 4
101 120 36 9
102 103 10 3
102 116 45 6
102 117 37 7
102 120 50 5
103 118 42 10
103 119 15 8
103 155 31 4
109 142 32 3
110 128 19 10
114 119 11 3
116 120 14 9
117 64 37 5
117 119 6 6
117 134 16 1
118 153 26 3
120 121 47 6
120 122 1 1
120 123 50 9
120 124 40 9
120 126 12 10
120 155 39 2
120 158 43 2
121 135 5 4
123 155 23 7
125 126 26 7
125 127 46 9
125 128 28 2
125 129 41 7
125 130 7 3
125 131 44 7
125 132 8 6
125 133 45 6
125 153 42 7
125 155 40 6
126 127 23 9
126 128 29 1
126 129 1 3
126 130 38 6
126 131 39 10
126 134 3 2
126 135 25 3
126 136 14 7
127 128 29 2
127 129 18 6
127 130 35 2
127 137 1 3
127 138 8 9
127 139 38 4
127 140 3 8
127 141 6 7
127 159 15 3
128 129 49 6
128 130 16 6
128 142 5 3
128 155 46 5
128 158 27 10
129 130 42 10
129 142 15 5
129 143 10 6
129 144 20 8
129 145 16 7
129 146 6 9
129 147 1 1
129 148 22 2
129 149 18 4
130 150 13 7
130 151 11 3
130 152 15 7
130 153 30 7
130 154 27 5
133 152 43 8
136 153 28 7
139 155 26 8
148 155 6 10
152 155 11 4
155 156 50 8
155 157 6 6
155 158 9 7
155 159 22 8

0 99 8
1 26 22
2 62 89
3 58 41
4 121 22
5 87 77
6 153 86
7 19 12
8 157 3
9 41 7
10 145 7
11 133 76
12 9 19
13 159 20
14 72 32
15 132 12
16 85 18
17 7 89
18 104 55
19 27 15
20 98 11
21 131 46
22 116 22
23 44 28
24 73 35
25 138 6
26 91 55
27 147 7
28 80 71
29 48 52
30 111 6
31 78 18
32 14 120
33 31 76
34 18 52
35 47 15
36 107 41
37 139 30
38 124 13
39 45 61
40 89 59
41 141 3
42 149 11
43 110 16
44 143 17
45 23 24
46 57 17
47 137 1
48 156 28
49 79 29
50 115 1
51 88 37
52 112 10
53 84 15
54 16 53
55 60 17
56 96 16
57 64 57
58 105 7
59 142 21
60 97 6
61 113 25
62 81 21
63 59 9
