160 382 64

0 30 200
1 60 400
2 120 1000
3 180 1600
4 240 2400
5 300 3000

0 1500
1 1500
2 1500
3 2000
4 2000
5 1500
6 1500
7 1500
8 1500
9 1500
10 1500
11 1500
12 1500
13 1500
14 2000
15 2000
16 1500
17 2000
18 2000
19 2000
20 2000
21 1500
22 2000
23 1000
24 2000
25 1500
26 1000
27 2000
28 2000
29 2000
30 1000
31 1000
32 2000
33 2000
34 2000
35 1000
36 1500
37 1000
38 2000
39 1000
40 1000
41 2000
42 1500
43 1000
44 2000
45 1000
46 1500
47 1000
48 1000
49 2000
50 1500
51 1500
52 1500
53 1500
54 1500
55 1000
56 1500
57 1000
58 1500
59 1500
60 1000
61 2000
62 2000
63 1000
64 2000
65 1500
66 2000
67 2000
68 1500
69 2000
70 2000
71 1000
72 2000
73 2000
74 1000
75 2000
76 1000
77 1000
78 1000
79 2000
80 2000
81 500
82 1000
83 2000
84 2000
85 1500
86 1500
87 1500
88 1500
89 1500
90 1500
91 1000
92 1500
93 2000
94 2000
95 1000
96 1000
97 1000
98 2000
99 2000
100 1000
101 2000
102 2000
103 1000
104 1500
105 1000
106 1500
107 2000
108 1500
109 2000
110 1500
111 1500
112 1500
113 1000
114 2000
115 2000
116 2000
117 2000
118 2000
119 2000
120 2000
121 2000
122 2000
123 2000
124 1500
125 1500
126 1500
127 1500
128 1500
129 1000
130 2000
131 1500
132 1000
133 2000
134 2000
135 1000
136 2000
137 1000
138 2000
139 1500
140 1500
141 1000
142 2000
143 1500
144 1000
145 1500
146 1500
147 1500
148 1000
149 2000
150 2000
151 2000
152 2000
153 1000
154 2000
155 1000
156 1000
157 2000
158 1500
159 1500

0 1 46 6
0 2 19 6
0 3 40 4
0 4 44 2
0 8 31 5
0 13 5 8
0 20 21 4
0 54 1 2
0 65 45 10
0 82 13 4
0 86 16 6
0 88 13 4
0 90 26 6
0 99 15 1
0 112 2 1
0 114 16 8
0 116 13 7
0 126 29 1
0 127 26 5
0 140 36 7
0 145 23 1
0 146 28 4
0 156 23 5
1 30 14 7
1 73 21 1
1 127 24 6
2 73 38 8
2 92 49 1
5 6 29 8
5 7 3 2
5 8 9 4
5 9 38 3
5 10 35 9
5 11 32 4
5 12 49 7
5 13 7 4
5 14 2 3
5 15 31 1
5 31 8 6
5 42 41 9
5 112 33 3
6 7 20 7
6 8 20 9
6 9 41 4
6 10 14 7
6 11 35 7
6 12 20 1
6 13 7 2
6 16 21 10
6 17 3 10
6 18 41 9
6 19 9 10
6 62 16 1
6 112 38 6
6 147 11 9
7 8 45 1
7 9 34 1
7 10 35 3
7 11 36 10
7 12 24 10
7 13 31 4
7 20 20 9
7 21 48 5
7 22 21 5
7 23 24 3
7 24 31 5
7 25 33 2
7 26 26 5
7 27 17 1
7 127 21 10
8 9 10 2
8 10 49 4
8 11 12 10
8 12 35 3
8 13 26 5
8 28 14 4
8 29 3 2
8 30 8 5
8 139 13 6
8 146 34 3
9 10 35 1
9 11 32 7
9 12 10 7
9 13 43 7
9 31 44 9
9 32 31 3
9 85 30 10
9 87 12 9
10 11 25 7
10 12 42 1
10 13 43 2
10 33 15 6
10 34 27 8
10 35 35 2
10 36 38 10
10 116 33 7
10 125 18 3
10 140 35 4
11 12 10 4
11 13 22 8
11 37 29 3
11 38 33 9
11 39 10 3
11 40 26 2
11 41 7 4
11 52 18 9
11 60 37 3
12 13 21 3
12 42 46 2
12 43 35 8
12 44 35 8
13 45 18 1
13 46 41 3
13 47 47 3
13 48 24 7
13 49 17 2
13 53 29 4
13 84 49 8
13 102 26 4
13 140 48 9
13 145 50 3
14 86 32 1
15 46 36 7
15 125 49 9
15 145 15 6
16 20 38 3
18 42 26 3
18 130 18 6
19 110 16 2
19 138 38 8
19 146 1 2
20 149 14 4
21 89 8 4
21 134 24 7
23 137 24 9
24 41 1 7
24 140 7 2
25 49 4 9
25 63 3 8
25 85 50 9
27 85 9 4
27 146 45 8
27 147 14 5
30 87 11 7
30 140 19 2
30 145 35 6
30 147 43 2
32 85 46 5
32 149 46 4
33 84 11 9
33 126 20 6
34 36 34 5
34 56 40 8
34 90 6 8
34 140 48 3
36 43 36 3
38 146 15 2
39 88 47 8
39 148 42 2
39 153 23 9
40 54 17 5
40 100 26 2
40 126 24 4
40 147 11 3
41 59 3 6
41 139 35 6
43 140 48 1
44 140 18 6
46 85 49 4
48 112 23 1
50 51 19 8
50 52 12 4
50 53 34 9
50 54 31 6
50 55 46 4
50 56 36 7
50 57 30 4
50 58 19 8
50 59 24 6
50 60 45 10
50 61 30 10
50 62 35 8
50 88 43 1
50 105 14 2
50 112 4 3
50 158 37 5
51 52 45 10
51 53 42 9
51 54 14 6
51 55 39 10
51 56 48 7
51 63 39 9
51 64 36 9
51 65 50 6
51 66 23 1
51 67 26 10
51 68 28 9
51 69 4 7
52 53 24 3
52 54 44 9
52 55 50 3
52 56 46 1
52 70 7 10
52 71 46 7
52 72 46 9
52 73 39 9
52 74 23 1
52 75 14 6
52 76 10 9
52 88 7 7
53 54 26 3
53 55 23 6
53 56 34 7
53 77 46 1
53 80 44 3
53 125 2 1
53 147 47 3
54 55 5 8
54 56 23 5
54 78 19 9
54 79 1 4
54 80 10 7
54 112 31 9
54 126 26 5
54 140 20 8
54 146 5 2
55 56 46 2
55 81 1 3
56 82 20 6
56 83 8 1
56 84 7 9
56 140 19 7
57 140 19 9
58 157 49 2
59 100 4 1
59 117 14 8
62 158 20 3
63 155 38 8
64 84 10 3
64 106 43 1
64 109 33 2
64 110 2 1
64 150 27 7
65 149 4 10
67 133 35 7
68 85 16 8
69 111 27 9
71 111 49 9
72 124 30 3
73 107 39 10
73 124 3 1
74 139 19 10
76 95 20 10
80 131 4 4
82 104 21 7
83 86 18 9
83 109 20 8
83 128 12 4
83 146 14 4
85 86 23 6
85 87 39 8
85 88 40 5
85 89 42 5
85 90 18 2
85 140 41 5
86 87 32 1
86 88 37 9
86 89 31 5
86 91 12 6
86 92 49 2
86 93 40 1
86 94 48 3
86 140 21 5
86 147 36 3
87 88 16 10
87 89 13 7
87 95 35 5
87 96 31 10
87 97 34 7
87 98 48 1
87 99 10 5
87 100 23 4
87 110 13 7
87 125 44 6
88 89 30 5
88 101 7 3
88 102 15 10
88 103 18 6
88 104 22 5
88 105 6 9
88 112 32 3
89 103 22 8
89 106 13 1
89 107 45 4
89 108 1 2
89 109 45 10
89 125 26 2
89 145 41 4
91 129 19 6
92 96 22 4
92 138 35 6
94 120 2 1
96 105 11 1
98 114 36 2
101 143 10 5
104 136 17 3
104 146 44 2
105 126 29 2
108 120 4 3
108 149 31 9
110 111 4 2
110 112 33 1
110 113 37 8
110 114 24 10
110 125 29 6
110 145 14 1
111 112 15 7
111 115 50 10
111 116 39 3
111 117 39 1
111 118 30 7
111 119 31 4
111 120 28 8
111 121 19 2
111 128 44 2
111 140 39 2
111 147 27 6
112 122 50 1
112 123 6 5
112 124 8 9
112 134 9 7
113 156 25 2
115 134 37 5
115 159 48 8
116 119 8 6
117 140 8 5
118 68 43 3
121 131 1 3
124 128 19 6
125 126 43 2
125 127 7 6
125 128 49 8
125 129 2 3
125 140 18 9
125 145 37 5
126 127 5 2
126 130 14 3
126 131 45 4
126 132 20 7
126 133 28 5
127 134 7 4
127 135 40 3
127 136 25 6
127 137 3 3
127 138 7 4
127 139 16 3
127 140 47 2
127 146 21 7
130 147 40 10
136 143 3 2
137 144 3 7
138 140 21 8
140 141 20 10
140 142 24 3
140 143 46 4
140 144 29 1
140 147 30 2
145 146 17 1
145 147 19 1
145 148 46 3
146 147 18 6
146 149 48 2
146 150 33 9
146 151 40 4
146 152 38 1
146 153 21 4
146 154 28 1
146 155 36 9
147 156 35 2
147 157 48 9
147 158 40 2
147 159 31 10

0 149 37
1 101 10
2 79 1
3 72 20
4 84 43
5 107 50
6 138 26
7 130 33
8 22 12
9 19 31
10 157 43
11 116 64
12 49 12
13 119 21
14 17 1
15 64 84
16 93 17
17 27 43
18 62 50
19 151 22
20 121 5
21 73 50
22 66 14
23 114 36
24 98 41
25 94 34
26 115 36
27 120 9
28 142 10
29 4 20
30 152 10
31 154 10
32 29 2
33 70 4
34 109 44
35 67 30
36 18 58
37 28 4
38 33 15
39 32 57
40 136 11
41 118 34
42 102 20
43 150 41
44 38 22
45 3 13
46 133 18
47 134 36
48 117 15
49 99 16
50 83 36
51 75 4
52 24 13
53 44 31
54 20 50
55 34 53
56 61 14
57 14 24
58 80 30
59 123 5
60 122 26
61 15 51
62 41 16
63 69 7
