160 367 64

0 30 200
1 60 400
2 120 1000
3 180 1600
4 240 2400
5 300 3000

0 1500
1 1500
2 1000
3 1500
4 1500
5 2000
6 2000
7 2000
8 2000
9 1500
10 2000
11 1000
12 2000
13 1000
14 2000
15 2000
16 1500
17 1500
18 2000
19 2000
20 2000
21 2000
22 1500
23 1500
24 1000
25 1500
26 1500
27 1500
28 2000
29 1000
30 1000
31 1000
32 2000
33 1000
34 2000
35 2000
36 1000
37 2000
38 1000
39 2000
40 1000
41 1500
42 1500
43 1500
44 1500
45 1500
46 1500
47 2000
48 1500
49 1500
50 2000
51 2000
52 2000
53 2000
54 2000
55 2000
56 1500
57 2000
58 1500
59 2000
60 1000
61 2000
62 2000
63 2000
64 1000
65 2000
66 2000
67 2000
68 2000
69 1000
70 1500
71 1000
72 1500
73 1500
74 1500
75 2000
76 1500
77 2000
78 1500
79 1000
80 2000
81 2000
82 2000
83 1000
84 1500
85 2000
86 1000
87 1000
88 2000
89 1000
90 2000
91 1500
92 2000
93 1500
94 1000
95 1500
96 1500
97 1500
98 1500
99 1500
100 1000
101 2000
102 1000
103 1000
104 2000
105 1500
106 1000
107 1500
108 2000
109 2000
110 1500
111 1500
112 1500
113 1000
114 1000
115 2000
116 2000
117 2000
118 2000
119 2000
120 1500
121 1500
122 1500
123 1500
124 1000
125 2000
126 1000
127 2000
128 1500
129 1500
130 1000
131 1500
132 1500
133 2000
134 1500
135 2000
136 2000
137 1500
138 1000
139 1500
140 1500
141 1000
142 1500
143 1500
144 1000
145 1000
146 1000
147 2000
148 2000
149 2000
150 1000
151 1000
152 2000
153 2000
154 1500
155 1000
156 2000
157 2000
158 1000
159 1500

0 1 21 10
0 2 38 3
0 3 22 5
0 4 13 1
0 5 20 8
0 6 9 7
0 7 36 8
0 8 35 9
0 9 13 6
0 10 34 10
0 37 38 6
0 41 30 8
0 47 23 10
0 122 32 2
0 133 42 1
1 2 32 1
1 3 46 10
1 4 1 7
1 11 10 2
1 12 5 8
1 13 9 4
1 14 24 2
1 15 26 3
1 27 26 9
1 79 23 9
1 81 50 10
1 142 37 8
2 3 18 10
2 4 46 5
2 16 46 9
2 26 31 9
2 40 7 4
2 73 48 5
2 86 42 8
2 95 3 9
2 120 31 1
2 140 44 1
3 4 19 6
3 7 11 8
3 17 23 2
3 18 3 2
3 19 45 7
3 20 2 8
3 58 10 3
4 21 4 8
4 22 23 1
4 23 42 8
4 24 24 1
4 73 10 3
4 110 50 4
4 111 19 10
4 112 48 10
5 108 45 4
7 43 31 3
7 68 31 10
7 111 50 9
8 121 29 6
8 131 6 10
9 95 20 3
9 101 30 8
10 93 36 5
14 76 30 10
16 55 34 1
17 109 21 1
18 91 14 3
18 133 13 10
19 136 34 4
20 45 37 5
20 154 36 7
21 42 16 4
21 101 30 7
22 27 1 6
22 92 44 4
22 121 23 4
22 136 39 2
23 26 25 8
23 53 50 9
24 95 35 6
25 26 16 9
25 27 20 8
25 28 5 8
25 29 47 5
25 30 2 8
25 31 10 7
25 32 13 9
25 33 10 8
25 34 24 3
25 38 48 7
25 40 44 7
25 43 47 8
25 70 49 5
25 74 44 7
25 125 43 2
25 134 10 7
25 143 50 4
25 155 30 9
26 27 47 10
26 35 3 4
26 121 41 9
26 140 15 4
26 147 16 9
26 153 31 9
27 36 23 7
27 37 30 9
27 38 5 7
27 39 29 7
27 96 8 4
27 97 22 3
27 111 32 1
27 121 39 1
27 135 24 3
27 149 32 8
29 94 42 3
29 95 39 7
30 139 2 10
30 146 4 5
30 155 15 4
33 110 8 8
33 140 45 1
33 154 32 8
35 105 15 9
35 110 24 10
35 134 42 2
35 148 46 2
36 87 10 6
38 96 43 4
38 145 45 5
40 41 21 9
40 42 8 9
40 43 46 3
40 44 46 1
40 45 41 3
40 46 6 4
41 42 19 6
41 43 33 9
41 44 10 1
41 45 43 10
41 47 30 4
41 48 14 9
41 49 35 6
41 50 35 4
41 96 34 7
41 100 4 4
42 43 48 4
42 44 29 3
42 45 29 10
42 47 41 6
42 51 36 9
42 52 28 1
42 53 12 6
42 54 49 6
42 55 49 3
42 70 7 5
42 120 12 7
43 44 16 8
43 45 48 2
43 56 10 2
43 57 42 10
43 70 3 6
43 110 35 6
43 123 12 6
43 143 31 10
44 45 5 8
44 52 33 3
44 58 6 3
44 59 38 9
44 60 36 8
44 61 19 8
44 96 3 1
44 143 9 4
45 62 12 2
45 63 28 7
45 64 8 3
45 65 20 8
45 66 3 9
45 67 25 4
45 68 11 9
45 69 40 4
45 104 39 7
45 110 39 10
45 125 24 2
46 62 39 1
46 121 5 7
47 140 33 8
48 72 1 5
48 104 45 3
48 118 12 1
49 77 24 1
52 76 50 8
52 104 26 5
54 73 11 6
54 128 14 5
55 107 18 1
56 157 5 6
57 119 13 5
58 75 28 2
59 98 41 4
59 111 46 10
64 97 29 2
64 121 43 8
65 129 37 6
65 156 12 5
70 71 10 6
70 72 46 6
70 73 10 3
70 74 25 4
70 75 47 9
70 76 16 3
70 77 11 9
70 97 22 8
70 123 3 1
71 72 6 2
71 73 25 6
71 74 42 1
71 78 27 9
71 79 45 4
71 141 17 8
72 73 37 7
72 74 7 9
72 80 1 4
72 81 2 2
72 84 13 5
72 91 30 4
72 97 19 8
72 111 27 9
72 115 46 6
72 142 4 10
73 74 20 5
73 82 18 6
73 83 34 1
73 84 33 7
73 85 11 5
73 86 50 6
73 87 46 3
73 88 47 7
73 89 23 10
73 90 43 8
73 91 21 2
74 92 7 6
74 93 22 3
74 94 34 2
74 98 27 3
74 111 4 7
74 123 43 2
76 104 38 8
78 115 19 2
81 109 21 9
82 110 20 6
82 148 31 6
83 143 31 10
84 92 14 8
84 95 19 1
84 99 43 10
85 117 15 6
85 147 3 5
88 129 19 9
88 137 46 8
90 111 50 7
90 136 2 2
91 106 28 10
91 122 21 3
93 127 5 10
93 138 48 4
94 96 49 6
95 96 43 8
95 97 8 4
95 98 37 6
95 99 8 6
95 100 8 4
95 101 14 2
95 102 23 4
95 103 41 5
95 111 30 5
95 121 31 5
96 97 1 6
96 104 50 3
96 105 17 1
96 120 48 9
96 143 35 3
97 106 38 6
97 107 22 2
97 108 32 4
97 109 10 8
97 110 1 9
97 139 35 8
99 156 10 9
102 145 47 9
104 123 30 3
104 147 18 8
107 109 18 1
108 120 42 9
109 159 11 4
110 111 35 2
110 112 3 7
110 113 1 5
110 114 41 4
110 141 21 9
110 151 18 2
110 152 9 8
111 44 36 8
111 115 40 7
111 116 3 2
111 117 31 9
111 118 23 10
111 119 41 10
111 120 20 10
111 123 17 5
111 142 3 7
111 145 21 1
111 150 32 7
112 134 28 6
112 157 46 4
113 150 41 8
117 65 22 3
120 121 43 4
120 122 2 4
120 123 16 9
120 124 7 6
120 125 31 6
120 126 18 9
120 127 49 3
120 137 11 3
120 141 22 4
121 122 34 6
121 123 12 10
121 128 26 10
121 129 50 1
121 143 30 7
122 123 17 5
122 130 36 9
122 131 19 5
122 132 45 8
122 133 30 6
122 134 23 3
122 135 35 3
122 136 19 8
122 137 47 9
122 138 27 1
123 137 48 10
123 139 21 1
130 140 18 2
132 136 50 2
135 139 1 5
140 141 5 10
140 142 23 9
140 143 4 9
140 144 34 1
140 156 2 9
141 142 27 7
141 143 22 1
141 145 7 6
142 143 17 4
142 146 38 6
142 147 37 7
142 148 13 8
142 149 23 6
142 150 22 10
142 151 19 6
142 152 27 5
143 153 37 3
143 154 14 3
143 155 8 1
143 156 26 9
143 157 24 2
143 158 28 3
143 159 27 1
157 159 39 2

0 125 45
1 51 21
2 67 6
3 63 18
4 6 6
5 52 64
6 65 58
7 20 47
8 133 54
9 59 29
10 47 82
11 82 48
12 57 16
13 90 54
14 19 21
15 18 19
16 55 52
17 149 37
18 66 2
19 15 18
20 85 8
21 116 2
22 88 79
23 14 22
24 104 131
25 50 13
26 157 23
27 80 1
28 35 80
29 118 19
30 92 39
31 12 3
32 156 22
33 153 32
34 28 2
35 10 33
36 75 51
37 32 8
38 152 11
39 68 21
40 34 13
41 148 60
42 8 28
43 5 28
44 119 38
45 117 16
46 7 49
47 115 27
48 127 28
49 135 29
50 21 16
51 101 38
52 61 10
53 53 21
54 136 58
55 62 23
56 77 22
57 109 51
58 37 15
59 147 21
60 81 18
61 39 17
62 54 47
63 108 76
