160 380 64

0 30 200
1 60 400
2 120 1000
3 180 1600
4 240 2400
5 300 3000

0 1500
1 1500
2 1500
3 2000
4 2000
5 1500
6 2000
7 2000
8 2000
9 2000
10 2000
11 1000
12 1000
13 1000
14 1000
15 1500
16 1500
17 1500
18 1500
19 1000
20 2000
21 1000
22 2000
23 2000
24 2000
25 1500
26 2000
27 2000
28 2000
29 2000
30 1000
31 1500
32 1500
33 1500
34 2000
35 1500
36 1500
37 1500
38 1000
39 1000
40 1000
41 2000
42 1000
43 2000
44 2000
45 1500
46 1000
47 1000
48 2000
49 2000
50 1500
51 1500
52 2000
53 2000
54 1000
55 1500
56 2000
57 1000
58 2000
59 1000
60 1500
61 1500
62 1500
63 1000
64 1500
65 1500
66 1500
67 1500
68 2000
69 1000
70 2000
71 2000
72 1000
73 1000
74 1500
75 1500
76 1500
77 1500
78 1500
79 1500
80 2000
81 2000
82 1500
83 1000
84 2000
85 2000
86 2000
87 1500
88 2000
89 2000
90 1500
91 1000
92 2000
93 1000
94 2000
95 1000
96 2000
97 2000
98 1500
99 2000
100 1500
101 1500
102 1500
103 1500
104 1500
105 1500
106 1500
107 1500
108 1500
109 2000
110 1000
111 1500
112 2000
113 1000
114 2000
115 1000
116 1500
117 2000
118 2000
119 1000
120 2000
121 2000
122 2000
123 2000
124 2000
125 2000
126 2000
127 2000
128 2000
129 1500
130 1000
131 1500
132 1000
133 1500
134 2000
135 1000
136 1000
137 2000
138 1000
139 1000
140 1500
141 2000
142 1000
143 2000
144 1000
145 1500
146 1500
147 1500
148 1500
149 2000
150 2000
151 1500
152 2000
153 1000
154 1500
155 2000
156 2000
157 1500
158 2000
159 1000

0 1 11 3
0 2 38 7
0 3 25 10
0 4 22 1
0 5 6 6
0 6 38 7
0 16 17 2
0 36 11 3
0 37 3 1
0 62 5 1
0 65 25 9
0 104 2 1
0 146 30 6
1 2 35 2
1 7 40 9
1 8 27 10
1 18 49 3
1 50 39 10
1 77 6 9
1 116 50 1
1 145 42 9
2 9 24 10
2 10 6 4
2 11 19 4
2 12 50 7
2 13 32 8
2 14 2 3
2 51 50 9
2 61 29 9
2 76 27 6
2 100 23 3
2 112 24 1
3 67 44 10
4 25 5 1
4 133 47 6
4 140 22 6
5 8 20 8
5 62 1 8
5 90 37 2
6 64 41 1
7 10 22 4
7 116 16 3
9 88 12 8
10 100 17 4
11 67 15 6
11 95 41 4
14 111 19 9
15 16 5 9
15 17 8 7
15 18 38 6
15 19 49 10
15 20 17 10
15 21 17 1
15 50 30 10
15 51 2 2
15 108 29 6
15 148 4 5
16 17 46 9
16 18 12 1
16 22 19 10
16 23 38 4
16 24 33 6
16 25 34 2
16 26 35 3
16 27 36 7
16 35 28 7
16 118 47 9
16 145 12 6
17 18 35 3
17 28 1 7
17 29 10 8
17 30 37 3
17 31 22 7
17 36 1 3
17 38 8 9
17 61 18 1
17 76 38 9
17 94 50 9
18 32 18 7
18 33 41 8
18 34 37 5
18 60 38 6
18 78 10 5
18 104 5 5
18 112 9 5
18 132 42 7
19 61 40 2
20 129 27 2
20 131 29 7
20 147 9 4
23 141 20 6
23 157 33 10
25 78 19 9
25 101 9 9
25 145 29 8
26 133 36 4
27 51 7 8
27 98 11 2
28 60 15 7
29 92 29 8
29 118 30 10
29 148 19 10
31 84 13 6
32 97 20 1
32 146 50 4
33 68 36 4
33 94 1 3
33 133 23 8
33 144 40 3
34 79 29 3
35 36 11 7
35 37 24 6
35 38 48 9
35 39 11 5
35 40 33 2
35 41 22 7
35 70 37 5
35 79 21 1
35 104 50 10
35 145 8 2
35 147 47 1
35 155 15 7
36 37 14 6
36 42 7 2
36 43 44 8
36 50 1 3
36 51 2 5
36 61 11 5
36 103 44 1
37 44 43 8
37 45 4 4
37 46 38 4
37 47 33 10
37 48 41 5
37 49 27 4
37 62 9 4
37 77 49 2
37 111 40 5
37 124 11 7
37 131 2 7
37 138 13 6
37 144 21 1
39 66 30 10
40 106 45 2
45 99 27 3
45 134 33 3
47 148 42 5
48 84 33 8
48 147 9 10
49 147 14 9
50 51 24 1
50 52 39 2
50 53 12 1
50 54 23 3
50 55 6 1
50 79 36 2
50 88 2 4
50 100 12 4
50 113 33 10
50 119 10 9
50 136 20 6
50 146 49 1
50 150 33 8
50 154 4 5
51 56 41 3
51 57 18 2
51 58 47 10
51 59 32 4
51 60 42 10
51 62 30 9
51 67 10 1
51 78 7 4
51 86 25 7
51 90 24 2
51 101 13 6
51 110 21 10
51 124 5 1
51 147 31 2
55 70 33 3
56 60 37 1
56 74 7 8
56 82 35 10
57 145 29 3
60 61 10 2
60 62 30 9
60 63 5 7
60 64 16 4
60 65 36 9
60 66 7 3
60 67 25 8
60 68 41 1
60 69 23 8
60 79 49 8
60 133 25 9
61 62 7 2
61 66 23 6
61 70 11 3
61 101 11 10
61 117 41 3
61 122 20 2
61 145 27 7
62 71 17 1
62 72 37 8
62 73 21 5
62 74 3 10
62 77 20 2
62 104 10 1
62 126 25 2
62 145 33 8
63 79 9 8
64 114 18 3
65 86 23 4
65 94 17 1
66 125 30 7
67 155 43 1
68 75 18 7
69 72 4 8
69 146 5 8
70 133 3 10
71 102 49 5
71 112 40 10
73 131 14 5
73 154 22 9
74 127 39 3
74 130 39 2
75 76 22 6
75 77 34 1
75 78 47 5
75 79 49 2
75 80 35 4
75 81 39 10
75 82 25 7
75 83 5 5
75 84 13 2
75 102 40 7
75 106 12 9
75 138 9 9
76 77 13 1
76 78 20 5
76 79 3 7
76 85 50 1
76 86 48 7
76 87 10 3
76 142 11 9
76 145 33 3
77 78 35 8
77 79 29 6
77 88 24 3
77 89 47 5
77 90 48 10
77 91 18 9
77 92 30 2
77 93 7 5
77 94 19 7
77 122 8 3
78 79 15 10
78 95 7 5
78 96 40 8
78 97 27 1
78 98 13 10
78 146 22 4
79 99 27 4
79 134 4 4
80 84 47 5
80 85 43 6
83 132 30 9
85 146 40 10
87 152 50 5
87 156 25 4
88 111 39 2
89 145 13 4
90 117 45 7
93 110 44 3
94 116 1 4
94 145 11 10
94 151 20 6
99 134 28 10
99 148 24 3
100 101 12 7
100 102 46 4
100 103 37 4
100 104 34 8
100 105 16 9
100 106 45 3
100 107 26 6
100 108 27 4
100 109 2 6
100 110 4 5
100 111 14 9
100 112 13 9
101 102 21 8
101 103 36 10
101 104 25 4
101 105 22 5
101 106 1 3
101 107 39 7
101 108 28 6
101 113 12 1
101 114 15 5
101 121 32 5
102 103 48 3
102 104 9 7
102 105 43 9
102 106 14 6
102 107 49 9
102 108 45 7
102 115 2 6
102 116 26 5
102 117 20 10
102 118 13 10
102 119 30 6
102 120 17 10
102 121 1 10
102 122 29 3
103 60 4 3
103 87 8 1
103 104 19 6
103 105 50 4
103 106 50 4
103 107 40 3
103 108 3 9
103 123 28 2
103 146 3 3
104 105 23 8
104 106 26 6
104 107 19 1
104 108 37 10
104 124 12 5
104 125 49 4
105 106 32 4
105 107 27 8
105 108 32 10
105 126 44 2
105 145 25 3
106 107 36 1
106 108 39 6
106 127 14 3
106 128 25 8
106 129 37 3
106 130 23 2
106 131 43 1
107 108 13 6
107 132 23 10
107 133 2 3
107 134 23 3
107 135 44 7
107 136 46 8
107 137 7 5
107 138 36 5
107 139 37 2
107 140 40 10
108 141 35 10
108 142 21 9
108 143 48 2
108 144 6 10
111 120 22 9
122 66 18 1
122 141 28 7
130 157 39 6
142 147 13 5
143 154 19 9
145 146 30 2
145 147 46 7
145 148 5 2
145 149 28 5
145 156 8 10
146 147 22 4
146 150 5 4
146 151 23 1
146 152 36 1
146 153 3 2
146 154 35 6
146 155 30 7
146 156 39 10
147 157 3 3
147 158 25 3
147 159 28 4
148 155 36 5
151 155 33 4
156 158 30 9

0 152 19
1 94 83
2 7 41
3 97 10
4 20 52
5 134 45
6 52 25
7 8 28
8 158 28
9 92 20
10 23 23
11 109 2
12 56 60
13 70 51
14 96 24
15 81 23
16 128 12
17 112 40
18 118 29
19 137 5
20 84 70
21 43 29
22 155 107
23 68 39
24 86 34
25 53 6
26 80 50
27 44 23
28 117 41
29 4 31
30 88 52
31 141 46
32 143 47
33 29 29
34 124 7
35 49 22
36 99 41
37 27 20
38 89 36
39 114 8
40 85 50
41 48 50
42 9 16
43 22 13
44 58 24
45 3 17
46 120 21
47 24 9
48 121 8
49 125 32
50 71 66
51 28 6
52 34 39
53 123 15
54 26 30
55 126 44
56 41 15
57 149 18
58 127 20
59 6 35
60 156 33
61 150 26
62 122 72
63 10 29
