160 383 64

0 30 200
1 60 400
2 120 1000
3 180 1600
4 240 2400
5 300 3000

0 1500
1 1500
2 1500
3 1500
4 1500
5 1500
6 1500
7 1000
8 2000
9 1000
10 1000
11 2000
12 1000
13 2000
14 2000
15 1000
16 1500
17 2000
18 2000
19 2000
20 1000
21 1500
22 2000
23 1500
24 2000
25 1500
26 1500
27 1500
28 1500
29 2000
30 1000
31 1000
32 1000
33 2000
34 1000
35 2000
36 2000
37 2000
38 1000
39 1000
40 1500
41 1500
42 1000
43 2000
44 2000
45 1500
46 1500
47 1000
48 1000
49 1000
50 2000
51 2000
52 2000
53 1000
54 1000
55 1500
56 1500
57 1500
58 1500
59 1500
60 1500
61 1500
62 1500
63 1500
64 1500
65 2000
66 1000
67 1500
68 1000
69 2000
70 1000
71 2000
72 1500
73 2000
74 1000
75 2000
76 2000
77 1500
78 2000
79 2000
80 2000
81 1000
82 2000
83 2000
84 2000
85 1000
86 1500
87 2000
88 1000
89 2000
90 2000
91 2000
92 2000
93 1500
94 2000
95 2000
96 2000
97 2000
98 2000
99 1000
100 1500
101 2000
102 2000
103 1000
104 1000
105 1500
106 1500
107 1500
108 2000
109 2000
110 1500
111 1000
112 1000
113 1500
114 1000
115 1500
116 1500
117 2000
118 2000
119 1500
120 1000
121 2000
122 1500
123 1500
124 2000
125 1500
126 1500
127 1500
128 1500
129 1000
130 2000
131 2000
132 1000
133 2000
134 1500
135 2000
136 2000
137 1000
138 2000
139 1000
140 2000
141 1000
142 2000
143 1000
144 2000
145 1500
146 1500
147 1500
148 2000
149 2000
150 1500
151 2000
152 2000
153 1000
154 1500
155 1000
156 2000
157 2000
158 1000
159 1000

0 1 23 1
0 2 38 3
0 3 47 6
0 4 6 2
0 5 13 3
0 6 34 4
0 7 45 7
0 8 9 2
0 9 12 6
0 10 21 5
0 20 27 5
0 26 22 1
0 60 48 10
0 106 13 4
0 140 6 8
0 147 43 2
0 151 28 5
1 2 30 4
1 3 21 6
1 4 12 1
1 11 36 8
1 12 38 9
1 13 48 9
1 14 20 1
1 45 43 1
1 63 44 4
1 116 20 5
2 3 36 3
2 4 10 8
2 15 48 8
2 16 26 1
2 17 30 4
2 18 6 8
2 28 45 10
2 88 5 4
2 89 44 2
2 126 30 4
3 4 29 1
3 19 32 1
3 20 36 2
3 21 11 9
3 22 44 7
3 46 6 8
3 106 18 2
3 123 39 5
4 16 24 8
4 23 16 7
4 24 33 7
4 26 42 5
4 116 5 10
4 126 9 9
4 146 9 10
5 80 3 9
6 89 43 10
6 121 46 10
9 10 27 9
9 115 2 10
9 123 43 2
9 134 28 3
10 106 46 7
10 147 42 5
12 59 36 9
12 154 46 4
13 22 45 1
13 113 50 9
13 138 35 5
14 105 3 5
15 88 33 5
15 103 4 8
16 75 31 8
17 89 30 4
17 97 14 8
18 123 28 1
19 131 15 3
21 35 28 8
21 58 41 1
22 46 22 7
23 84 5 7
23 110 32 4
23 145 3 3
25 26 31 5
25 27 9 8
25 28 11 8
25 29 21 9
25 30 14 4
25 31 8 10
25 32 17 7
25 33 36 6
25 34 47 3
25 103 29 2
25 106 44 7
25 142 9 6
25 145 10 7
26 27 7 1
26 28 7 6
26 30 35 8
26 35 11 2
26 36 35 6
26 62 3 10
26 64 20 5
26 97 31 3
26 102 6 7
26 105 4 7
26 115 42 5
26 125 13 3
26 126 32 2
27 28 12 5
27 37 42 2
27 38 40 1
27 45 3 10
27 93 3 7
27 101 10 3
28 39 11 4
28 40 42 4
28 41 40 5
28 42 20 8
28 43 34 3
28 44 36 6
28 45 35 6
28 145 39 5
29 136 48 2
30 106 3 10
34 45 31 5
35 51 48 10
35 90 33 9
36 145 3 8
37 45 48 3
40 91 30 1
40 103 9 5
40 115 17 7
40 146 40 4
41 104 42 10
41 113 42 7
41 138 36 4
42 48 8 8
43 86 19 8
44 76 31 4
45 46 35 9
45 47 30 6
45 48 23 6
45 49 8 7
45 50 5 3
45 51 5 9
45 60 24 8
45 75 34 8
45 92 10 3
45 116 13 8
45 128 9 8
45 130 31 2
45 147 30 5
46 52 16 9
46 53 4 9
46 54 30 3
46 63 36 4
46 68 30 9
46 105 38 2
46 106 6 4
46 116 31 2
46 127 4 7
46 138 5 2
46 147 13 5
49 110 20 6
49 115 12 2
49 146 38 2
50 69 3 6
50 82 39 7
50 107 47 3
54 105 36 8
55 56 33 5
55 57 36 10
55 58 42 5
55 59 25 4
55 60 39 3
55 61 35 9
55 62 42 3
55 63 9 9
55 64 12 9
55 65 11 4
55 66 34 6
55 67 4 6
55 68 44 1
55 116 44 10
56 57 17 7
56 58 14 4
56 59 19 8
56 60 8 7
56 61 18 4
56 62 19 7
56 63 42 8
56 64 21 3
56 69 11 2
56 70 35 9
56 71 13 9
56 72 17 10
56 73 14 8
56 126 5 4
56 146 36 9
57 58 9 8
57 59 9 10
57 60 21 4
57 61 21 7
57 62 35 10
57 63 33 2
57 64 29 6
57 74 20 4
57 75 25 2
58 59 25 5
58 60 41 9
58 61 39 8
58 62 13 2
58 63 30 3
58 64 34 2
58 76 32 8
58 77 39 6
58 78 9 6
58 79 47 3
58 115 44 6
59 60 22 1
59 61 40 4
59 62 5 4
59 63 46 6
59 64 1 7
59 80 20 3
59 81 42 5
59 82 34 8
59 83 48 8
59 106 39 5
60 61 36 2
60 62 42 5
60 63 17 1
60 64 26 9
60 84 48 3
60 85 28 9
60 86 3 8
60 87 5 5
61 62 19 8
61 63 16 2
61 64 27 1
61 88 15 4
61 89 36 4
61 90 12 3
61 91 15 9
61 105 37 3
61 147 17 7
62 63 2 3
62 64 13 5
62 66 8 7
62 92 42 7
62 93 43 5
62 94 14 3
62 95 11 7
62 128 39 1
63 64 27 10
63 96 5 6
63 97 9 3
63 138 37 3
64 97 44 6
64 98 45 5
64 99 45 2
64 100 11 2
64 101 34 4
64 102 7 4
64 103 32 6
64 104 46 7
64 122 4 2
64 158 11 4
65 71 3 4
67 97 17 3
68 139 33 3
68 146 24 3
69 148 49 4
72 104 33 9
73 100 18 6
76 119 37 8
76 131 45 4
77 78 39 7
77 84 47 5
77 155 1 9
79 146 20 9
80 125 5 3
80 149 35 2
81 146 4 6
82 115 33 5
86 113 6 3
86 141 24 6
87 95 16 6
88 147 12 8
89 150 15 8
91 116 1 4
91 149 22 3
91 150 28 5
93 95 35 9
93 141 35 7
97 106 49 4
97 125 16 1
101 106 37 1
105 106 4 3
105 107 33 9
105 108 12 9
105 109 6 9
105 110 33 6
105 111 19 6
105 115 10 10
105 121 2 1
105 125 23 2
105 145 31 6
106 112 23 6
106 113 6 1
106 114 32 7
106 115 6 5
106 120 36 7
106 139 2 10
106 147 31 4
107 126 34 6
110 140 46 8
111 115 10 2
112 113 24 3
114 126 13 3
115 116 48 2
115 117 22 10
115 126 7 6
116 118 4 1
116 119 21 4
116 120 7 4
116 121 49 9
116 122 40 2
116 123 32 9
116 124 34 3
116 125 48 5
116 141 30 7
116 145 43 9
116 158 9 6
118 72 39 6
118 122 41 8
119 129 38 1
121 128 18 3
125 126 25 2
125 127 41 8
125 128 48 10
125 129 21 4
125 130 47 3
125 131 12 7
125 132 30 6
125 133 10 3
125 134 22 9
125 135 29 3
125 145 40 9
126 127 27 1
126 128 12 3
126 136 17 4
126 137 2 1
126 138 21 7
126 145 5 1
127 128 38 1
127 139 23 3
127 140 3 9
127 141 16 9
127 149 10 3
128 142 28 4
128 143 34 3
128 144 13 4
134 152 33 10
138 149 40 10
138 154 30 4
143 158 6 8
145 146 45 2
145 147 7 2
145 148 15 8
145 151 33 1
145 154 31 10
146 147 29 5
146 149 39 9
146 150 15 10
146 151 21 7
146 155 50 4
147 152 37 9
147 153 41 7
147 154 14 4
147 155 3 1
147 156 42 5
147 157 20 9
147 158 21 9
147 159 7 6

0 80 32
1 96 3
2 109 3
3 138 123
4 156 16
5 148 35
6 29 31
7 50 59
8 18 20
9 19 25
10 152 49
11 73 17
12 102 7
13 118 22
14 79 22
15 101 30
16 33 14
17 108 4
18 97 113
19 76 90
20 51 11
21 130 33
22 89 114
23 52 4
24 87 10
25 92 27
26 136 38
27 117 12
28 43 19
29 121 68
30 157 14
31 142 18
32 131 39
33 35 76
34 14 11
35 13 78
36 82 28
37 149 67
38 22 71
39 71 9
40 91 44
41 78 26
42 36 16
43 44 35
44 94 6
45 124 10
46 133 4
47 17 52
48 8 6
49 69 33
50 75 31
51 84 48
52 151 34
53 37 28
54 90 29
55 135 7
56 95 13
57 24 22
58 11 14
59 83 31
60 65 10
61 140 20
62 98 18
63 144 5
