160 387 64

0 30 200
1 60 400
2 120 1000
3 180 1600
4 240 2400
5 300 3000

0 1500
1 1500
2 1500
3 2000
4 2000
5 2000
6 1000
7 1000
8 1000
9 2000
10 1500
11 1500
12 1500
13 2000
14 1000
15 1500
16 2000
17 2000
18 1500
19 2000
20 1500
21 2000
22 2000
23 1000
24 2000
25 1500
26 1500
27 1500
28 1500
29 1500
30 2000
31 1500
32 1000
33 2000
34 2000
35 1500
36 2000
37 2000
38 2000
39 1000
40 2000
41 2000
42 1500
43 1000
44 1500
45 1000
46 2000
47 2000
48 1000
49 2000
50 1500
51 1500
52 1000
53 1000
54 1500
55 2000
56 2000
57 2000
58 1500
59 1000
60 1500
61 1000
62 1500
63 1500
64 1500
65 1500
66 1500
67 1000
68 2000
69 2000
70 2000
71 2000
72 2000
73 1000
74 2000
75 2000
76 2000
77 1500
78 1500
79 2000
80 2000
81 1000
82 1500
83 1000
84 2000
85 1000
86 2000
87 1500
88 1000
89 2000
90 1000
91 1000
92 2000
93 1500
94 2000
95 1500
96 1500
97 1500
98 1000
99 1500
100 1500
101 2000
102 2000
103 2000
104 2000
105 1000
106 1000
107 2000
108 2000
109 1500
110 500
111 1500
112 1000
113 2000
114 2000
115 1000
116 2000
117 1500
118 2000
119 2000
120 1500
121 1500
122 1000
123 1500
124 1500
125 1500
126 2000
127 1500
128 1500
129 2000
130 2000
131 1500
132 2000
133 1000
134 1500
135 1500
136 1000
137 1500
138 2000
139 2000
140 1500
141 1500
142 1500
143 1500
144 1500
145 1000
146 1500
147 2000
148 2000
149 2000
150 1500
151 1500
152 1000
153 1000
154 2000
155 2000
156 1000
157 2000
158 1000
159 2000

0 1 1 7
0 2 45 5
0 3 9 1
0 4 10 1
0 11 48 4
0 15 16 5
0 17 17 6
0 28 29 7
0 29 8 6
0 51 38 2
0 61 19 9
0 62 20 7
0 73 7 10
0 96 38 1
0 98 20 6
0 122 21 6
0 142 33 9
0 155 8 8
1 5 25 3
1 6 1 7
1 7 8 1
1 8 21 2
1 9 24 1
1 10 22 6
1 45 6 7
1 123 18 9
1 136 39 2
1 140 35 1
2 46 26 5
2 121 38 2
3 60 25 4
3 79 4 5
4 78 15 8
4 99 18 4
5 41 43 8
5 93 3 6
6 50 22 7
7 15 13 6
7 60 20 6
7 122 33 8
7 152 45 1
8 31 38 8
8 88 31 7
9 51 29 9
9 146 9 4
10 11 5 4
10 12 40 8
10 13 15 1
10 14 1 4
10 15 17 5
10 16 47 2
10 29 44 3
10 63 48 9
10 64 32 3
10 68 3 4
10 69 43 9
10 70 10 9
10 72 22 9
10 121 11 7
10 143 35 9
11 12 34 4
11 17 49 7
11 18 22 3
11 19 34 8
11 132 13 6
12 20 15 6
12 21 38 3
12 22 32 4
12 23 33 8
12 24 17 5
12 27 41 10
12 50 39 8
12 72 32 4
12 86 7 5
12 91 45 9
12 96 36 3
12 121 47 1
12 137 24 3
13 20 31 10
13 29 50 1
13 35 12 9
14 85 37 8
14 158 49 1
15 55 28 1
15 96 45 4
16 24 21 10
16 111 7 9
17 21 17 3
17 34 34 3
17 137 29 5
17 139 31 5
18 41 2 5
19 131 47 6
20 147 20 1
21 82 45 5
22 99 12 1
22 149 49 2
24 51 6 1
24 120 44 5
25 26 22 1
25 27 2 10
25 28 19 8
25 29 25 9
25 30 8 10
25 51 24 10
25 54 50 9
25 97 13 4
25 134 46 4
25 143 15 2
26 27 47 8
26 28 43 8
26 29 27 3
26 31 39 1
26 32 41 8
26 33 14 10
26 50 2 7
27 28 40 1
27 29 17 2
27 34 47 2
27 35 31 2
27 36 23 4
27 37 31 3
27 38 34 3
27 39 21 4
27 40 25 3
27 68 39 4
27 97 9 1
28 29 43 7
28 41 25 4
28 42 49 9
28 43 32 10
28 44 6 9
28 82 44 2
28 84 9 7
28 123 48 1
28 143 47 8
29 45 35 3
29 46 27 9
29 47 25 5
29 48 9 5
29 49 48 4
29 63 12 3
29 64 40 10
29 123 46 3
30 149 13 5
31 38 11 10
33 64 29 1
34 127 16 4
36 99 24 6
37 69 45 9
38 56 20 1
38 148 30 7
39 106 1 1
40 120 42 3
41 121 27 9
42 129 44 8
44 47 18 8
44 119 10 6
46 102 30 2
46 141 20 4
48 143 18 10
49 129 1 10
50 51 9 7
50 52 33 7
50 53 9 5
50 54 29 1
50 55 35 8
50 56 45 4
50 57 26 10
50 64 10 6
50 83 5 7
50 97 15 10
50 122 46 7
50 142 5 8
50 143 40 6
51 58 43 3
51 59 23 6
51 64 48 6
51 85 46 4
51 99 3 8
51 101 44 2
51 102 44 8
51 116 33 4
51 137 34 4
51 148 2 7
51 150 37 1
51 154 39 2
51 157 45 3
51 158 47 6
52 78 23 6
53 156 7 2
54 87 27 10
54 103 20 9
54 107 23 5
54 116 12 8
55 57 37 7
55 149 26 5
56 144 23 7
57 103 19 1
57 107 32 2
57 119 48 4
58 69 39 2
59 63 40 8
60 61 24 3
60 62 12 4
60 63 18 2
60 64 32 6
60 65 16 2
60 66 17 9
60 67 7 9
60 68 3 10
60 69 15 1
60 70 7 5
60 71 27 1
60 72 13 4
60 135 24 7
60 143 14 7
60 154 13 7
61 62 19 5
61 63 34 2
61 64 5 7
61 65 40 4
61 66 32 6
61 73 43 10
62 63 18 3
62 64 18 5
62 65 16 6
62 66 41 8
62 74 12 5
62 75 36 8
62 76 14 7
62 77 47 2
62 78 7 10
62 79 49 4
62 80 17 1
62 81 17 4
62 82 36 10
62 83 37 6
62 84 41 9
62 88 19 8
63 64 15 8
63 65 38 10
63 66 18 1
63 85 35 5
63 86 13 6
63 87 8 3
63 88 34 1
63 89 40 1
64 65 4 5
64 66 24 3
64 90 14 2
64 91 17 7
64 120 43 5
64 141 24 5
65 66 50 7
65 86 49 7
65 92 4 10
65 99 44 3
65 120 25 3
66 93 13 3
66 94 21 6
66 95 45 10
66 112 12 6
68 109 37 1
72 79 2 2
74 154 1 6
76 77 11 2
76 78 37 8
76 87 19 2
77 113 20 5
77 135 33 1
79 123 33 4
79 135 25 4
82 156 8 2
83 105 1 4
83 121 15 8
83 122 17 6
84 125 39 2
84 128 42 10
85 98 13 6
87 108 38 1
87 111 10 8
87 131 33 9
88 128 22 2
89 132 36 1
89 146 19 8
89 154 12 3
91 93 43 2
94 101 9 9
94 154 44 10
95 96 21 1
95 97 24 2
95 98 42 1
95 99 10 3
95 100 46 5
95 101 43 1
95 142 34 2
95 143 46 5
96 97 39 4
96 98 11 4
96 99 49 6
96 101 41 4
96 102 2 2
96 103 46 2
96 104 40 2
96 105 9 7
96 106 36 1
96 107 23 10
96 121 39 5
96 132 47 9
97 98 23 5
97 99 5 9
97 108 24 7
97 109 31 4
97 121 44 6
98 99 4 1
98 110 33 8
98 111 43 10
99 60 1 6
99 86 25 4
99 112 20 9
99 113 21 6
99 114 36 4
99 115 45 6
99 116 29 10
99 117 46 6
99 118 1 4
99 119 1 1
100 113 7 10
100 124 12 1
105 140 28 3
107 150 1 5
113 151 31 2
117 70 18 9
119 128 6 1
120 121 2 9
120 122 19 9
120 123 3 2
120 124 41 9
120 125 9 7
120 126 40 10
120 143 50 10
121 122 42 10
121 123 8 8
121 127 3 2
121 128 35 4
121 129 9 3
121 130 22 4
121 131 7 8
121 132 35 10
121 133 11 7
121 142 44 1
122 123 2 4
122 134 46 8
122 135 25 10
122 136 15 9
122 137 15 4
123 138 10 4
123 139 3 3
123 158 19 10
124 149 41 2
126 155 10 10
131 153 48 7
134 139 3 8
140 141 14 4
140 142 40 3
140 143 27 10
140 144 21 9
140 145 22 2
140 146 18 3
140 147 1 2
141 142 15 4
141 143 13 5
141 148 34 4
141 149 18 6
142 143 47 1
142 150 14 2
142 151 25 8
142 152 37 2
142 153 10 8
142 154 7 1
143 155 20 2
143 156 9 9
143 157 6 6
143 158 40 3
143 159 45 4
154 155 48 3

0 86 22
1 72 37
2 75 13
3 37 33
4 132 42
5 56 39
6 55 67
7 126 21
8 57 81
9 40 44
10 113 18
11 148 17
12 71 17
13 41 54
14 30 10
15 139 11
16 116 28
17 147 11
18 21 66
19 138 6
20 80 12
21 16 28
22 9 20
23 5 39
24 92 3
25 104 28
26 103 44
27 130 9
28 70 24
29 101 82
30 17 66
31 159 22
32 157 29
33 3 12
34 33 29
35 114 23
36 102 20
37 19 22
38 24 48
39 76 18
40 68 19
41 74 8
42 4 30
43 47 12
44 84 92
45 34 32
46 36 26
47 69 37
48 118 1
49 129 33
50 119 41
51 155 26
52 154 77
53 107 29
54 22 34
55 94 50
56 79 67
57 108 31
58 149 73
59 38 62
60 49 33
61 13 49
62 89 46
63 46 24
