160 371 64

0 30 200
1 60 400
2 120 1000
3 180 1600
4 240 2400
5 300 3000

0 1500
1 1500
2 1500
3 1000
4 1000
5 1000
6 2000
7 1500
8 1000
9 2000
10 1500
11 2000
12 2000
13 1500
14 2000
15 1500
16 1500
17 1500
18 1500
19 1500
20 1000
21 2000
22 2000
23 2000
24 1000
25 2000
26 2000
27 2000
28 1500
29 1000
30 1000
31 2000
32 2000
33 1000
34 1500
35 1500
36 1500
37 1500
38 1500
39 1500
40 2000
41 2000
42 1000
43 2000
44 2000
45 1500
46 1000
47 2000
48 1500
49 2000
50 2000
51 2000
52 1000
53 2000
54 2000
55 2000
56 1500
57 1500
58 1000
59 2000
60 1500
61 1500
62 1500
63 1500
64 1500
65 1500
66 2000
67 1500
68 1000
69 2000
70 2000
71 2000
72 2000
73 1500
74 2000
75 1500
76 2000
77 1000
78 1000
79 1000
80 2000
81 1000
82 1500
83 2000
84 1000
85 2000
86 2000
87 1500
88 2000
89 2000
90 1500
91 1500
92 1500
93 1500
94 2000
95 1000
96 1000
97 2000
98 1500
99 1000
100 1500
101 2000
102 2000
103 1000
104 1000
105 1500
106 2000
107 2000
108 1000
109 2000
110 1500
111 1500
112 1500
113 1500
114 1000
115 2000
116 2000
117 1000
118 1500
119 2000
120 2000
121 2000
122 2000
123 1500
124 2000
125 1000
126 1500
127 1000
128 1000
129 1500
130 1500
131 1500
132 1500
133 1500
134 1500
135 2000
136 1000
137 1000
138 2000
139 1500
140 1000
141 2000
142 1000
143 2000
144 2000
145 2000
146 1000
147 2000
148 2000
149 1500
150 1500
151 1500
152 1500
153 2000
154 2000
155 1500
156 1000
157 2000
158 2000
159 1500

0 1 28 10
0 2 37 8
0 3 22 6
0 4 35 5
0 5 33 5
0 6 15 4
0 7 47 6
0 8 48 10
0 15 6 2
0 17 3 1
0 39 15 8
0 63 9 6
0 65 6 6
0 85 5 6
0 91 27 2
0 112 22 10
0 113 37 4
0 135 40 2
0 155 7 4
1 2 35 1
1 9 14 1
1 10 35 5
1 145 11 9
1 152 18 7
2 6 21 1
2 10 39 8
2 11 20 8
2 12 9 4
2 13 27 5
2 14 31 6
2 36 31 4
2 91 9 4
2 127 4 7
2 132 46 1
2 133 3 9
2 139 20 2
2 141 13 9
2 155 34 7
3 96 22 4
4 103 8 6
4 151 10 3
5 65 28 7
6 34 22 5
6 73 30 8
6 98 43 5
7 106 35 6
7 141 18 7
8 100 29 1
10 59 35 3
11 91 34 4
11 122 40 8
12 48 18 8
12 74 16 10
13 63 1 3
13 84 21 10
13 148 10 3
14 75 47 5
14 106 22 10
15 16 49 6
15 17 15 7
15 18 19 3
15 19 42 1
15 20 21 6
15 21 49 2
15 22 15 2
15 23 15 6
15 24 49 5
15 55 46 8
15 155 24 8
16 17 29 1
16 18 15 10
16 25 41 9
16 26 42 4
16 27 34 1
16 28 12 9
16 36 23 1
16 61 33 7
16 63 26 7
16 112 41 3
16 155 36 1
17 18 17 8
17 29 10 7
17 30 27 8
17 31 20 1
17 39 21 9
17 93 32 4
17 97 17 2
17 134 34 4
18 27 6 6
18 32 13 5
18 33 13 3
18 34 18 3
18 47 5 9
18 113 10 7
18 131 29 7
19 48 49 8
19 50 21 8
20 37 42 7
21 37 14 1
21 123 18 7
21 126 47 3
21 154 32 7
22 159 41 4
23 76 42 8
25 118 14 1
26 37 4 10
26 82 47 5
26 130 40 4
28 135 10 5
29 98 10 2
29 155 43 3
30 149 36 8
31 51 37 8
31 91 43 4
32 87 31 9
33 129 21 2
35 36 37 10
35 37 1 4
35 38 25 4
35 39 37 8
35 40 6 2
35 41 5 1
35 42 37 3
35 43 9 4
35 44 1 8
35 45 3 1
35 49 3 1
35 150 7 5
36 17 24 8
36 37 8 7
36 38 18 1
36 39 19 1
36 46 34 1
36 47 7 8
36 48 42 6
36 60 23 9
36 85 7 2
36 91 21 2
36 92 39 4
36 110 14 7
37 38 32 4
37 39 50 3
37 40 49 6
37 49 18 3
37 50 19 10
37 51 12 5
37 52 29 7
37 53 11 2
37 54 6 9
37 55 34 9
37 56 18 6
37 131 13 2
37 155 29 7
38 39 41 5
38 57 38 9
38 58 2 4
38 102 42 7
38 112 28 9
38 119 50 9
39 59 49 4
39 63 1 4
39 131 27 2
39 155 25 1
40 90 12 1
40 111 2 6
40 120 12 1
41 44 30 3
41 45 46 2
41 56 1 6
41 60 21 8
41 65 20 3
41 150 27 3
42 90 28 6
44 155 34 6
46 61 38 10
46 81 19 9
47 105 24 10
47 110 47 2
48 120 39 3
50 110 40 1
52 156 27 4
53 141 36 9
56 110 27 2
56 115 30 2
57 80 45 4
57 85 1 2
57 97 18 1
59 61 43 3
60 61 24 8
60 62 16 4
60 63 11 7
60 64 28 3
60 65 30 1
60 66 21 1
60 67 29 2
60 68 39 2
60 155 8 6
61 62 45 6
61 63 14 1
61 64 11 7
61 65 48 2
61 68 7 3
61 69 16 5
61 70 29 2
61 71 30 3
61 75 2 4
61 79 24 2
61 96 14 10
61 112 26 1
62 63 15 2
62 64 3 9
62 65 49 8
62 72 7 6
62 91 13 6
62 128 50 4
62 131 38 2
63 64 24 6
63 65 8 6
63 73 11 6
63 74 42 8
63 106 8 4
63 112 29 6
64 65 46 1
64 75 42 3
64 76 23 1
64 77 44 10
64 78 41 6
64 79 18 8
64 90 37 3
64 134 7 3
65 80 13 3
65 81 40 6
65 82 46 8
65 83 30 10
65 84 6 2
65 85 9 5
65 86 2 7
65 87 25 7
65 88 38 10
65 89 15 3
65 154 27 7
65 155 46 7
67 88 29 7
69 153 48 10
70 91 49 9
72 92 34 6
72 112 44 2
74 76 33 2
75 87 23 10
79 110 31 5
83 89 31 7
83 153 31 3
84 108 35 10
90 91 9 10
90 92 20 3
90 93 16 8
90 94 48 8
90 95 3 2
90 108 23 9
90 111 26 7
90 153 27 7
91 92 13 4
91 93 39 5
91 96 37 8
91 97 1 3
91 98 1 8
91 113 27 4
91 155 20 4
92 93 5 4
92 99 32 6
92 100 49 7
92 101 19 2
92 102 23 5
92 103 14 6
92 104 3 7
92 134 21 6
93 105 23 2
93 106 6 3
93 107 11 9
93 108 22 4
93 109 26 4
93 133 26 8
93 155 48 10
94 100 13 6
97 139 9 10
102 111 10 8
102 141 19 6
105 132 29 4
106 107 20 6
110 111 43 1
110 112 31 2
110 113 36 2
110 114 17 10
110 155 9 6
111 112 20 4
111 113 34 8
111 115 19 10
111 116 3 7
111 117 3 5
111 131 3 8
111 140 35 1
112 113 38 7
112 118 47 6
112 119 3 1
112 120 44 8
112 132 42 7
113 121 16 5
113 122 14 6
113 123 28 8
113 124 41 4
113 125 33 6
113 126 38 4
113 127 35 10
113 128 21 8
113 129 38 5
113 137 13 1
115 132 42 10
115 133 14 8
115 145 7 4
116 129 14 9
116 151 11 6
118 139 19 9
119 69 17 9
119 132 18 6
119 149 14 7
121 150 17 8
127 155 32 2
130 131 45 5
130 132 24 10
130 133 21 10
130 134 41 3
130 135 2 6
130 136 11 3
130 137 34 8
130 138 41 4
131 132 1 8
131 133 15 10
131 134 46 8
131 139 27 1
131 140 36 8
131 141 38 2
131 142 50 8
132 133 48 9
132 134 12 10
132 143 44 4
132 144 49 1
132 145 2 5
132 146 1 1
133 134 43 4
133 147 49 9
133 148 7 6
133 149 50 7
133 150 27 3
133 151 29 4
133 155 11 1
134 137 26 3
134 152 6 5
134 153 35 4
134 154 13 10
138 150 21 3
140 155 38 3
142 155 16 8
144 155 11 2
145 152 10 8
145 159 12 6
147 155 4 7
152 157 49 7
155 156 19 8
155 157 5 1
155 158 19 10
155 159 4 3

0 51 11
1 115 33
2 107 17
3 120 51
4 83 44
5 55 32
6 21 49
7 72 42
8 85 9
9 22 24
10 43 5
11 154 24
12 76 38
13 23 13
14 41 43
15 47 42
16 158 10
17 80 25
18 69 26
19 153 38
20 59 67
21 102 56
22 27 23
23 66 6
24 53 31
25 109 18
26 40 50
27 26 39
28 49 8
29 54 5
30 70 52
31 97 27
32 143 31
33 88 40
34 135 33
35 14 26
36 157 34
37 119 66
38 32 15
39 116 12
40 101 11
41 121 19
42 145 17
43 11 47
44 148 11
45 25 16
46 71 12
47 106 32
48 44 14
49 144 24
50 147 32
51 86 2
52 122 22
53 9 8
54 124 11
55 74 43
56 50 30
57 94 38
58 141 62
59 6 55
60 31 61
61 89 20
62 138 43
63 12 21
