160 370 64

0 30 200
1 60 400
2 120 1000
3 180 1600
4 240 2400
5 300 3000

0 1500
1 1500
2 1500
3 1500
4 1000
5 2000
6 2000
7 2000
8 1000
9 2000
10 1000
11 2000
12 2000
13 1500
14 2000
15 2000
16 1500
17 1500
18 2000
19 1000
20 1500
21 1500
22 1500
23 1500
24 1500
25 1500
26 1000
27 2000
28 1500
29 2000
30 2000
31 1000
32 2000
33 1000
34 2000
35 1000
36 2000
37 1000
38 1000
39 2000
40 2000
41 2000
42 2000
43 2000
44 1500
45 1000
46 1000
47 2000
48 2000
49 1000
50 2000
51 1000
52 2000
53 1000
54 1500
55 1000
56 1500
57 1500
58 1500
59 1000
60 1500
61 500
62 1500
63 2000
64 2000
65 1000
66 2000
67 1000
68 2000
69 2000
70 2000
71 2000
72 2000
73 2000
74 1500
75 1500
76 1500
77 1000
78 1000
79 1500
80 2000
81 2000
82 2000
83 2000
84 2000
85 1500
86 1500
87 1500
88 1500
89 1000
90 2000
91 2000
92 2000
93 2000
94 1000
95 1000
96 2000
97 1000
98 1500
99 1000
100 2000
101 1000
102 2000
103 2000
104 1000
105 1500
106 1500
107 1500
108 2000
109 1000
110 2000
111 2000
112 2000
113 1000
114 1000
115 1500
116 1000
117 2000
118 2000
119 1000
120 1500
121 1500
122 1500
123 1500
124 1000
125 2000
126 1000
127 1000
128 1000
129 2000
130 1000
131 2000
132 1500
133 2000
134 2000
135 2000
136 1000
137 2000
138 1500
139 1000
140 1500
141 1500
142 2000
143 1500
144 1000
145 1500
146 1000
147 2000
148 2000
149 1500
150 1500
151 1500
152 1000
153 2000
154 1500
155 2000
156 1500
157 1500
158 1000
159 1000

0 1 18 6
0 2 4 2
0 3 18 7
0 4 44 10
0 5 17 5
0 6 42 4
0 7 24 4
0 8 5 10
0 34 50 10
0 77 39 6
0 87 21 2
0 141 46 9
0 143 2 3
1 2 19 2
1 3 46 1
1 9 33 8
1 25 17 10
1 59 39 3
1 88 19 3
1 93 22 9
1 122 35 10
1 137 8 8
1 140 7 5
2 3 12 9
2 10 20 2
2 11 45 8
2 12 44 5
2 13 26 7
2 14 23 3
2 77 34 3
2 107 17 4
2 150 37 9
3 15 47 5
3 16 38 3
3 17 37 7
3 18 36 4
3 19 44 5
3 26 39 6
3 60 48 3
3 106 12 7
3 123 34 8
3 135 30 6
3 150 47 2
5 90 45 9
5 107 39 8
5 140 3 8
6 24 33 1
6 105 15 3
7 110 50 8
8 115 3 7
9 123 16 3
9 141 29 1
9 154 38 5
10 26 32 8
11 20 6 7
12 106 47 10
13 117 21 7
14 18 22 1
14 110 33 6
15 74 12 9
15 84 4 8
15 98 39 1
16 129 30 10
17 26 12 8
17 60 44 1
17 64 7 4
17 124 50 9
18 84 31 5
19 76 43 6
19 145 24 3
20 21 6 3
20 22 22 8
20 23 50 9
20 24 16 5
20 25 49 10
20 26 21 2
20 27 12 1
20 28 10 3
20 29 14 6
20 30 6 2
20 31 20 1
20 32 8 10
20 76 17 8
20 91 48 8
20 107 6 2
21 22 27 3
21 23 22 6
21 24 23 4
21 25 25 6
21 26 45 9
21 33 17 3
21 34 32 4
21 35 46 8
21 49 42 4
21 55 36 9
21 65 33 6
21 79 3 6
21 85 44 9
21 150 21 1
22 23 20 5
22 24 26 7
22 25 1 9
22 26 23 6
22 36 12 5
22 37 13 5
22 38 2 3
22 39 9 3
22 40 17 9
22 41 38 10
22 85 5 3
22 120 37 3
23 24 44 1
23 25 44 2
23 26 48 7
23 42 27 6
23 43 12 1
23 44 4 3
23 115 38 6
24 25 17 10
24 26 15 3
24 45 8 10
24 46 43 6
24 140 25 5
24 141 39 6
25 26 12 9
25 47 22 7
25 48 50 9
25 49 10 10
25 50 42 10
25 51 24 3
25 52 18 7
25 53 8 1
25 55 29 9
25 150 27 5
26 54 12 1
26 105 5 8
27 43 14 8
28 110 8 3
30 57 48 1
30 85 7 5
30 87 31 7
31 105 18 3
32 85 42 3
32 107 30 5
34 72 8 2
34 138 22 3
35 75 41 2
35 128 19 6
39 145 20 7
41 96 45 10
41 141 19 8
41 151 28 9
42 118 45 4
42 129 20 3
42 149 7 3
43 102 3 6
44 108 19 6
44 136 30 9
45 46 6 4
46 74 25 10
46 140 44 10
48 93 42 2
48 106 47 6
48 150 30 9
50 68 41 1
51 76 36 6
51 157 36 4
54 80 26 6
54 95 32 4
55 56 14 2
55 57 27 5
55 58 14 10
55 59 47 10
55 60 47 10
55 61 32 1
55 86 45 9
55 140 27 5
55 151 26 6
56 57 22 9
56 58 26 10
56 59 35 1
56 60 15 6
56 62 23 10
56 63 49 6
56 64 49 6
56 65 16 4
56 66 11 10
56 67 19 5
56 68 43 2
56 106 19 1
56 150 15 1
57 58 22 5
57 59 45 5
57 60 17 1
57 69 21 8
57 70 2 7
57 71 14 7
57 72 28 6
57 73 25 1
57 74 41 4
58 59 39 3
58 60 29 10
58 75 6 3
58 76 14 3
58 77 23 1
58 78 46 10
58 106 48 1
58 129 1 1
58 147 46 3
59 60 43 2
59 79 36 4
59 87 22 6
59 122 49 1
59 140 45 4
60 62 33 5
60 80 7 8
60 81 5 6
60 82 6 7
60 83 22 6
60 84 5 10
60 122 2 6
62 102 49 9
63 129 6 6
65 144 40 1
66 141 27 1
67 143 7 9
68 88 19 1
68 121 30 6
68 132 21 4
68 150 3 8
74 84 28 3
75 90 39 3
76 79 37 10
76 100 34 7
76 130 24 5
77 87 23 5
79 91 2 9
85 86 2 8
85 87 10 3
85 88 40 1
85 89 46 8
85 90 34 4
85 91 30 8
85 92 10 3
85 93 41 9
85 94 15 7
85 118 26 4
85 150 44 3
86 87 35 2
86 88 25 6
86 95 16 9
86 96 23 4
86 97 2 5
86 120 39 6
86 122 14 10
86 140 35 10
87 88 49 5
87 98 13 3
87 99 14 9
87 100 35 3
87 107 8 6
87 133 23 7
87 150 46 6
88 101 27 3
88 102 10 5
88 103 15 5
88 104 1 4
88 140 38 10
89 120 45 3
89 151 14 5
90 106 31 5
92 105 26 5
92 141 50 2
94 140 17 8
94 145 6 4
94 157 5 1
95 105 3 7
95 150 21 10
98 115 17 4
99 105 21 4
104 158 38 1
105 106 15 8
105 107 42 7
105 108 28 10
105 109 28 7
105 110 31 6
105 111 47 4
105 112 32 9
105 113 29 2
105 151 17 4
106 107 23 3
106 114 37 6
106 115 45 3
106 116 50 1
106 117 21 6
106 118 9 6
106 121 47 5
106 140 35 4
107 56 13 4
107 84 49 4
107 119 34 3
107 122 9 8
107 126 27 7
107 137 29 4
107 141 26 6
107 150 49 6
110 151 3 4
111 145 38 2
112 141 45 3
113 122 8 8
115 117 27 2
117 68 3 10
119 124 36 5
120 121 6 8
120 122 4 4
120 123 35 9
120 124 13 4
120 125 23 4
121 122 8 5
121 123 47 7
121 126 36 7
121 127 1 2
121 128 12 3
121 129 35 4
121 150 31 2
122 123 25 8
122 130 30 5
122 131 15 7
122 132 44 10
122 133 16 6
122 140 12 2
122 148 39 6
123 134 42 1
123 135 2 5
123 136 32 8
123 137 46 5
123 138 49 4
123 139 15 7
123 141 20 1
123 150 45 8
127 146 48 7
127 151 5 7
129 143 15 7
130 151 31 3
132 136 40 6
134 140 16 4
137 157 46 10
138 151 33 6
139 157 33 3
140 141 3 7
140 142 10 2
140 143 22 3
140 150 35 4
141 144 21 6
141 145 19 1
141 146 41 4
141 147 8 2
141 148 45 6
141 149 40 2
141 150 16 10
142 156 48 9
150 151 10 9
150 152 4 6
150 153 18 2
151 154 4 3
151 155 14 3
151 156 12 6
151 157 12 2
151 158 47 6
151 159 29 9

0 6 26
1 42 23
2 14 34
3 12 34
4 148 28
5 110 81
6 39 8
7 135 11
8 7 20
9 125 12
10 70 1
11 137 40
12 129 39
13 93 58
14 48 37
15 64 33
16 50 51
17 83 8
18 47 9
19 84 57
20 66 23
21 30 26
22 71 6
23 96 45
24 90 33
25 27 18
26 131 7
27 72 25
28 52 7
29 147 15
30 102 29
31 117 44
32 68 61
33 134 27
34 41 76
35 118 19
36 15 43
37 73 10
38 36 4
39 43 8
40 18 33
41 81 3
42 5 39
43 153 11
44 80 17
45 91 44
46 112 45
47 100 39
48 69 10
49 133 18
50 92 54
51 40 10
52 11 23
53 155 8
54 32 18
55 103 7
56 142 31
57 34 69
58 29 8
59 9 38
60 111 29
61 82 3
62 63 22
63 108 29
