160 368 64

0 30 200
1 60 400
2 120 1000
3 180 1600
4 240 2400
5 300 3000

0 1500
1 1500
2 1500
3 1000
4 2000
5 2000
6 1500
7 1000
8 2000
9 2000
10 1000
11 2000
12 2000
13 1000
14 2000
15 1500
16 2000
17 1000
18 2000
19 2000
20 1500
21 1500
22 1000
23 2000
24 1000
25 1000
26 1000
27 1500
28 1000
29 2000
30 1000
31 1000
32 1500
33 1500
34 1500
35 1500
36 1500
37 1000
38 1000
39 2000
40 1500
41 2000
42 1500
43 1000
44 2000
45 2000
46 1000
47 1500
48 1500
49 1500
50 1000
51 2000
52 2000
53 2000
54 1000
55 1500
56 1500
57 1500
58 1000
59 1500
60 1000
61 2000
62 2000
63 2000
64 1000
65 1000
66 1000
67 2000
68 2000
69 2000
70 1500
71 1500
72 1500
73 1500
74 1500
75 1500
76 1000
77 1000
78 1000
79 1500
80 2000
81 2000
82 2000
83 2000
84 2000
85 2000
86 1000
87 1500
88 2000
89 2000
90 2000
91 2000
92 2000
93 2000
94 2000
95 1000
96 1500
97 1000
98 2000
99 1000
100 2000
101 500
102 500
103 1500
104 1000
105 1500
106 1500
107 1500
108 1500
109 1500
110 2000
111 1000
112 2000
113 1500
114 2000
115 2000
116 2000
117 1500
118 1000
119 1000
120 2000
121 2000
122 2000
123 1500
124 2000
125 1000
126 1000
127 2000
128 2000
129 2000
130 1500
131 1500
132 1500
133 1500
134 1500
135 1500
136 2000
137 2000
138 2000
139 1000
140 1000
141 2000
142 2000
143 1500
144 1000
145 1000
146 1000
147 1500
148 2000
149 1000
150 2000
151 1500
152 2000
153 2000
154 1000
155 2000
156 2000
157 1000
158 1500
159 2000

0 1 23 10
0 2 38 1
0 3 13 4
0 4 17 2
0 5 49 8
0 6 36 3
0 7 7 8
0 8 42 4
0 11 41 9
0 15 20 4
0 20 48 8
0 64 37 3
0 74 43 2
0 105 47 3
0 135 26 3
0 136 3 4
1 2 4 4
1 9 9 7
1 10 39 9
1 11 16 6
1 12 36 9
1 13 41 3
1 34 11 8
1 55 37 5
1 60 20 6
1 107 26 6
1 130 12 7
2 14 5 2
2 33 20 7
2 38 41 10
2 55 50 8
2 75 13 5
2 88 26 2
2 104 24 3
2 121 12 1
2 127 31 7
6 83 29 4
6 151 21 4
6 155 24 1
7 54 3 2
7 57 20 10
7 64 48 3
11 147 22 7
14 158 38 1
15 16 39 6
15 17 18 7
15 18 34 9
15 19 46 9
15 20 37 5
15 30 34 7
15 34 4 4
15 43 49 2
15 55 33 8
15 58 2 5
15 60 31 2
15 64 5 2
15 74 7 8
15 75 22 8
15 78 45 5
15 87 20 10
15 105 10 1
15 106 24 1
15 124 26 7
15 131 47 10
15 135 26 6
16 55 41 2
18 56 24 9
20 21 43 10
20 22 10 3
20 30 26 7
20 56 26 3
20 58 36 8
20 60 11 10
20 75 3 9
20 87 13 10
20 109 42 4
20 112 20 8
20 131 47 10
20 134 46 7
21 23 33 7
21 24 36 4
21 25 7 7
21 26 37 1
21 27 18 6
21 28 13 9
21 29 14 3
21 30 26 3
21 44 3 7
21 55 4 6
21 71 36 1
21 81 29 5
21 83 28 2
21 116 28 10
21 119 28 2
21 138 21 5
22 109 28 10
24 42 22 4
24 133 47 8
27 118 3 9
27 156 15 2
29 100 24 3
29 132 41 2
29 134 40 9
30 31 49 7
30 32 18 10
30 33 26 5
30 34 23 4
30 35 12 5
31 32 41 4
31 33 15 1
31 34 11 10
31 36 16 5
31 37 35 8
31 38 30 10
31 105 25 7
31 119 21 8
32 33 41 10
32 34 19 8
32 39 33 7
32 40 36 4
32 41 13 7
32 42 20 9
32 43 22 6
32 76 15 5
33 34 44 3
33 44 32 6
33 45 24 9
33 46 17 2
33 47 1 3
33 48 3 3
33 105 46 7
34 49 42 8
34 50 49 8
34 51 13 8
34 52 6 7
34 53 47 1
34 54 37 10
34 55 41 2
34 57 7 8
34 74 46 3
34 98 27 8
34 130 3 6
34 135 35 7
35 141 24 4
35 142 31 4
36 98 4 10
37 96 19 9
37 139 10 2
39 69 6 8
39 103 30 7
39 127 41 8
40 124 8 7
40 152 9 4
41 128 44 5
42 142 46 2
42 154 15 4
45 87 15 3
45 92 39 5
47 49 32 10
47 85 24 1
48 54 46 2
48 127 15 8
49 52 39 1
49 107 16 3
50 133 10 9
50 134 7 2
51 80 4 10
51 132 43 7
52 62 47 1
52 141 50 3
53 74 25 2
54 56 10 2
54 123 25 3
55 56 5 6
55 57 20 3
55 58 9 5
55 59 14 2
55 60 46 10
55 61 3 4
55 67 4 8
55 107 4 1
55 109 2 10
55 148 49 1
56 57 4 8
56 62 25 2
56 63 16 2
56 66 2 7
56 74 41 5
56 103 44 1
57 64 16 2
57 65 7 2
57 66 42 4
57 67 36 5
57 68 9 7
57 69 26 1
57 71 45 7
57 119 4 4
57 133 16 2
59 92 4 7
59 105 13 6
59 122 22 2
64 130 5 8
66 106 12 8
66 139 35 5
67 116 4 8
67 120 26 7
68 75 29 3
68 107 46 8
69 159 8 1
70 71 4 4
70 72 13 8
70 73 9 7
70 74 45 8
70 75 19 9
70 76 24 6
70 77 42 4
70 78 14 7
70 79 46 3
70 80 18 2
70 81 34 1
70 135 9 7
71 72 47 9
71 73 33 4
71 74 48 7
71 75 12 5
71 76 28 7
71 82 31 5
71 83 13 7
71 84 14 4
71 85 35 3
71 86 20 3
72 73 40 10
72 74 6 4
72 75 29 2
72 76 10 5
72 87 46 6
72 88 8 8
72 89 34 6
72 90 45 7
73 74 1 10
73 75 9 2
73 76 43 5
73 91 27 2
73 92 17 8
73 93 35 8
73 94 9 10
73 95 1 4
74 75 28 5
74 76 9 2
74 96 13 1
74 97 19 7
74 98 29 3
74 143 10 3
75 76 8 5
75 84 15 8
75 86 9 1
75 99 34 1
75 100 7 1
75 105 7 9
75 107 42 2
75 134 24 7
76 101 24 7
76 102 47 5
76 103 17 5
76 104 3 2
77 145 42 7
79 93 25 1
80 107 35 7
81 123 40 10
82 90 24 5
82 132 3 5
82 134 27 4
85 91 14 1
85 110 13 3
86 151 7 10
88 106 20 2
89 143 39 3
91 127 28 1
92 153 30 1
93 137 27 4
94 123 4 5
96 111 40 8
96 153 19 4
99 140 19 9
105 106 41 4
105 107 34 1
105 108 43 9
105 109 1 9
105 110 37 1
105 111 2 2
105 112 24 4
105 113 3 2
105 114 12 9
105 115 7 7
105 141 20 6
106 107 37 10
106 108 6 9
106 109 2 6
106 116 37 7
106 117 23 5
106 118 31 7
106 121 48 1
107 108 22 6
107 109 34 6
107 119 43 9
107 120 49 2
107 121 15 4
107 122 46 5
107 133 37 9
108 109 34 10
108 123 37 6
108 124 9 8
109 125 25 6
109 126 18 7
109 127 23 8
109 128 11 6
109 129 36 8
109 133 39 2
109 150 4 1
113 124 22 4
117 124 36 8
117 132 19 2
117 159 24 7
119 65 39 1
123 129 41 2
123 150 13 9
130 131 44 2
130 132 31 7
130 133 43 1
130 134 33 9
130 135 1 3
130 136 27 6
130 137 47 3
131 132 43 4
131 133 46 6
131 134 21 1
131 135 48 7
131 138 34 6
132 133 32 5
132 134 11 8
132 135 45 5
132 138 43 10
132 139 36 8
132 140 18 6
132 141 43 2
132 142 32 5
132 143 39 6
133 134 40 4
133 135 18 3
133 144 40 5
133 145 43 4
133 146 49 5
133 147 16 10
133 148 38 4
134 135 30 6
134 145 20 8
134 149 34 9
134 150 48 7
134 151 49 6
134 152 44 7
134 153 8 10
135 154 6 8
135 155 37 9
135 156 20 3
135 157 19 1
135 158 16 10
135 159 8 1
151 153 5 4

0 51 32
1 53 35
2 23 17
3 29 68
4 129 33
5 9 5
6 115 2
7 128 21
8 159 15
9 116 19
10 92 26
11 148 48
12 62 36
13 12 16
14 110 30
15 90 45
16 89 43
17 137 47
18 44 16
19 67 29
20 153 29
21 82 45
22 156 10
23 136 15
24 124 29
25 98 23
26 41 39
27 152 21
28 88 37
29 5 30
30 39 62
31 81 39
32 91 19
33 150 22
34 120 47
35 83 26
36 94 3
37 52 30
38 85 34
39 4 6
40 93 31
41 100 20
42 122 29
43 112 21
44 19 18
45 69 15
46 11 53
47 127 37
48 61 2
49 121 19
50 8 29
51 155 28
52 80 23
53 18 21
54 45 30
55 16 55
56 138 61
57 68 37
58 142 71
59 114 3
60 63 10
61 141 68
62 84 20
63 14 11
