10

(0, 4) (3, 5) (21, 1) (29, 4) (47, 4) (49, 1) (50, 4) (70, 4) (71, 5) (88, 3) (135, 4) (141, 4) (178, 4) (179, 4) (187, 4) (205, 4) (214, 3) (223, 4) (224, 4) (236, 3) (254, 4) (255, 5) (269, 2) (271, 1) (282, 4) (290, 1) (301, 4) (321, 4) (335, 0) (344, 4) (345, 2) (351, 4) (352, 4) (365, 2) (384, 2) (387, 4) (392, 4) (393, 4) (395, 4) (401, 2) (413, 1) (423, 2) (431, 4) (476, 4) (478, 4) (511, 4) (523, 4) (539, 3) (545, 4) (546, 4) (578, 5) (582, 3) (590, 4)
(4, 4) (31, 5) (35, 4) (60, 4) (62, 4) (90, 4) (113, 3) (129, 3) (133, 4) (145, 2) (152, 3) (162, 4) (166, 5) (186, 5) (195, 4) (239, 3) (241, 4) (257, 3) (260, 4) (286, 5) (289, 4) (306, 5) (317, 4) (337, 5) (343, 3) (346, 4) (355, 4) (358, 3) (376, 4) (396, 4) (398, 4) (412, 5) (442, 4) (488, 4) (495, 5) (505, 4) (509, 5) (512, 4) (549, 4) (552, 4) (570, 4) (572, 3) (574, 4) (579, 4) (595, 0)
(18, 3) (38, 4) (42, 4) (48, 4) (68, 5) (77, 4) (80, 2) (81, 3) (95, 3) (97, 5) (99, 0) (103, 3) (110, 4) (111, 4) (112, 5) (136, 4) (141, 2) (144, 3) (155, 4) (156, 4) (158, 4) (188, 1) (190, 4) (235, 4) (241, 5) (256, 4) (272, 5) (273, 5) (277, 5) (310, 4) (314, 4) (323, 3) (325, 4) (349, 5) (385, 4) (389, 4) (414, 4) (420, 1) (426, 4) (430, 4) (456, 5) (474, 4) (490, 3) (492, 3) (521, 5) (556, 4) (560, 3) (573, 2) (577, 5) (579, 4) (590, 4) (596, 1)
(0, 4) (3, 4) (6, 5) (9, 0) (65, 5) (86, 3) (119, 4) (141, 2) (161, 5) (162, 3) (171, 4) (172, 4) (200, 4) (225, 5) (226, 4) (249, 4) (255, 3) (273, 4) (275, 4) (279, 4) (284, 3) (293, 4) (326, 4) (329, 4) (331, 1) (342, 4) (356, 4) (358, 5) (361, 4) (400, 4) (416, 2) (432, 4) (433, 5) (434, 4) (441, 2) (450, 4) (453, 4) (457, 4) (459, 4) (463, 3) (491, 5) (515, 5) (517, 5) (530, 4) (545, 4) (551, 2) (553, 5) (561, 3) (591, 5)
(0, 5) (35, 4) (50, 5) (64, 5) (66, 5) (81, 5) (85, 4) (87, 5) (101, 4) (102, 4) (107, 2) (132, 5) (133, 5) (178, 4) (190, 2) (209, 3) (228, 5) (242, 4) (257, 4) (263, 4) (269, 4) (271, 5) (275, 5) (276, 4) (282, 4) (291, 5) (300, 4) (304, 3) (308, 4) (318, 5) (320, 4) (321, 5) (324, 5) (351, 4) (365, 4) (382, 1) (392, 3) (395, 4) (396, 4) (430, 5) (437, 4) (480, 4) (485, 5) (488, 3) (516, 5) (529, 0) (536, 3) (545, 4) (555, 4) (561, 5) (596, 2)
(6, 5) (8, 4) (30, 4) (34, 4) (39, 4) (56, 4) (67, 3) (71, 4) (90, 5) (91, 4) (97, 3) (100, 5) (108, 1) (116, 0) (150, 2) (156, 3) (182, 4) (192, 5) (203, 4) (225, 5) (245, 4) (262, 3) (269, 3) (280, 4) (291, 5) (294, 2) (311, 4) (320, 5) (342, 3) (350, 4) (364, 4) (386, 3) (406, 4) (407, 4) (422, 3) (427, 4) (428, 5) (434, 5) (452, 2) (455, 4) (461, 3) (462, 2) (473, 1) (475, 4) (476, 5) (491, 3) (521, 4) (543, 4) (548, 3) (561, 4) (576, 5)
(0, 5) (1, 5) (10, 2) (17, 3) (22, 3) (29, 3) (41, 4) (59, 1) (67, 4) (72, 3) (84, 4) (91, 5) (101, 3) (104, 4) (136, 5) (159, 3) (166, 3) (183, 3) (193, 4) (194, 4) (211, 5) (216, 5) (234, 4) (239, 2) (245, 4) (248, 3) (255, 4) (257, 3) (258, 3) (265, 4) (267, 3) (283, 5) (296, 3) (303, 4) (320, 4) (321, 4) (334, 3) (378, 4) (384, 5) (415, 4) (418, 1) (427, 4) (439, 4) (444, 4) (447, 4) (456, 5) (475, 4) (491, 5) (501, 5) (526, 4) (527, 4) (540, 4) (559, 3) (577, 4)
(19, 4) (47, 3) (50, 5) (53, 4) (64, 3) (75, 4) (79, 4) (99, 3) (103, 4) (111, 5) (124, 4) (150, 4) (152, 4) (173, 5) (180, 5) (194, 2) (204, 4) (205, 4) (235, 4) (251, 5) (253, 4) (254, 4) (261, 2) (283, 4) (302, 4) (303, 0) (304, 3) (305, 4) (308, 4) (321, 1) (324, 2) (325, 4) (330, 1) (340, 5) (346, 4) (347, 4) (348, 4) (370, 4) (371, 3) (393, 3) (404, 3) (406, 2) (426, 4) (455, 5) (470, 4) (482, 4) (514, 3) (521, 4) (526, 4) (537, 3) (548, 4) (572, 1) (575, 4) (599, 4)
(1, 5) (2, 4) (17, 4) (22, 4) (31, 2) (38, 4) (51, 4) (52, 3) (64, 4) (86, 2) (94, 4) (95, 3) (97, 4) (113, 3) (126, 4) (128, 4) (160, 4) (170, 4) (205, 3) (208, 4) (215, 4) (263, 4) (285, 4) (290, 4) (298, 5) (304, 3) (322, 4) (337, 5) (340, 4) (351, 5) (365, 4) (370, 4) (389, 4) (396, 4) (427, 4) (428, 4) (455, 4) (456, 4) (487, 4) (488, 3) (505, 4) (514, 4) (540, 3) (542, 4) (556, 4) (560, 3) (567, 1)
(0, 4) (28, 3) (37, 5) (51, 2) (54, 5) (60, 5) (62, 3) (81, 4) (101, 3) (109, 4) (120, 4) (135, 5) (136, 4) (148, 2) (150, 4) (166, 4) (180, 4) (189, 4) (194, 3) (196, 4) (200, 4) (205, 5) (220, 4) (244, 4) (254, 5) (258, 2) (305, 0) (306, 2) (332, 4) (353, 2) (360, 4) (368, 3) (376, 4) (394, 0) (405, 4) (406, 3) (407, 4) (430, 4) (432, 3) (446, 2) (450, 5) (455, 4) (459, 4) (480, 4) (485, 4) (524, 5) (526, 5) (535, 2) (555, 5) (557, 4) (558, 5) (581, 4) (582, 5) (583, 4)
