600 1556 240

0 25 200
1 50 500
2 100 1200
3 150 2800
4 200 4500
5 250 7000

0 1500
1 1500
2 1500
3 1500
4 2000
5 2000
6 2000
7 1000
8 1000
9 1000
10 2000
11 2000
12 1000
13 1000
14 2000
15 1000
16 2000
17 2000
18 1000
19 1000
20 1500
21 1500
22 1500
23 1500
24 1500
25 1000
26 2000
27 1000
28 2000
29 1000
30 1000
31 2000
32 1000
33 2000
34 1000
35 1000
36 2000
37 1000
38 2000
39 1000
40 2000
41 2000
42 2000
43 2000
44 2000
45 1500
46 2000
47 1000
48 2000
49 1000
50 1500
51 1500
52 1000
53 1500
54 1000
55 2000
56 1000
57 2000
58 2000
59 2000
60 2000
61 1000
62 2000
63 500
64 500
65 500
66 500
67 2000
68 1000
69 2000
70 1500
71 1500
72 1500
73 1500
74 1000
75 1500
76 2000
77 2000
78 1000
79 1000
80 2000
81 1000
82 1000
83 1000
84 2000
85 2000
86 1000
87 1000
88 2000
89 1000
90 1000
91 1000
92 2000
93 2000
94 1000
95 2000
96 500
97 1000
98 2000
99 2000
100 1500
101 1500
102 1500
103 1000
104 1000
105 2000
106 1000
107 2000
108 1000
109 1000
110 1000
111 2000
112 2000
113 1000
114 1000
115 1000
116 1000
117 2000
118 500
119 500
120 1500
121 1500
122 1000
123 1000
124 1000
125 2000
126 2000
127 1000
128 2000
129 1000
130 1500
131 1500
132 1000
133 2000
134 1000
135 1000
136 2000
137 2000
138 2000
139 2000
140 1500
141 1500
142 1500
143 1500
144 1500
145 1500
146 1500
147 1500
148 2000
149 2000
150 1000
151 2000
152 2000
153 2000
154 2000
155 1000
156 2000
157 1000
158 2000
159 1000
160 1000
161 1000
162 1000
163 2000
164 2000
165 1000
166 2000
167 2000
168 2000
169 1000
170 2000
171 1000
172 1000
173 1000
174 2000
175 1000
176 1000
177 1000
178 1000
179 2000
180 1000
181 1500
182 1500
183 500
184 2000
185 2000
186 2000
187 2000
188 1000
189 1000
190 2000
191 1000
192 1000
193 2000
194 1000
195 1500
196 1500
197 1500
198 1000
199 1500
200 1500
201 1000
202 2000
203 1000
204 2000
205 1000
206 2000
207 2000
208 1000
209 2000
210 1000
211 1000
212 1000
213 2000
214 500
215 500
216 500
217 500
218 2000
219 1000
220 2000
221 1000
222 2000
223 1000
224 2000
225 1000
226 1000
227 1500
228 1500
229 1500
230 1500
231 500
232 500
233 1000
234 2000
235 1000
236 1000
237 1000
238 1000
239 2000
240 2000
241 2000
242 1000
243 2000
244 1000
245 2000
246 2000
247 2000
248 1000
249 2000
250 1000
251 1000
252 2000
253 2000
254 2000
255 1000
256 1500
257 1500
258 500
259 500
260 1000
261 2000
262 1000
263 2000
264 2000
265 2000
266 2000
267 2000
268 2000
269 2000
270 1500
271 1500
272 1500
273 1000
274 2000
275 1000
276 2000
277 2000
278 1000
279 2000
280 2000
281 1000
282 2000
283 1000
284 2000
285 1500
286 1500
287 1000
288 2000
289 2000
290 1000
291 1000
292 2000
293 2000
294 2000
295 500
296 500
297 500
298 500
299 500
300 1500
301 1500
302 2000
303 1000
304 2000
305 2000
306 1000
307 2000
308 1000
309 1000
310 1500
311 1000
312 1000
313 2000
314 2000
315 1500
316 1500
317 1500
318 1000
319 2000
320 2000
321 2000
322 2000
323 2000
324 2000
325 2000
326 1000
327 2000
328 2000
329 1000
330 1500
331 1500
332 1500
333 1500
334 1500
335 1000
336 1000
337 1000
338 1000
339 2000
340 1000
341 2000
342 2000
343 2000
344 2000
345 1000
346 1000
347 1000
348 2000
349 1000
350 1000
351 2000
352 2000
353 1000
354 2000
355 2000
356 2000
357 1000
358 500
359 500
360 1500
361 1500
362 1500
363 2000
364 2000
365 1000
366 1000
367 1000
368 1000
369 2000
370 2000
371 1000
372 1000
373 2000
374 1000
375 1500
376 1000
377 2000
378 1000
379 2000
380 1000
381 2000
382 2000
383 1000
384 500
385 1500
386 1500
387 1500
388 1500
389 1500
390 1500
391 1500
392 1500
393 2000
394 1000
395 2000
396 1000
397 2000
398 2000
399 2000
400 1000
401 1000
402 2000
403 2000
404 2000
405 2000
406 1000
407 2000
408 2000
409 1000
410 2000
411 2000
412 1000
413 1000
414 2000
415 1000
416 1000
417 2000
418 1000
419 1000
420 2000
421 1000
422 1000
423 1000
424 1000
425 1000
426 1000
427 1500
428 1500
429 1000
430 1500
431 1500
432 1000
433 1000
434 500
435 500
436 500
437 500
438 500
439 500
440 1000
441 2000
442 1000
443 1000
444 1000
445 2000
446 2000
447 1000
448 2000
449 2000
450 1000
451 2000
452 2000
453 1000
454 500
455 2000
456 1000
457 1000
458 1000
459 1000
460 1000
461 2000
462 1000
463 1000
464 1000
465 2000
466 1000
467 1000
468 500
469 500
470 1500
471 1500
472 1500
473 1500
474 2000
475 2000
476 1000
477 2000
478 1000
479 1000
480 2000
481 2000
482 1000
483 2000
484 2000
485 2000
486 1000
487 2000
488 2000
489 2000
490 1500
491 1500
492 1500
493 1000
494 1000
495 2000
496 2000
497 2000
498 2000
499 1000
500 2000
501 2000
502 1000
503 2000
504 2000
505 1500
506 1500
507 1500
508 1500
509 1000
510 2000
511 2000
512 2000
513 1000
514 1000
515 1000
516 2000
517 2000
518 1000
519 1000
520 2000
521 2000
522 1000
523 1000
524 2000
525 2000
526 2000
527 1000
528 1000
529 500
530 1500
531 1500
532 1500
533 1500
534 1000
535 2000
536 1000
537 2000
538 2000
539 2000
540 2000
541 1000
542 2000
543 2000
544 1000
545 2000
546 1000
547 2000
548 2000
549 2000
550 1500
551 1500
552 1500
553 1000
554 2000
555 1000
556 1000
557 2000
558 2000
559 2000
560 2000
561 2000
562 2000
563 2000
564 1000
565 1500
566 1500
567 1500
568 1500
569 2000
570 1000
571 1000
572 1000
573 2000
574 1000
575 2000
576 2000
577 2000
578 2000
579 2000
580 2000
581 1000
582 2000
583 2000
584 2000
585 1500
586 1500
587 1000
588 2000
589 1000
590 1000
591 2000
592 2000
593 1000
594 1000
595 1000
596 500
597 500
598 500
599 500

0 1 48 8
0 2 46 10
0 3 23 3
0 4 11 6
0 5 37 9
0 50 45 9
0 143 4 8
0 227 17 6
0 285 31 9
0 300 25 5
0 301 3 10
0 310 22 4
0 316 30 9
0 505 13 8
0 533 3 2
0 552 39 3
1 2 49 1
1 3 35 3
1 6 32 4
1 7 38 6
1 8 41 9
1 9 34 9
1 10 35 6
1 11 37 9
1 45 50 3
1 75 50 2
1 120 14 2
1 130 24 4
1 181 1 10
1 200 5 1
1 228 26 7
1 255 48 4
1 270 17 2
1 272 19 7
1 360 33 7
1 375 2 8
1 471 21 1
1 508 38 4
1 533 12 5
1 587 29 3
2 3 47 1
2 12 39 7
2 13 5 8
2 14 19 5
2 15 41 7
2 16 47 6
2 20 22 10
2 21 35 1
2 71 42 2
2 100 45 2
2 121 20 7
2 131 20 4
2 182 41 5
2 196 2 1
2 287 45 8
2 310 6 8
2 330 23 10
2 334 42 2
2 375 12 9
2 391 15 8
2 425 46 4
2 473 50 6
2 491 13 6
3 17 48 1
3 18 17 4
3 19 9 6
3 50 11 1
3 102 7 8
3 140 37 6
3 257 42 2
3 316 6 5
3 360 46 10
3 389 22 10
3 425 20 9
3 491 46 4
3 552 28 4
3 565 48 7
3 566 4 7
3 586 43 10
20 21 2 5
20 22 5 3
20 23 8 2
20 24 6 8
20 25 30 2
20 26 4 9
20 45 2 8
20 51 42 1
20 70 16 9
20 100 2 1
20 131 35 2
20 181 17 9
20 225 21 3
20 270 29 2
20 300 5 1
20 301 32 4
20 376 47 6
20 429 6 7
20 471 40 2
20 509 25 4
20 550 16 3
20 565 32 9
21 22 8 1
21 23 5 2
21 24 35 10
21 27 15 1
21 28 7 1
21 29 48 2
21 30 13 7
21 31 1 5
21 121 34 7
21 146 32 5
21 229 32 8
21 255 9 2
21 333 22 5
21 360 10 7
21 376 24 4
21 472 16 6
21 490 20 5
21 532 23 10
21 551 24 4
22 23 4 4
22 24 46 3
22 32 49 8
22 33 6 1
22 73 8 1
22 131 45 10
22 310 1 5
22 331 38 5
22 362 46 6
22 507 15 6
22 586 32 5
23 24 6 3
23 34 1 2
23 35 12 10
23 36 7 4
23 37 35 10
23 38 5 6
23 39 28 5
23 40 30 10
23 41 31 9
23 42 9 1
23 43 29 1
23 45 28 3
23 121 49 4
23 182 36 10
23 199 10 1
23 272 49 7
23 287 19 1
23 317 2 3
23 385 38 10
23 430 29 6
23 491 29 4
23 533 8 4
23 586 21 3
24 44 39 5
24 52 1 3
24 143 42 1
24 195 19 1
24 255 43 10
24 286 34 8
24 316 9 9
24 567 1 10
45 46 40 4
45 47 1 10
45 48 41 2
45 49 32 9
45 52 37 5
45 53 9 5
45 74 33 5
45 75 33 1
45 100 38 2
45 120 44 1
45 121 47 2
45 130 22 6
45 143 2 6
45 146 7 7
45 181 37 5
45 182 15 10
45 195 20 1
45 199 50 6
45 227 17 4
45 229 49 5
45 256 30 2
45 257 19 2
45 270 5 1
45 271 3 10
45 285 12 4
45 287 10 7
45 300 4 6
45 301 26 7
45 310 49 9
45 316 36 4
45 332 25 10
45 335 5 1
45 361 21 2
45 362 1 3
45 376 32 2
45 385 45 6
45 392 38 10
45 429 30 4
45 431 34 3
45 471 27 10
45 473 42 5
45 491 36 4
45 492 35 10
45 507 28 3
45 509 36 7
45 530 43 8
45 533 36 9
45 550 33 4
45 565 39 8
45 568 2 1
45 586 5 1
45 587 23 6
50 51 23 7
50 52 41 8
50 53 12 8
50 54 39 6
50 55 40 2
50 56 31 1
50 57 15 8
50 58 35 4
50 59 2 5
50 60 17 4
50 61 47 1
50 103 42 4
50 130 26 6
50 144 31 8
50 147 34 2
50 200 16 1
50 255 45 3
50 300 23 6
50 310 13 4
50 376 39 7
50 473 25 3
50 490 5 5
50 491 47 6
50 530 7 3
51 52 6 8
51 53 48 3
51 62 13 6
51 71 39 1
51 73 32 4
51 121 3 7
51 130 26 4
51 180 25 2
51 256 29 9
51 271 28 2
51 272 50 4
51 286 26 3
51 301 44 10
51 315 23 1
51 316 44 3
51 331 40 4
51 360 14 10
51 362 10 3
51 389 3 5
51 506 19 3
51 551 25 1
51 567 18 7
51 568 29 8
52 53 27 8
52 63 26 4
52 64 40 2
52 65 43 10
52 66 5 3
52 102 14 1
52 120 20 5
52 180 17 8
52 200 43 3
52 286 7 10
52 387 11 7
52 432 8 6
52 472 35 10
52 552 40 8
53 67 40 7
53 68 21 10
53 69 17 10
53 229 15 1
53 230 36 7
53 335 12 1
53 427 4 1
53 507 33 2
53 531 27 4
53 585 27 10
53 587 32 10
70 71 33 9
70 72 3 2
70 73 9 1
70 74 27 2
70 75 28 8
70 76 22 4
70 77 50 1
70 78 28 10
70 79 17 9
70 80 35 2
70 141 20 1
70 145 11 9
70 182 43 2
70 255 1 8
70 257 34 2
70 285 36 5
70 287 2 5
70 388 22 1
70 472 47 2
70 552 34 3
70 587 43 5
71 72 14 3
71 73 15 6
71 74 7 6
71 75 46 10
71 81 36 9
71 82 47 9
71 83 50 5
71 84 41 3
71 180 14 10
71 200 48 9
71 271 33 1
71 310 11 7
71 362 34 6
71 505 41 5
71 565 30 2
72 73 19 8
72 74 34 4
72 75 20 5
72 85 8 7
72 86 44 7
72 87 4 10
72 88 44 6
72 89 18 8
72 90 35 1
72 91 20 10
72 92 15 4
72 93 35 8
72 100 37 1
72 121 27 8
72 130 50 6
72 270 18 7
72 300 27 9
72 315 50 2
72 470 10 6
72 490 29 7
72 505 45 5
72 530 6 8
72 551 32 6
73 74 40 1
73 75 42 1
73 94 6 4
73 95 44 8
73 121 34 5
73 300 3 1
73 310 35 2
73 316 22 2
73 375 1 6
73 426 9 6
73 532 8 9
74 75 45 3
74 96 36 7
74 130 8 7
74 228 18 1
74 230 5 2
74 426 14 4
74 585 50 2
75 97 48 5
75 98 11 2
75 99 39 1
75 100 30 2
75 200 25 5
75 330 38 5
75 360 39 2
75 375 26 9
75 391 35 6
75 492 45 10
100 101 1 1
100 102 21 6
100 103 25 6
100 104 27 9
100 105 10 3
100 106 5 1
100 107 48 4
100 108 50 3
100 120 36 6
100 180 22 8
100 256 8 8
100 287 23 8
100 300 9 9
100 301 43 7
100 361 7 6
100 470 33 6
100 509 47 4
100 531 42 9
101 102 34 3
101 103 31 7
101 109 6 7
101 110 16 8
101 111 30 9
101 112 23 1
101 113 32 4
101 114 40 9
101 120 43 5
101 130 28 5
101 182 43 3
101 195 43 2
101 198 4 4
101 225 25 4
101 271 35 4
101 286 9 1
101 360 34 7
101 390 44 2
101 433 23 9
101 470 21 10
101 490 33 5
101 532 39 8
101 551 23 5
102 103 44 3
102 115 18 9
102 116 3 10
102 117 11 4
102 145 1 7
102 271 15 6
102 310 41 6
102 317 1 8
102 335 14 3
102 376 49 3
102 391 13 4
102 426 37 4
102 491 39 10
102 505 15 3
102 551 5 3
102 565 34 8
102 585 24 6
102 586 9 6
103 118 38 9
103 119 47 4
103 131 32 2
103 140 2 6
103 226 44 10
103 257 22 4
103 310 14 7
103 316 11 6
103 330 23 8
103 376 49 2
103 567 46 4
120 121 18 10
120 122 10 3
120 123 35 6
120 124 29 7
120 125 19 5
120 130 32 7
120 131 2 8
120 141 3 6
120 180 24 6
120 198 28 5
120 200 5 5
120 225 11 6
120 257 16 10
120 272 40 5
120 287 1 1
120 300 46 9
120 310 50 4
120 331 28 7
120 360 27 3
120 362 47 2
120 375 28 6
120 432 5 3
120 491 17 7
120 509 3 3
120 530 15 5
120 551 48 7
120 566 33 5
120 586 13 6
121 126 45 4
121 127 6 4
121 128 6 1
121 129 19 9
121 144 5 3
121 226 10 3
121 255 14 3
121 270 6 5
121 286 38 8
121 301 22 9
121 310 18 10
121 315 22 2
121 333 48 7
121 389 6 7
121 392 15 1
121 426 26 1
121 471 12 10
121 472 1 8
121 490 22 6
121 509 40 2
121 530 29 10
121 552 29 2
121 568 1 2
121 587 44 1
130 131 23 9
130 132 36 3
130 133 4 3
130 134 17 2
130 135 28 3
130 140 44 7
130 181 24 7
130 226 41 1
130 230 27 5
130 285 3 1
130 286 48 3
130 310 11 6
130 315 9 8
130 317 20 10
130 330 36 5
130 332 28 3
130 470 9 1
130 492 16 6
130 530 19 6
130 550 39 9
130 567 45 8
130 568 33 1
131 136 25 10
131 137 22 7
131 138 30 10
131 139 44 4
131 141 48 10
131 180 27 10
131 198 16 10
131 199 49 5
131 255 39 10
131 257 19 10
131 270 7 4
131 271 38 5
131 301 22 7
131 310 2 4
131 362 22 1
131 375 3 7
131 376 28 4
131 391 32 9
131 392 44 4
131 432 3 2
131 433 26 6
131 472 7 4
131 491 11 9
131 505 11 4
131 509 36 4
131 533 33 3
131 551 35 2
131 585 32 6
131 587 23 8
140 141 17 6
140 142 5 6
140 143 13 3
140 144 25 10
140 145 7 4
140 146 23 5
140 147 2 1
140 148 46 4
140 149 21 10
140 150 44 2
140 151 45 7
140 152 31 2
140 153 38 7
140 182 50 5
140 286 35 7
140 300 39 8
140 431 29 1
141 142 30 2
141 143 23 8
141 144 24 4
141 145 8 2
141 146 39 4
141 147 38 4
141 154 38 2
141 155 13 4
141 156 14 4
141 157 33 3
141 158 41 7
141 159 20 6
141 160 2 1
141 228 42 1
141 230 11 10
141 272 41 6
141 333 39 9
141 392 1 7
141 532 2 9
141 565 29 8
142 143 26 6
142 144 23 9
142 145 12 2
142 146 45 7
142 147 13 2
142 161 31 3
142 162 34 4
142 163 7 9
142 375 1 3
143 144 27 8
143 145 13 2
143 146 9 6
143 147 12 1
143 164 16 4
143 310 15 10
143 361 17 2
143 425 7 3
143 471 7 6
143 492 41 5
144 145 15 5
144 146 9 3
144 147 17 4
144 165 31 7
144 166 48 1
144 167 15 7
144 168 24 10
144 169 40 2
144 301 35 10
144 361 16 9
144 470 49 7
144 491 32 5
144 585 16 8
145 146 47 5
145 147 49 3
145 170 17 9
145 171 2 6
145 172 32 10
145 255 7 7
145 310 19 7
145 330 37 8
145 551 8 9
145 586 6 6
146 147 44 6
146 173 50 8
146 174 22 6
146 175 17 3
146 199 21 8
146 257 11 6
146 287 31 10
146 386 45 1
146 505 25 4
146 509 18 7
146 532 20 5
147 176 50 10
147 177 45 7
147 178 32 1
147 179 12 4
147 180 12 2
147 270 22 6
147 317 30 9
147 550 19 8
147 565 34 7
180 181 9 1
180 182 21 3
180 183 8 6
180 256 6 7
180 270 47 3
180 286 7 8
180 301 45 9
180 315 11 1
180 316 19 1
180 331 9 10
180 335 27 2
180 360 20 8
180 376 9 2
180 392 46 9
180 470 17 4
180 505 41 10
180 532 39 3
180 533 5 4
181 182 46 5
181 184 33 2
181 185 20 3
181 186 29 1
181 187 27 7
181 188 50 8
181 196 6 1
181 198 36 8
181 226 41 6
181 285 33 3
181 376 21 10
181 390 50 5
181 425 41 7
181 550 46 5
181 551 2 1
181 567 3 8
181 586 7 3
182 189 47 6
182 190 47 1
182 191 47 2
182 192 1 3
182 193 9 8
182 194 49 3
182 229 35 8
182 255 35 4
182 271 25 4
182 300 38 8
182 310 8 7
182 360 6 10
182 429 26 1
182 491 36 4
182 492 4 8
182 509 31 2
182 567 17 10
182 585 25 10
195 196 1 3
195 197 27 7
195 198 3 2
195 199 29 8
195 200 23 1
195 201 21 4
195 202 40 2
195 203 20 10
195 204 3 9
195 205 32 4
195 256 37 5
195 301 48 3
195 310 7 7
195 362 38 9
195 375 12 7
195 392 25 4
195 429 1 8
195 507 25 6
196 197 17 9
196 198 49 8
196 199 4 2
196 200 17 3
196 206 30 6
196 207 49 4
196 208 35 9
196 209 11 10
196 230 34 4
196 271 17 1
196 362 33 8
196 492 44 7
196 566 5 9
197 198 46 6
197 199 46 6
197 200 14 5
197 210 11 10
197 211 10 10
197 212 29 3
197 213 35 5
197 376 35 7
197 390 20 7
197 473 1 2
197 551 34 6
197 585 6 4
198 199 40 2
198 200 49 7
198 214 44 10
198 215 10 5
198 216 44 5
198 217 38 7
198 286 4 8
198 287 9 2
198 317 23 6
198 491 50 1
198 586 49 2
199 200 31 6
199 218 15 3
199 219 30 10
199 220 28 10
199 229 28 2
199 257 9 5
199 271 13 4
199 300 24 3
199 315 37 4
199 330 41 2
199 335 45 9
199 432 39 2
199 531 13 7
199 566 12 7
200 221 21 1
200 222 11 6
200 223 18 8
200 224 36 2
200 310 33 10
200 471 15 3
200 507 28 2
200 533 25 3
200 551 4 5
225 226 28 8
225 227 42 4
225 228 26 8
225 229 20 7
225 230 29 7
225 231 8 10
225 285 3 9
225 310 44 7
225 375 42 1
225 470 12 10
225 509 48 1
225 532 45 10
226 227 6 9
226 228 23 7
226 229 49 8
226 230 18 4
226 232 32 3
226 472 17 4
226 551 24 6
226 552 1 4
226 567 46 10
227 228 21 6
227 229 19 2
227 230 16 7
227 233 4 9
227 234 22 7
227 235 41 7
227 236 43 1
227 237 18 5
227 238 42 1
227 270 18 3
227 301 2 5
227 386 40 4
227 585 42 7
228 229 40 10
228 230 24 2
228 239 30 6
228 240 44 4
228 241 13 4
228 242 32 7
228 243 45 3
228 255 49 8
228 285 13 3
228 300 14 4
228 310 17 10
228 316 14 2
228 331 45 2
228 387 1 4
228 490 15 9
229 230 11 4
229 244 38 6
229 245 26 10
229 246 10 4
229 247 28 2
229 270 24 10
229 330 17 3
229 361 29 1
229 376 30 2
229 430 46 7
229 533 30 4
229 566 30 8
229 585 9 4
230 248 9 9
230 249 42 10
230 250 7 3
230 251 42 3
230 252 45 1
230 253 12 6
230 254 30 5
230 256 49 5
230 316 48 4
230 362 46 1
230 431 36 2
230 490 18 8
230 506 20 2
255 256 41 5
255 257 25 8
255 258 29 10
255 259 22 10
255 317 37 2
255 331 7 2
255 360 22 3
255 361 24 9
255 425 16 9
255 490 4 4
255 530 35 8
255 552 34 9
255 567 18 4
256 257 45 2
256 260 48 8
256 261 14 5
256 262 21 9
256 272 28 8
256 300 47 1
256 310 6 3
256 332 19 4
256 376 23 2
256 429 21 4
256 470 49 8
256 505 17 6
256 509 4 1
256 532 4 5
257 263 37 3
257 264 26 5
257 265 1 9
257 266 46 3
257 267 36 3
257 268 11 5
257 269 20 6
257 272 16 3
257 285 38 4
257 286 25 9
257 301 5 6
257 310 38 1
257 376 39 3
257 390 22 1
257 391 1 1
257 472 17 9
257 490 3 8
257 551 14 8
257 567 32 9
257 587 25 10
270 271 18 1
270 272 7 8
270 273 46 10
270 274 7 7
270 286 44 5
270 310 30 4
270 334 37 10
270 361 37 4
270 375 14 2
270 471 24 4
270 532 10 9
270 565 22 7
270 585 26 10
270 586 48 2
271 272 2 10
271 275 15 1
271 276 11 5
271 277 4 2
271 278 33 7
271 279 26 10
271 280 39 8
271 281 17 9
271 282 10 1
271 300 25 7
271 310 47 5
271 330 37 4
271 362 36 2
271 388 44 8
271 426 44 10
271 427 24 10
271 505 33 5
271 508 19 10
271 531 16 6
271 550 34 3
271 552 8 9
272 283 4 7
272 284 31 5
272 285 30 1
272 300 34 4
272 316 17 9
272 317 6 9
272 375 35 10
272 385 37 6
272 472 18 10
272 492 26 8
272 566 43 8
285 286 10 6
285 287 31 3
285 288 37 2
285 289 5 7
285 290 8 1
285 301 24 4
285 316 5 3
285 333 25 7
285 360 7 9
285 376 44 6
285 391 21 1
285 433 7 2
285 471 47 5
285 490 1 9
285 507 41 2
285 530 4 2
285 533 49 6
285 567 4 7
286 287 29 10
286 291 13 7
286 292 39 6
286 293 46 1
286 294 14 10
286 310 48 3
286 315 37 7
286 360 13 9
286 375 27 7
286 472 6 1
286 492 26 2
286 551 42 5
286 552 15 2
286 566 45 2
286 585 28 10
286 586 3 7
287 295 23 4
287 296 35 4
287 297 19 9
287 298 13 1
287 299 10 2
287 301 5 2
287 310 21 6
287 332 16 2
287 388 19 10
287 428 19 8
287 506 29 9
300 301 14 2
300 302 16 3
300 303 20 3
300 310 14 8
300 376 19 5
300 387 9 9
300 426 47 8
300 428 7 3
300 470 45 4
300 472 49 1
300 490 44 10
300 505 31 4
300 508 36 6
300 532 15 5
300 550 8 10
300 552 28 9
300 568 26 9
301 304 10 2
301 305 47 1
301 306 24 1
301 307 45 5
301 308 20 10
301 309 10 3
301 310 34 6
301 316 4 4
301 333 14 3
301 335 33 1
301 360 26 10
301 361 22 10
301 386 14 7
301 491 38 8
301 532 1 4
301 567 20 2
301 585 31 4
301 587 29 9
310 311 26 2
310 312 16 7
310 313 38 1
310 314 5 10
310 315 40 2
310 317 41 8
310 332 37 2
310 335 1 1
310 360 7 6
310 361 4 4
310 375 20 10
310 376 5 10
310 385 24 8
310 390 35 6
310 428 2 9
310 429 4 9
310 472 4 7
310 473 1 1
310 492 35 8
310 505 43 7
310 508 27 5
310 531 14 4
310 532 48 7
310 551 1 6
310 552 14 9
310 565 21 7
310 566 32 4
310 586 46 3
310 587 4 6
315 316 23 3
315 317 35 5
315 318 31 3
315 319 46 6
315 320 38 10
315 321 10 4
315 335 48 7
315 492 46 8
315 507 49 1
315 508 20 1
315 530 25 4
316 317 40 7
316 322 23 7
316 323 49 4
316 324 19 3
316 325 1 6
316 332 24 9
316 361 12 1
316 375 37 3
316 376 3 1
316 389 23 5
316 392 21 1
316 432 37 6
316 550 5 10
316 585 37 1
317 326 19 9
317 327 6 8
317 328 43 10
317 329 31 7
317 362 31 5
317 425 5 1
317 470 22 7
317 472 13 8
317 492 26 3
317 530 12 1
317 565 35 6
317 567 31 4
317 586 7 3
330 331 5 7
330 332 9 1
330 333 38 3
330 334 40 9
330 335 12 8
330 336 20 8
330 337 40 8
330 338 49 9
330 339 47 1
330 340 47 10
330 341 25 6
330 389 13 4
330 565 37 4
330 585 7 4
330 587 49 9
331 332 33 8
331 333 29 7
331 334 47 1
331 335 10 10
331 342 27 8
331 343 47 9
331 344 20 2
331 376 9 1
331 431 25 8
331 470 31 10
331 490 48 7
331 507 23 3
332 333 40 6
332 334 41 4
332 335 7 2
332 345 31 10
332 346 18 7
332 347 44 6
332 348 11 3
332 385 16 5
332 471 47 4
332 509 11 10
332 552 39 5
333 142 33 4
333 334 44 10
333 335 10 10
333 349 15 10
333 350 13 2
333 351 14 4
333 352 3 1
333 467 20 10
333 530 36 3
334 335 44 6
334 353 4 2
334 354 32 10
334 355 44 9
334 356 19 1
334 357 32 3
334 376 11 4
334 532 8 6
334 550 25 9
334 566 19 4
335 358 11 4
335 359 6 10
335 360 14 6
335 426 6 10
335 492 25 6
360 361 36 5
360 362 49 2
360 363 8 6
360 364 38 10
360 365 23 1
360 366 5 4
360 375 4 10
360 391 46 1
360 490 20 2
360 509 49 4
360 552 24 1
360 565 11 2
360 585 25 7
361 362 7 5
361 367 32 6
361 368 6 6
361 369 19 8
361 370 36 3
361 371 15 2
361 372 36 10
361 376 7 7
361 389 17 8
361 429 41 1
361 471 48 9
361 473 15 9
361 531 13 7
361 550 23 5
361 566 19 4
362 373 36 7
362 374 40 8
362 432 46 8
362 508 34 3
362 532 12 2
362 587 26 6
375 376 45 4
375 377 32 2
375 378 33 7
375 379 25 8
375 380 5 9
375 381 20 7
375 382 13 2
375 383 4 6
375 386 50 2
375 470 10 8
375 492 25 4
375 532 6 9
375 551 6 9
375 567 11 10
375 568 21 5
375 585 3 5
376 384 7 1
376 387 23 10
376 426 25 8
376 432 43 7
376 472 21 1
376 492 18 5
376 505 43 5
376 506 28 3
376 531 36 2
376 586 32 7
385 386 22 4
385 387 2 10
385 388 17 6
385 389 41 7
385 390 43 4
385 391 49 4
385 392 25 10
385 393 26 8
385 394 17 4
386 387 46 2
386 388 10 5
386 389 44 8
386 390 15 9
386 391 38 4
386 392 32 7
386 395 14 8
386 396 16 10
386 397 5 5
386 398 21 6
386 550 42 6
387 388 28 3
387 389 37 9
387 390 14 2
387 391 40 10
387 392 15 6
387 399 3 9
387 400 8 5
387 401 22 2
387 429 38 2
387 433 28 10
387 551 20 3
387 565 34 6
387 585 47 10
388 389 7 1
388 390 13 5
388 391 45 5
388 392 32 3
388 402 34 8
388 403 21 3
388 470 50 5
388 491 44 6
388 586 37 6
389 390 48 2
389 391 27 10
389 392 13 8
389 404 13 1
389 405 9 1
389 406 39 3
389 506 34 10
389 509 38 10
389 531 8 4
390 391 2 2
390 392 8 1
390 407 20 7
390 408 19 10
390 409 11 1
390 410 19 7
390 411 49 4
390 412 8 9
390 413 4 9
391 392 23 3
391 414 3 4
391 415 25 8
391 416 7 3
391 417 50 7
391 491 21 8
391 567 19 2
392 418 3 8
392 419 48 3
392 420 13 4
392 421 10 2
392 422 22 3
392 423 45 1
392 424 4 1
392 471 41 8
392 532 49 1
425 426 49 4
425 427 36 4
425 428 36 4
425 429 46 3
425 430 42 2
425 431 43 8
425 432 30 10
425 433 27 3
425 434 27 5
425 435 45 5
425 530 8 2
425 587 40 2
426 427 4 7
426 428 11 7
426 429 12 5
426 430 12 7
426 431 38 1
426 432 35 8
426 433 13 6
426 436 40 5
426 437 42 8
426 438 25 1
426 439 15 4
426 550 10 10
426 566 40 8
426 587 35 5
427 428 40 2
427 429 5 3
427 430 50 4
427 431 23 1
427 432 18 9
427 433 24 2
427 440 12 4
427 441 46 9
427 442 15 2
427 443 23 5
427 444 46 5
427 445 9 2
427 446 40 2
427 447 10 6
427 448 5 9
428 429 23 7
428 430 39 3
428 431 15 5
428 432 35 7
428 433 33 6
428 449 9 7
428 450 8 9
428 451 32 10
428 452 23 10
428 453 15 10
429 430 3 2
429 431 48 1
429 432 16 9
429 433 33 5
429 454 2 6
429 471 9 6
429 530 14 1
430 431 11 2
430 432 37 5
430 433 33 10
430 455 48 10
430 456 9 6
430 457 19 10
430 458 43 3
430 459 49 9
430 460 50 5
430 566 21 2
431 432 29 1
431 433 24 3
431 461 16 3
431 462 26 1
431 463 25 9
431 464 50 6
431 465 24 8
431 466 13 8
431 467 10 7
431 491 31 6
431 505 34 3
431 552 40 6
432 433 13 3
432 468 2 9
432 492 34 5
432 507 43 1
433 469 12 4
433 470 38 8
470 471 28 6
470 472 5 3
470 473 11 2
470 474 38 1
470 475 34 4
470 476 36 10
470 491 34 1
470 565 46 1
471 472 19 5
471 473 33 7
471 477 50 6
471 509 22 7
471 530 35 4
472 473 40 8
472 478 35 8
472 479 42 6
472 480 45 5
472 481 18 9
472 482 1 1
472 483 10 8
472 484 23 4
472 491 50 4
472 533 25 8
473 485 50 2
473 486 12 4
473 487 17 7
473 488 40 2
473 489 48 5
473 509 2 9
473 550 3 9
473 551 24 6
473 568 44 6
473 585 37 4
473 586 37 3
490 491 29 10
490 492 23 3
490 493 37 9
490 494 37 5
490 495 1 9
490 496 50 10
490 505 44 5
490 507 34 3
490 533 20 9
490 552 46 2
490 565 6 1
491 492 10 5
491 497 33 1
491 498 4 9
491 499 21 6
491 500 7 9
491 530 46 6
491 585 40 10
491 587 5 3
492 501 16 8
492 502 46 8
492 503 41 7
492 504 18 8
492 550 37 3
505 506 40 10
505 507 28 10
505 508 42 1
505 509 38 2
505 510 29 10
505 511 41 10
505 512 12 5
505 513 4 6
505 531 11 7
505 566 38 1
506 507 24 3
506 508 12 3
506 509 37 7
506 514 9 5
506 515 10 4
506 516 44 9
506 517 1 8
506 518 4 1
506 519 47 6
506 550 15 7
506 565 25 6
507 508 26 10
507 509 24 1
507 520 31 5
507 521 41 8
507 522 6 9
507 523 30 6
507 524 50 5
507 525 21 7
507 532 46 10
507 587 15 10
508 509 46 3
508 526 23 5
508 527 24 8
508 528 2 3
508 552 34 1
508 586 37 7
509 529 43 2
530 531 22 7
530 532 17 3
530 533 36 8
530 534 33 7
530 535 41 9
530 586 15 3
531 532 7 9
531 533 20 1
531 536 23 3
531 537 19 1
531 551 44 8
531 552 8 2
531 566 17 7
531 586 45 2
532 533 39 7
532 538 3 1
532 539 19 7
532 540 29 5
532 541 11 8
532 542 18 2
532 543 24 9
532 567 18 5
533 544 1 7
533 545 43 10
533 546 20 1
533 547 44 7
533 548 49 9
533 549 18 1
550 551 1 7
550 552 5 1
550 553 39 6
550 554 41 7
550 585 29 8
551 552 45 7
551 555 7 5
551 556 35 5
551 557 7 10
551 558 1 10
551 559 42 1
551 560 49 4
551 561 3 6
551 562 43 5
551 567 38 7
552 563 14 3
552 564 36 7
552 567 37 8
565 566 22 10
565 567 40 6
565 568 6 3
565 569 36 2
565 570 7 4
565 571 8 10
566 567 27 1
566 568 25 4
566 572 45 10
566 573 32 6
566 574 37 5
566 575 14 3
566 586 8 5
567 568 9 2
567 576 13 9
567 577 34 9
567 578 31 3
567 579 26 3
567 580 1 10
568 581 6 7
568 582 9 1
568 583 32 8
568 584 34 8
568 587 46 8
575 496 21 8
585 586 27 10
585 587 7 3
585 588 47 6
585 589 34 5
586 587 10 7
586 590 43 3
586 591 23 10
586 592 49 10
586 593 5 10
586 594 32 2
586 595 45 7
587 596 23 10
587 597 18 7
587 598 33 2
587 599 15 7

0 319 19
1 179 4
2 417 22
3 307 20
4 465 10
5 38 3
6 591 12
7 501 4
8 149 12
9 60 12
10 152 16
11 42 6
12 98 5
13 186 18
14 292 16
15 535 25
16 139 11
17 302 10
18 356 6
19 92 5
20 562 27
21 148 27
22 154 8
23 168 11
24 446 15
25 542 8
26 403 9
27 583 18
28 407 6
29 77 22
30 133 2
31 538 2
32 498 2
33 321 4
34 411 25
35 314 3
36 126 19
37 578 13
38 85 5
39 202 17
40 136 11
41 548 32
42 399 2
43 153 26
44 517 1
45 33 4
46 344 5
47 269 8
48 264 8
49 105 6
50 185 5
51 304 7
52 117 5
53 452 12
54 512 5
55 516 20
56 261 4
57 351 10
58 313 26
59 495 1
60 170 8
61 537 9
62 588 25
63 503 10
64 289 4
65 488 21
66 520 22
67 483 6
68 448 4
69 526 6
70 325 1
71 274 5
72 474 17
73 294 4
74 234 6
75 36 4
76 461 7
77 265 1
78 69 9
79 561 2
80 43 6
81 10 10
82 224 12
83 280 19
84 339 12
85 156 5
86 547 28
87 363 3
88 245 15
89 288 8
90 584 14
91 496 42
92 373 24
93 266 21
94 220 12
95 6 18
96 246 7
97 84 14
98 497 22
99 575 23
100 5 11
101 16 31
102 577 14
103 88 28
104 342 12
105 354 20
106 204 2
107 239 21
108 40 13
109 305 23
110 580 1
111 455 16
112 293 17
113 322 8
114 324 5
115 166 27
116 31 1
117 369 8
118 398 9
119 111 12
120 279 11
121 410 5
122 207 18
123 17 26
124 125 10
125 14 13
126 241 6
127 276 6
128 263 18
129 557 2
130 395 7
131 190 30
132 511 12
133 485 22
134 540 10
135 184 15
136 543 7
137 559 22
138 247 14
139 348 7
140 393 12
141 174 12
142 254 21
143 549 8
144 112 13
145 158 23
146 405 3
147 592 21
148 328 15
149 563 7
150 477 27
151 268 8
152 209 5
153 26 2
154 343 14
155 524 17
156 355 26
157 99 14
158 249 28
159 320 12
160 545 19
161 510 21
162 151 11
163 93 14
164 379 10
165 420 10
166 352 2
167 489 27
168 370 14
169 58 25
170 76 12
171 582 6
172 11 17
173 521 12
174 449 4
175 59 1
176 28 3
177 137 10
178 48 26
179 500 3
180 128 2
181 193 3
182 341 15
183 504 4
184 414 2
185 558 1
186 206 14
187 451 20
188 62 8
189 284 21
190 267 17
191 475 13
192 187 17
193 381 7
194 107 30
195 327 4
196 441 27
197 4 5
198 253 4
199 282 7
200 560 23
201 67 22
202 554 26
203 484 15
204 57 7
205 95 23
206 576 5
207 240 25
208 487 9
209 525 14
210 404 8
211 222 8
212 218 8
213 539 12
214 243 21
215 397 4
216 213 8
217 364 22
218 377 23
219 408 13
220 55 11
221 323 17
222 445 3
223 252 25
224 481 9
225 167 5
226 164 6
227 382 3
228 138 11
229 579 15
230 480 28
231 163 3
232 402 18
233 80 10
234 41 11
235 573 9
236 46 14
237 44 18
238 277 1
239 569 21
