600 1532 240

0 25 200
1 50 500
2 100 1200
3 150 2800
4 200 4500
5 250 7000

0 1500
1 1000
2 2000
3 1000
4 2000
5 1500
6 1500
7 1000
8 1000
9 2000
10 2000
11 1000
12 2000
13 2000
14 2000
15 1500
16 1000
17 1500
18 1500
19 1000
20 1500
21 1000
22 2000
23 2000
24 500
25 500
26 500
27 1000
28 1000
29 2000
30 1000
31 2000
32 1000
33 2000
34 2000
35 2000
36 1000
37 2000
38 500
39 500
40 1000
41 2000
42 1000
43 1000
44 1000
45 1500
46 1500
47 1500
48 1500
49 1500
50 1500
51 1500
52 1500
53 1500
54 1000
55 1000
56 1000
57 1000
58 1000
59 2000
60 2000
61 2000
62 1000
63 1000
64 2000
65 1000
66 2000
67 2000
68 1000
69 2000
70 1000
71 2000
72 1000
73 1000
74 1000
75 2000
76 2000
77 1000
78 1000
79 1000
80 2000
81 2000
82 2000
83 1000
84 1000
85 2000
86 2000
87 2000
88 1000
89 1000
90 1500
91 1500
92 1500
93 1500
94 1500
95 1500
96 1000
97 2000
98 2000
99 2000
100 2000
101 1000
102 2000
103 2000
104 2000
105 1000
106 1000
107 1000
108 2000
109 1000
110 2000
111 1000
112 2000
113 1000
114 2000
115 1000
116 1000
117 2000
118 2000
119 2000
120 1500
121 1500
122 1500
123 1500
124 2000
125 1000
126 2000
127 2000
128 2000
129 1000
130 1000
131 1000
132 1000
133 2000
134 1000
135 2000
136 1000
137 1000
138 1000
139 1000
140 1500
141 1000
142 1500
143 1500
144 2000
145 2000
146 1000
147 2000
148 500
149 2000
150 1000
151 1000
152 2000
153 1000
154 2000
155 1000
156 1000
157 2000
158 1000
159 1000
160 1500
161 1500
162 1500
163 1500
164 1500
165 2000
166 2000
167 2000
168 1000
169 2000
170 1000
171 1000
172 2000
173 1000
174 1000
175 2000
176 1000
177 1000
178 1000
179 2000
180 1000
181 1000
182 2000
183 1000
184 2000
185 1500
186 1500
187 1500
188 1000
189 1000
190 1000
191 2000
192 2000
193 2000
194 1000
195 2000
196 1000
197 2000
198 2000
199 2000
200 1500
201 1500
202 2000
203 1000
204 2000
205 1000
206 2000
207 1000
208 1000
209 1000
210 1500
211 1500
212 1000
213 1000
214 1000
215 2000
216 1000
217 1000
218 2000
219 2000
220 1500
221 1500
222 1000
223 1500
224 2000
225 1000
226 2000
227 2000
228 2000
229 2000
230 2000
231 2000
232 1000
233 2000
234 500
235 1000
236 2000
237 1000
238 1000
239 2000
240 1500
241 1000
242 1500
243 1500
244 2000
245 2000
246 1000
247 1000
248 500
249 1000
250 1000
251 1000
252 2000
253 1000
254 1000
255 2000
256 1000
257 2000
258 2000
259 2000
260 1500
261 1500
262 1500
263 1500
264 2000
265 1000
266 1000
267 2000
268 2000
269 2000
270 1000
271 1000
272 2000
273 2000
274 2000
275 1000
276 1000
277 2000
278 1000
279 2000
280 1500
281 1500
282 1000
283 1500
284 1500
285 2000
286 2000
287 2000
288 1000
289 1000
290 1000
291 2000
292 2000
293 2000
294 2000
295 2000
296 500
297 2000
298 1000
299 2000
300 2000
301 2000
302 2000
303 1000
304 2000
305 1500
306 1500
307 1500
308 1500
309 2000
310 2000
311 2000
312 2000
313 2000
314 2000
315 2000
316 1000
317 2000
318 2000
319 2000
320 1000
321 1000
322 2000
323 2000
324 2000
325 1500
326 1500
327 1500
328 2000
329 1000
330 2000
331 1000
332 1000
333 1000
334 2000
335 2000
336 2000
337 2000
338 1000
339 1000
340 1500
341 1500
342 1500
343 1500
344 1500
345 1000
346 2000
347 2000
348 2000
349 1000
350 2000
351 1000
352 1000
353 1000
354 2000
355 2000
356 2000
357 2000
358 2000
359 2000
360 1000
361 1000
362 1000
363 1000
364 2000
365 1500
366 1500
367 1500
368 1500
369 2000
370 2000
371 1000
372 2000
373 2000
374 2000
375 1000
376 1000
377 2000
378 2000
379 1000
380 2000
381 2000
382 1000
383 2000
384 2000
385 1500
386 1500
387 1500
388 2000
389 1000
390 1000
391 2000
392 1000
393 1000
394 2000
395 1000
396 1000
397 1000
398 2000
399 1000
400 1500
401 1000
402 2000
403 2000
404 2000
405 1500
406 1500
407 1000
408 1000
409 1500
410 2000
411 2000
412 2000
413 2000
414 2000
415 2000
416 2000
417 2000
418 1000
419 1000
420 1000
421 500
422 500
423 500
424 500
425 500
426 500
427 500
428 500
429 2000
430 1500
431 1500
432 1500
433 1500
434 1500
435 1500
436 2000
437 1000
438 1000
439 1000
440 2000
441 1000
442 1000
443 2000
444 1000
445 1000
446 2000
447 2000
448 2000
449 2000
450 1000
451 1000
452 2000
453 1000
454 1000
455 2000
456 1000
457 2000
458 1000
459 1000
460 1000
461 1000
462 1500
463 1500
464 1500
465 1000
466 500
467 500
468 2000
469 1000
470 1000
471 2000
472 2000
473 2000
474 2000
475 2000
476 1000
477 2000
478 1000
479 1000
480 2000
481 2000
482 2000
483 2000
484 2000
485 2000
486 2000
487 2000
488 500
489 500
490 1500
491 1500
492 1500
493 1500
494 1500
495 1000
496 2000
497 2000
498 1000
499 2000
500 1000
501 1000
502 1000
503 1000
504 2000
505 2000
506 1000
507 2000
508 2000
509 1000
510 1000
511 2000
512 2000
513 2000
514 2000
515 1000
516 1500
517 1500
518 500
519 500
520 500
521 2000
522 1000
523 1000
524 1000
525 2000
526 1000
527 2000
528 2000
529 2000
530 1000
531 1000
532 1500
533 1500
534 1000
535 500
536 500
537 500
538 500
539 500
540 500
541 500
542 500
543 2000
544 1000
545 1000
546 2000
547 1000
548 2000
549 1000
550 1000
551 1000
552 1000
553 500
554 500
555 1500
556 1500
557 1500
558 2000
559 2000
560 2000
561 2000
562 1000
563 2000
564 2000
565 2000
566 1000
567 1000
568 2000
569 1000
570 1500
571 1500
572 2000
573 2000
574 1000
575 1000
576 2000
577 1000
578 1000
579 2000
580 1500
581 1500
582 1500
583 1500
584 1000
585 1000
586 2000
587 1000
588 1000
589 2000
590 1000
591 1000
592 1000
593 2000
594 1000
595 2000
596 1000
597 2000
598 2000
599 1000

0 1 39 2
0 2 9 7
0 3 15 9
0 4 15 10
0 5 50 2
0 6 20 9
0 18 16 5
0 47 17 6
0 53 14 7
0 90 16 7
0 95 4 9
0 120 42 6
0 140 48 3
0 142 20 6
0 160 47 2
0 161 5 7
0 186 16 10
0 187 36 5
0 201 49 2
0 210 26 8
0 211 18 10
0 221 42 6
0 222 19 2
0 240 13 1
0 241 34 3
0 262 10 7
0 263 39 10
0 280 5 9
0 283 23 1
0 307 2 4
0 326 32 8
0 327 39 9
0 341 19 4
0 344 36 4
0 367 8 1
0 368 2 9
0 385 38 3
0 387 12 8
0 400 35 8
0 405 36 6
0 407 26 8
0 432 32 10
0 460 15 1
0 461 35 7
0 492 45 2
0 494 10 10
0 516 38 10
0 532 26 6
0 533 49 6
0 555 8 7
0 556 38 1
0 571 22 6
0 580 29 1
0 582 23 2
5 6 22 9
5 7 25 1
5 8 1 8
5 9 26 8
5 10 48 1
5 11 5 8
5 12 35 9
5 16 42 6
5 48 8 2
5 53 27 1
5 94 5 4
5 143 22 4
5 162 3 1
5 164 38 2
5 185 47 10
5 200 8 10
5 210 31 8
5 241 20 7
5 261 26 4
5 263 44 6
5 280 36 9
5 325 28 1
5 326 21 3
5 340 16 3
5 365 10 3
5 385 38 8
5 400 34 10
5 408 50 1
5 492 48 7
5 493 34 4
5 516 43 5
5 532 2 6
5 570 44 4
5 571 2 10
5 580 27 2
6 13 19 1
6 14 49 9
6 16 15 10
6 90 1 7
6 120 39 7
6 122 46 5
6 141 27 3
6 187 14 1
6 201 43 3
6 220 36 9
6 223 41 4
6 243 32 9
6 281 27 2
6 305 2 3
6 306 5 2
6 343 4 2
6 368 49 3
6 385 26 6
6 400 38 1
6 406 40 10
6 431 36 2
6 432 12 6
6 461 34 4
6 465 1 2
6 533 40 3
6 555 37 1
6 557 11 4
6 582 1 4
15 16 47 1
15 17 12 10
15 18 39 5
15 19 41 9
15 20 4 2
15 21 20 6
15 22 6 5
15 23 36 5
15 122 49 1
15 211 5 7
15 221 46 5
15 242 47 10
15 280 46 6
15 305 3 4
15 307 21 6
15 325 10 8
15 465 3 4
15 570 35 1
16 17 17 10
16 18 13 5
16 19 47 3
16 20 46 7
16 24 2 8
16 25 11 7
16 26 13 8
16 90 39 8
16 122 50 2
16 201 5 4
16 386 34 5
16 433 44 6
16 532 5 2
16 533 1 1
17 18 32 10
17 19 19 6
17 20 28 7
17 27 43 6
17 28 27 9
17 29 16 7
17 30 22 10
17 31 11 5
17 32 31 4
17 33 41 1
17 34 4 7
17 141 45 1
17 164 3 5
17 223 23 4
17 260 25 4
17 342 2 5
17 406 15 9
17 490 2 10
17 516 16 6
17 517 9 6
17 581 23 9
17 583 30 4
18 19 16 2
18 20 26 3
18 35 34 8
18 36 36 7
18 37 19 1
18 47 50 3
18 53 28 4
18 95 49 10
18 210 34 10
18 341 18 7
18 368 32 6
18 385 27 2
18 400 27 8
18 408 50 8
18 494 9 1
18 570 21 4
19 20 40 10
19 38 9 8
19 39 1 2
19 142 14 1
19 162 36 3
19 186 12 3
19 201 48 6
19 432 50 4
19 462 32 6
19 556 29 2
20 40 9 9
20 41 9 7
20 42 27 10
20 43 5 3
20 44 30 2
20 262 28 10
20 284 14 4
20 325 8 5
20 365 19 6
20 400 41 3
20 556 28 3
45 46 40 4
45 47 37 10
45 48 49 8
45 49 11 6
45 50 21 2
45 51 36 5
45 52 29 2
45 53 7 7
45 54 41 5
45 55 2 7
45 56 34 1
45 57 41 6
45 58 9 7
45 59 33 1
45 60 45 8
45 142 21 7
45 162 9 8
45 385 41 4
45 534 25 6
45 555 5 10
46 47 50 10
46 48 5 4
46 49 23 9
46 50 4 3
46 51 7 7
46 52 34 7
46 53 14 3
46 61 42 5
46 62 38 9
46 223 23 1
47 48 7 5
47 49 11 10
47 50 9 7
47 51 3 6
47 52 11 3
47 53 25 10
47 63 6 8
47 64 25 2
47 65 4 9
47 66 17 8
47 260 4 3
47 282 36 3
47 367 27 6
47 462 31 5
48 49 8 6
48 50 28 9
48 51 11 10
48 52 31 4
48 53 2 2
48 67 34 10
48 68 7 7
48 69 2 4
48 70 14 7
48 185 11 5
48 307 1 6
48 341 23 6
48 367 37 9
48 571 21 10
48 580 31 2
49 50 9 7
49 51 19 10
49 52 31 6
49 53 4 6
49 71 4 7
49 122 48 5
49 140 13 10
49 211 34 1
49 283 16 1
49 400 38 2
49 405 25 1
49 430 1 4
49 515 48 10
49 530 4 2
50 51 35 7
50 52 38 1
50 53 18 9
50 72 45 7
50 73 31 9
50 74 48 5
50 75 10 4
50 76 8 1
50 90 37 7
50 121 37 1
50 187 45 9
50 200 46 8
50 240 27 5
50 260 6 1
50 308 36 9
50 462 46 8
50 555 22 4
50 583 9 1
51 52 2 1
51 53 45 4
51 77 29 4
51 78 41 4
51 79 19 2
51 80 39 4
51 200 27 5
51 211 5 8
51 220 32 8
51 241 50 10
51 326 47 7
51 400 25 3
51 517 32 8
51 571 36 6
52 53 9 10
52 81 39 7
52 82 4 7
52 83 24 8
52 84 32 7
52 91 49 3
52 409 25 6
52 434 24 10
52 493 27 4
53 85 36 3
53 86 31 2
53 87 18 1
53 88 15 1
53 89 10 1
53 163 30 2
53 325 6 6
53 343 22 8
53 386 40 4
53 493 5 9
90 91 21 8
90 92 41 4
90 93 45 5
90 94 16 6
90 95 24 7
90 96 32 6
90 97 10 2
90 98 37 5
90 99 43 1
90 100 9 2
90 101 7 7
90 102 48 10
90 123 42 4
90 141 18 8
90 185 37 7
90 201 22 10
90 211 23 5
90 326 22 3
90 367 43 4
90 386 12 7
90 515 37 7
91 92 18 9
91 93 17 9
91 94 2 3
91 95 25 4
91 103 44 1
91 104 50 2
91 105 46 9
91 106 27 5
91 107 17 10
91 163 13 4
91 283 42 8
91 325 34 2
91 433 3 4
91 532 11 6
91 580 50 10
92 93 5 7
92 94 19 8
92 95 39 2
92 108 41 1
92 163 1 10
92 211 23 7
92 308 18 6
92 366 22 8
92 461 10 3
92 557 14 1
92 571 34 5
93 94 16 5
93 95 28 8
93 109 32 3
93 110 41 6
93 111 49 10
93 112 50 4
93 122 49 5
93 201 25 10
93 262 20 10
93 281 41 6
93 307 5 5
93 387 4 1
93 409 5 3
93 462 20 5
94 95 35 8
94 113 22 8
94 114 7 1
94 115 1 2
94 116 42 2
94 143 25 3
94 221 38 8
94 222 28 8
94 241 12 6
94 243 34 6
94 400 38 1
94 490 38 4
94 493 33 3
94 516 26 7
94 580 30 7
95 117 27 5
95 118 1 3
95 119 14 10
95 261 36 8
95 340 6 9
95 341 26 6
95 400 30 8
95 409 5 7
95 431 28 7
95 557 27 1
95 570 14 2
120 121 4 6
120 122 32 5
120 123 24 2
120 124 10 4
120 125 11 1
120 126 12 9
120 127 11 3
120 128 18 6
120 141 12 1
120 201 40 5
120 260 42 1
120 280 16 3
120 325 10 10
120 340 44 10
120 366 37 9
120 387 16 5
120 465 13 1
120 490 35 8
120 493 37 7
120 570 13 7
120 580 23 1
121 122 11 6
121 123 20 5
121 129 1 3
121 130 27 9
121 131 12 3
121 132 36 10
121 133 50 5
121 134 7 6
121 143 50 4
121 163 21 9
121 187 35 3
121 200 3 3
121 365 9 7
121 400 50 7
121 515 48 1
121 532 23 2
122 123 9 1
122 135 9 2
122 136 30 4
122 160 46 5
122 185 44 7
122 262 49 3
122 283 20 9
122 307 15 8
122 326 21 7
122 342 13 1
122 387 8 4
122 400 45 3
122 408 48 1
122 435 27 3
122 460 26 6
122 515 25 10
122 555 4 2
122 556 33 6
122 570 20 10
122 581 19 8
123 137 24 3
123 138 38 1
123 139 40 10
123 210 19 9
123 220 48 1
123 223 48 6
123 241 24 3
123 243 3 8
123 306 20 1
123 434 32 9
123 471 6 8
123 533 17 5
140 141 31 3
140 142 32 3
140 143 26 2
140 144 5 9
140 145 14 5
140 146 2 9
140 147 25 10
140 223 33 2
140 240 28 8
140 241 3 4
140 326 22 7
140 344 9 2
140 385 10 5
140 407 13 1
140 409 8 5
140 557 4 4
140 571 30 1
141 142 30 10
141 143 37 1
141 148 5 6
141 162 18 1
141 164 38 9
141 186 10 1
141 223 8 2
141 262 36 8
141 306 28 9
141 325 32 2
141 341 36 7
141 366 10 2
141 386 29 8
141 434 43 1
141 461 48 2
141 515 7 1
141 516 2 8
141 582 19 2
142 143 45 9
142 149 10 9
142 150 4 4
142 151 25 1
142 152 25 2
142 153 28 6
142 154 5 9
142 200 29 4
142 210 46 4
142 211 1 4
142 260 27 9
142 282 23 5
142 308 43 10
142 492 26 5
142 531 37 2
142 534 28 5
142 557 38 7
143 155 39 4
143 156 27 4
143 157 29 7
143 158 14 8
143 159 45 7
143 185 24 9
143 201 45 4
143 282 45 10
143 367 15 1
143 400 14 8
143 434 43 8
143 460 41 1
143 490 19 2
143 580 25 8
160 161 30 2
160 162 31 1
160 163 46 6
160 164 6 10
160 165 34 3
160 166 24 5
160 220 47 9
160 242 4 6
160 280 42 4
160 282 38 1
160 306 12 4
160 325 10 7
160 460 6 5
160 492 42 1
160 533 28 3
161 162 37 1
161 163 49 4
161 164 31 9
161 167 49 10
161 168 43 6
161 169 28 1
161 263 31 6
161 386 50 8
161 400 28 1
161 405 26 8
161 516 9 8
161 531 6 1
161 570 50 3
162 163 48 7
162 164 39 9
162 170 5 7
162 171 10 8
162 172 22 10
162 173 3 4
162 174 50 10
162 175 10 7
162 176 12 6
162 177 47 2
162 187 43 7
162 211 21 10
162 220 10 3
162 241 50 4
162 340 17 3
162 400 28 7
162 408 6 7
162 430 40 4
162 571 17 8
162 580 21 5
162 581 27 3
163 164 16 9
163 178 7 1
163 179 33 4
163 180 49 4
163 200 1 10
163 211 11 1
163 261 26 9
163 307 18 8
163 326 39 8
163 431 21 1
163 517 46 2
163 556 13 3
164 181 42 2
164 182 6 8
164 183 20 7
164 184 12 10
164 187 20 5
164 200 28 5
164 340 41 10
164 367 14 7
164 368 40 4
164 387 18 8
164 462 11 2
164 494 37 7
164 555 26 5
185 186 19 9
185 187 34 4
185 188 45 1
185 189 31 6
185 190 38 1
185 191 40 4
185 192 18 7
185 193 4 2
185 194 36 2
185 195 9 1
185 210 42 8
185 223 29 7
185 261 6 9
185 282 3 8
185 327 9 6
185 400 9 5
185 407 13 2
185 463 35 1
185 492 44 2
185 515 2 1
185 516 46 4
185 557 13 6
185 570 3 8
186 187 4 2
186 196 20 9
186 197 5 4
186 198 36 1
186 211 26 6
186 241 45 7
186 263 39 1
186 342 28 4
186 365 40 3
186 386 30 10
186 387 37 6
186 435 35 4
186 462 13 5
186 530 43 2
186 531 49 3
186 555 1 6
187 199 20 9
187 200 15 1
187 201 39 4
187 220 8 2
187 240 35 6
187 283 33 5
187 305 28 7
187 306 12 5
187 344 26 8
187 366 44 8
187 400 43 5
187 409 42 1
187 432 45 10
187 493 16 5
187 571 27 10
187 580 24 5
187 581 44 4
200 201 35 7
200 202 4 7
200 203 28 5
200 204 24 4
200 211 42 5
200 220 40 9
200 241 33 1
200 242 44 2
200 308 23 2
200 327 39 10
200 342 15 8
200 344 45 7
200 368 15 4
200 385 36 9
200 387 35 5
200 400 4 10
200 430 12 10
200 461 47 7
200 493 40 8
200 516 17 7
200 557 4 10
200 570 15 5
200 571 11 10
200 583 47 1
201 205 23 7
201 206 9 9
201 207 2 4
201 208 45 1
201 209 32 10
201 211 34 2
201 220 10 7
201 263 35 7
201 281 17 10
201 282 12 8
201 308 19 8
201 327 19 7
201 366 23 9
201 405 10 10
201 407 32 1
201 434 39 10
201 464 33 9
201 490 21 4
201 515 11 1
201 531 38 7
201 533 44 9
201 555 16 5
201 583 47 7
210 211 3 10
210 212 27 10
210 213 43 7
210 214 36 5
210 215 46 3
210 223 32 9
210 262 27 6
210 282 39 10
210 327 10 6
210 367 44 1
210 386 1 1
210 387 24 6
210 400 42 3
210 407 13 2
210 460 14 6
210 461 48 3
210 494 18 5
210 516 12 4
210 555 12 2
210 570 16 8
210 580 7 2
211 216 38 8
211 217 42 4
211 218 6 5
211 219 3 6
211 220 37 7
211 243 25 8
211 261 7 1
211 280 39 5
211 308 7 3
211 340 22 2
211 367 46 5
211 405 17 5
211 431 27 6
211 433 21 4
211 492 7 9
211 515 50 9
211 533 4 5
211 534 43 3
211 557 28 8
211 570 23 7
211 583 48 9
220 221 25 10
220 222 10 5
220 223 19 9
220 224 14 7
220 225 27 1
220 226 42 5
220 227 22 6
220 228 17 4
220 229 37 8
220 230 47 7
220 231 28 9
220 325 20 6
220 341 50 6
220 405 30 5
220 433 6 3
220 515 6 8
220 533 29 4
220 583 12 2
221 222 24 10
221 223 1 1
221 232 15 7
221 233 5 5
221 283 34 4
221 308 9 7
221 326 20 10
221 344 36 1
221 387 33 2
221 460 17 1
221 465 13 9
221 557 19 7
221 570 15 8
221 580 23 1
222 223 16 10
222 234 19 5
222 262 33 9
222 305 18 1
222 367 40 1
222 368 18 1
222 386 37 9
222 400 44 9
222 434 20 1
222 492 6 8
222 516 21 5
222 556 23 2
222 570 37 3
223 235 21 10
223 236 10 2
223 237 31 10
223 238 7 5
223 239 14 3
223 240 11 5
223 242 29 2
223 262 35 7
223 284 34 3
223 400 31 2
223 406 44 9
223 493 9 2
223 530 23 7
240 241 34 4
240 242 23 8
240 243 46 8
240 244 1 2
240 245 14 3
240 246 13 1
240 247 41 1
240 366 28 3
240 400 17 10
240 460 42 7
240 490 7 10
240 494 36 9
240 555 34 7
240 571 26 3
241 242 3 3
241 243 41 6
241 248 18 9
241 283 48 4
241 325 26 1
241 341 23 10
241 342 46 7
241 387 44 4
241 405 27 2
241 555 33 4
241 581 24 4
241 583 8 5
242 243 35 5
242 249 5 5
242 250 1 9
242 251 16 10
242 252 42 2
242 260 7 7
242 263 24 4
242 307 15 8
242 432 16 1
242 433 45 8
242 464 22 6
242 515 8 10
242 532 23 6
242 534 2 2
243 253 23 8
243 254 4 8
243 255 24 2
243 256 31 1
243 257 29 9
243 258 3 9
243 259 19 3
243 281 18 2
243 306 25 5
243 325 13 1
243 385 45 5
243 406 10 7
243 516 22 9
243 571 31 1
260 261 4 2
260 262 9 1
260 263 35 1
260 264 17 2
260 265 14 6
260 266 9 3
260 267 13 5
260 268 49 1
260 306 22 4
260 400 41 10
260 433 13 7
260 465 35 8
260 494 35 4
260 530 25 7
260 580 14 1
261 262 5 10
261 263 12 5
261 269 4 5
261 270 49 9
261 344 50 9
261 366 41 10
261 385 21 8
261 409 43 10
261 432 29 6
261 460 16 10
261 557 36 9
262 263 42 7
262 271 4 8
262 272 38 3
262 273 7 7
262 280 15 3
262 283 35 6
262 306 8 9
262 326 45 2
262 341 2 3
262 515 12 6
262 581 31 1
263 274 49 3
263 275 31 9
263 276 34 7
263 277 5 5
263 278 4 2
263 279 5 9
263 400 23 5
263 409 46 7
263 493 35 8
263 515 4 9
263 532 22 2
263 557 35 1
263 570 14 4
263 571 10 2
280 281 10 9
280 282 6 7
280 283 2 6
280 284 47 4
280 285 31 5
280 286 10 6
280 287 28 3
280 288 4 8
280 307 19 1
280 325 20 4
280 386 12 4
280 387 31 5
280 435 32 2
280 493 2 4
280 555 35 8
280 571 44 1
281 282 41 4
281 283 47 8
281 284 13 8
281 289 30 8
281 290 6 4
281 291 5 9
281 292 15 10
281 293 41 1
281 294 38 7
281 295 18 1
281 307 13 2
281 325 32 4
281 340 42 1
281 367 29 7
281 400 40 10
281 408 2 10
281 431 20 7
281 492 2 5
281 516 25 5
281 555 7 5
281 571 3 7
281 580 50 2
282 283 46 5
282 284 45 9
282 296 33 8
282 343 28 3
282 366 35 8
282 463 18 3
282 583 8 5
283 284 4 1
283 297 48 2
283 298 41 2
283 299 11 1
283 300 40 2
283 400 41 9
283 465 13 9
284 301 19 5
284 302 7 9
284 303 43 7
284 304 9 2
284 406 44 3
284 516 49 5
284 531 48 8
284 533 43 3
305 306 37 4
305 307 6 1
305 308 29 5
305 309 23 9
305 310 24 6
305 311 46 10
305 312 46 9
305 313 23 8
305 326 2 2
305 327 24 2
305 344 35 3
305 366 27 5
305 387 32 9
305 462 40 7
305 517 50 3
305 571 3 3
306 307 40 2
306 308 2 4
306 314 22 7
306 315 8 3
306 316 8 10
306 317 31 5
306 318 16 5
306 319 38 4
306 320 17 8
306 368 20 6
306 386 24 1
306 400 9 8
306 406 14 8
306 430 22 1
306 532 34 3
306 557 11 6
307 308 23 6
307 321 13 9
307 322 42 3
307 323 48 9
307 490 2 8
307 557 38 5
308 324 46 4
308 340 41 8
308 407 15 3
308 431 18 4
308 461 10 4
308 493 43 9
308 530 30 1
308 570 44 9
308 580 3 8
308 581 18 10
325 326 8 4
325 327 39 10
325 328 33 10
325 329 42 5
325 330 9 5
325 331 23 8
325 342 28 5
325 365 26 10
325 366 4 1
325 400 8 7
325 408 27 7
325 463 23 3
325 465 10 8
325 493 6 9
325 494 35 10
325 517 17 8
325 531 3 7
325 580 23 8
326 327 24 5
326 332 40 5
326 333 50 5
326 334 33 7
326 385 34 2
326 430 20 3
326 431 21 8
326 517 5 2
326 532 4 8
326 556 36 1
326 557 10 4
326 571 19 4
327 335 22 7
327 336 44 9
327 337 26 10
327 338 13 1
327 339 19 6
327 341 38 6
327 385 50 10
327 400 13 8
327 407 45 10
327 570 4 3
327 583 16 4
340 341 4 3
340 342 7 7
340 343 1 6
340 344 35 5
340 345 5 8
340 346 49 9
340 367 43 10
340 386 32 4
340 400 38 5
340 435 22 1
341 342 5 4
341 343 9 6
341 344 29 2
341 347 20 5
341 348 35 5
341 349 33 9
341 432 30 4
341 556 11 10
341 557 37 3
342 343 44 1
342 344 38 4
342 350 3 5
342 351 50 5
342 352 38 5
342 409 38 4
342 491 7 1
342 517 44 4
342 570 23 8
342 571 5 9
343 344 47 9
343 353 3 3
343 354 16 10
343 355 37 6
343 356 16 6
343 357 47 1
343 358 29 5
343 385 23 2
343 400 37 10
343 409 34 2
343 530 15 7
344 359 17 10
344 360 24 3
344 361 30 4
344 362 24 1
344 363 48 5
344 364 48 2
344 366 10 10
344 463 5 2
344 465 22 5
344 491 2 8
344 516 19 2
344 582 32 9
344 583 44 7
365 366 22 4
365 367 27 5
365 368 17 8
365 369 42 2
365 370 21 10
365 371 32 5
365 372 18 3
365 387 10 9
365 406 9 3
365 494 35 2
365 515 8 6
365 516 48 5
365 531 43 3
365 556 42 9
365 557 2 4
365 581 22 1
366 367 5 1
366 368 38 10
366 373 2 8
366 374 43 6
366 375 3 4
366 376 10 3
366 377 2 8
366 378 5 5
366 433 10 4
366 465 49 4
366 531 35 8
366 571 34 3
367 368 50 8
367 379 28 8
367 380 33 2
367 400 50 10
367 431 21 7
367 583 40 6
368 381 34 5
368 382 38 10
368 383 35 3
368 384 3 8
368 386 2 2
368 400 9 1
368 406 26 9
368 460 34 4
368 493 13 1
368 571 48 8
385 386 21 3
385 387 47 9
385 388 35 3
385 389 15 8
385 390 34 9
385 391 11 9
385 392 22 10
385 393 2 4
385 405 5 3
385 490 40 5
385 555 47 8
385 581 18 4
386 387 6 10
386 394 27 6
386 395 5 3
386 396 8 10
386 400 19 2
386 408 32 10
386 465 29 6
386 492 23 2
386 515 16 1
386 533 32 4
386 557 29 9
386 570 3 1
386 571 33 7
387 397 25 3
387 398 15 3
387 399 23 9
387 400 32 6
387 431 5 6
387 465 49 2
387 516 27 10
387 530 38 10
387 583 25 3
400 401 28 3
400 402 19 9
400 403 12 7
400 404 9 7
400 406 21 8
400 409 37 2
400 434 40 8
400 435 45 8
400 461 2 1
400 462 38 10
400 490 18 10
400 491 44 1
400 516 3 9
400 517 30 6
400 531 22 6
400 534 36 3
400 557 13 5
400 570 16 4
400 582 38 5
405 406 40 3
405 407 48 9
405 408 23 3
405 409 32 1
405 410 21 10
405 411 41 4
405 412 50 10
405 413 9 2
405 414 24 6
405 415 27 10
405 533 14 6
405 571 42 5
405 582 6 8
406 407 36 3
406 408 14 8
406 409 7 2
406 416 32 4
406 417 17 5
406 418 12 8
406 419 21 2
406 420 18 3
406 431 10 8
406 462 33 4
406 534 13 8
406 555 44 1
407 408 36 6
407 409 24 4
407 421 35 2
407 422 45 3
407 423 6 1
407 435 25 1
408 409 9 8
408 424 35 10
408 425 42 2
408 426 12 3
408 427 27 6
408 428 33 8
408 461 7 2
408 493 37 10
408 494 2 6
408 571 22 10
409 429 46 4
409 515 36 8
409 580 31 4
430 431 28 7
430 432 17 2
430 433 50 6
430 434 40 10
430 435 12 6
430 436 37 3
430 437 20 2
430 438 49 8
430 439 35 9
430 462 8 7
430 492 22 6
430 516 9 8
431 432 4 2
431 433 8 4
431 434 6 3
431 435 8 10
431 440 29 5
431 441 39 5
431 463 47 5
431 556 23 7
431 570 1 3
431 580 50 9
432 433 43 8
432 434 37 5
432 435 15 2
432 442 8 7
432 443 29 9
432 444 50 1
432 445 39 8
432 446 6 9
432 555 40 8
433 434 7 9
433 435 50 7
433 447 6 5
433 448 27 10
433 449 43 2
433 533 12 6
434 435 22 4
434 450 18 8
434 451 45 2
434 452 43 10
434 453 14 8
434 454 7 6
434 494 37 9
434 517 50 1
434 581 43 4
435 455 21 6
435 456 39 4
435 457 28 7
435 458 10 3
435 459 29 9
435 532 47 7
460 461 29 1
460 462 33 10
460 463 1 7
460 464 24 5
460 465 43 7
460 466 47 1
460 556 7 6
460 557 23 10
461 462 2 6
461 463 18 4
461 464 30 7
461 465 8 9
461 467 21 6
461 516 48 9
462 463 14 9
462 464 46 10
462 465 44 1
462 468 42 2
462 469 23 9
462 470 5 2
462 471 35 1
462 472 48 7
462 473 29 10
462 474 3 6
462 475 15 7
462 476 41 6
462 490 39 7
462 570 11 10
463 464 45 5
463 465 32 2
463 477 43 6
463 478 31 4
463 479 25 8
463 480 44 5
463 481 24 3
464 465 43 5
464 482 42 5
464 483 41 10
464 484 38 7
464 485 37 1
464 486 11 8
464 487 6 7
464 492 18 10
464 570 24 10
464 583 30 5
465 488 28 10
465 489 22 1
465 517 10 10
465 533 35 4
465 583 33 4
490 491 2 3
490 492 50 10
490 493 14 4
490 494 24 4
490 495 15 8
490 496 10 7
490 497 29 3
490 498 22 2
490 531 39 10
490 580 31 10
491 492 10 1
491 493 24 3
491 494 28 6
491 499 23 7
491 500 21 3
491 501 26 4
491 502 19 4
491 503 27 9
491 571 5 10
492 493 12 1
492 494 25 5
492 504 46 4
492 505 2 3
492 506 31 5
492 582 21 3
493 494 34 7
493 507 40 3
493 556 2 6
494 508 30 10
494 509 18 3
494 510 3 4
494 511 50 8
494 512 19 1
494 513 44 8
494 514 37 2
494 516 17 4
494 517 23 3
494 532 25 10
494 555 47 6
494 570 26 5
515 516 24 8
515 517 2 1
515 518 45 10
515 519 27 10
515 520 25 8
515 556 21 1
515 570 35 7
515 580 19 4
516 517 33 6
516 521 39 9
516 522 43 6
516 523 15 3
516 524 28 8
516 525 50 7
516 526 48 8
516 527 36 8
516 532 2 4
516 570 18 1
516 581 22 1
517 528 11 6
517 529 22 7
517 555 1 1
530 531 11 10
530 532 15 5
530 533 14 8
530 534 7 10
530 535 31 2
530 536 43 6
530 537 16 7
530 538 46 7
530 557 16 6
531 532 13 10
531 533 14 3
531 534 35 8
531 539 19 7
531 540 35 9
531 541 32 7
531 542 23 9
531 556 10 5
532 533 11 10
532 534 20 3
532 543 32 10
532 544 31 5
533 534 30 9
533 545 2 4
533 546 23 5
533 547 6 8
533 548 12 4
533 549 10 3
533 550 14 4
533 551 33 6
533 552 26 5
533 570 44 9
534 553 16 8
534 554 11 3
534 581 16 6
534 582 49 3
555 556 14 10
555 557 38 8
555 558 19 7
555 559 24 1
555 582 3 4
556 557 8 9
556 560 6 5
556 561 31 9
556 562 29 7
556 563 31 3
556 564 49 4
556 565 21 5
556 571 19 1
556 582 24 3
557 566 6 9
557 567 50 7
557 568 40 3
557 569 5 8
557 571 13 6
570 571 43 10
570 572 16 4
570 573 16 9
570 574 30 5
570 575 20 8
570 580 34 9
571 576 38 9
571 577 19 1
571 578 4 8
571 579 38 8
571 581 1 10
574 498 18 5
580 581 9 8
580 582 11 3
580 583 25 10
580 584 6 9
580 585 12 5
580 586 35 3
580 587 19 2
580 588 39 10
581 460 49 8
581 582 29 8
581 583 48 10
581 589 47 10
581 590 18 7
581 591 15 1
582 583 23 10
582 592 44 6
582 593 38 6
583 594 43 9
583 595 31 1
583 596 14 6
583 597 6 10
583 598 2 4
583 599 1 8

0 417 6
1 22 3
2 508 20
3 104 21
4 76 6
5 169 18
6 252 23
7 9 15
8 505 1
9 318 10
10 147 18
11 255 5
12 487 5
13 23 11
14 372 12
15 404 5
16 319 18
17 378 4
18 269 2
19 102 12
20 354 4
21 157 20
22 302 2
23 364 20
24 273 5
25 576 16
26 477 13
27 259 8
28 559 12
29 60 30
30 391 7
31 548 7
32 299 4
33 179 13
34 374 17
35 37 12
36 204 16
37 414 10
38 112 18
39 595 8
40 119 9
41 446 2
42 511 35
43 543 8
44 167 20
45 12 21
46 14 33
47 473 9
48 335 13
49 286 5
50 197 3
51 257 7
52 309 15
53 593 22
54 172 8
55 29 10
56 474 1
57 215 11
58 277 2
59 133 18
60 448 15
61 573 6
62 348 11
63 285 17
64 481 15
65 507 12
66 191 28
67 380 11
68 81 27
69 513 30
70 224 5
71 117 8
72 99 14
73 398 9
74 413 5
75 350 3
76 564 12
77 75 3
78 85 16
79 558 13
80 346 15
81 66 8
82 228 11
83 347 11
84 373 2
85 244 1
86 377 1
87 297 17
88 82 3
89 268 30
90 546 14
91 402 14
92 64 18
93 127 4
94 323 18
95 496 6
96 529 10
97 300 9
98 103 18
99 199 10
100 514 24
101 330 5
102 13 6
103 35 20
104 295 10
105 71 2
106 443 20
107 193 2
108 184 8
109 258 2
110 568 28
111 355 9
112 388 24
113 468 29
114 31 5
115 312 13
116 311 27
117 152 12
118 108 15
119 165 20
120 245 4
121 34 2
122 452 29
123 597 4
124 411 10
125 429 11
126 324 24
127 229 22
128 436 9
129 317 15
130 294 8
131 145 10
132 359 5
133 334 23
134 499 13
135 440 15
136 192 9
137 512 7
138 154 2
139 202 1
140 175 6
141 579 16
142 563 8
143 267 3
144 301 11
145 239 4
146 589 20
147 304 5
148 2 6
149 475 10
150 471 28
151 415 12
152 497 16
153 358 20
154 572 10
155 219 2
156 236 5
157 206 3
158 394 14
159 527 21
160 231 15
161 97 5
162 98 24
163 292 10
164 59 12
165 110 19
166 218 3
167 61 28
168 384 2
169 521 9
170 528 5
171 10 13
172 403 4
173 449 21
174 230 33
175 482 20
176 126 4
177 114 4
178 149 6
179 322 11
180 565 15
181 166 17
182 33 25
183 383 12
184 293 19
185 336 24
186 416 16
187 182 3
188 315 5
189 100 3
190 370 5
191 144 2
192 447 3
193 279 2
194 287 13
195 472 16
196 310 17
197 227 13
198 118 1
199 410 10
200 455 7
201 80 26
202 560 4
203 41 6
204 561 21
205 195 5
206 86 14
207 69 1
208 369 16
209 457 19
210 357 33
211 226 13
212 128 9
213 314 8
214 264 6
215 4 10
216 525 20
217 272 13
218 87 8
219 412 30
220 586 15
221 328 21
222 486 5
223 313 16
224 337 7
225 485 14
226 198 11
227 67 13
228 135 5
229 598 2
230 124 6
231 504 15
232 274 20
233 291 3
234 233 4
235 356 4
236 381 20
237 483 25
238 480 21
239 484 8
