600 1552 240

0 25 200
1 50 500
2 100 1200
3 150 2800
4 200 4500
5 250 7000

0 1500
1 1000
2 2000
3 1000
4 1000
5 1500
6 1500
7 1500
8 2000
9 1000
10 1000
11 2000
12 1000
13 1000
14 2000
15 1000
16 1000
17 1000
18 2000
19 1000
20 1500
21 1500
22 1500
23 1500
24 2000
25 1000
26 2000
27 1000
28 1000
29 1000
30 2000
31 1000
32 1000
33 2000
34 2000
35 1000
36 2000
37 2000
38 2000
39 1000
40 1500
41 1500
42 1500
43 1500
44 1500
45 1500
46 1000
47 2000
48 1000
49 2000
50 2000
51 1000
52 1000
53 2000
54 2000
55 2000
56 2000
57 1000
58 2000
59 2000
60 2000
61 2000
62 2000
63 1000
64 1000
65 2000
66 1000
67 1000
68 2000
69 1000
70 1500
71 1500
72 1500
73 1500
74 2000
75 1000
76 2000
77 1000
78 1000
79 2000
80 2000
81 1000
82 2000
83 2000
84 2000
85 1000
86 1000
87 2000
88 2000
89 1000
90 1500
91 1500
92 1500
93 1000
94 2000
95 1000
96 2000
97 2000
98 1000
99 2000
100 2000
101 2000
102 1000
103 2000
104 1000
105 1000
106 1000
107 2000
108 500
109 500
110 1500
111 1500
112 1500
113 2000
114 1000
115 1000
116 1000
117 1000
118 1000
119 1000
120 2000
121 2000
122 2000
123 1000
124 1000
125 1500
126 1500
127 1500
128 1500
129 2000
130 1000
131 1000
132 2000
133 2000
134 2000
135 2000
136 1000
137 1000
138 2000
139 2000
140 2000
141 1000
142 2000
143 2000
144 2000
145 1500
146 1500
147 1500
148 2000
149 2000
150 1000
151 1000
152 2000
153 2000
154 2000
155 1000
156 2000
157 2000
158 1000
159 1000
160 1500
161 1500
162 1500
163 1000
164 1500
165 1000
166 2000
167 1000
168 1000
169 2000
170 2000
171 1000
172 2000
173 1000
174 1000
175 2000
176 2000
177 1000
178 2000
179 2000
180 1000
181 500
182 2000
183 1000
184 2000
185 1000
186 1500
187 1000
188 500
189 2000
190 1000
191 1000
192 1000
193 1000
194 2000
195 2000
196 500
197 500
198 500
199 500
200 1500
201 1500
202 1500
203 1500
204 1000
205 1000
206 1000
207 2000
208 2000
209 2000
210 2000
211 2000
212 2000
213 1000
214 2000
215 1000
216 1000
217 1000
218 2000
219 2000
220 1000
221 2000
222 1000
223 1000
224 500
225 1500
226 2000
227 2000
228 2000
229 2000
230 1500
231 1500
232 1500
233 1500
234 1500
235 1500
236 1500
237 1500
238 1000
239 1500
240 1500
241 1000
242 1000
243 2000
244 1000
245 2000
246 1000
247 1000
248 1000
249 1000
250 1000
251 1000
252 2000
253 2000
254 2000
255 2000
256 1000
257 1000
258 1000
259 2000
260 1000
261 2000
262 1000
263 2000
264 1000
265 2000
266 1000
267 2000
268 2000
269 1000
270 2000
271 2000
272 2000
273 1000
274 1000
275 1000
276 2000
277 2000
278 500
279 2000
280 1000
281 1000
282 2000
283 1000
284 2000
285 1500
286 1500
287 1500
288 1500
289 1500
290 1500
291 1000
292 1000
293 1000
294 1000
295 1000
296 2000
297 2000
298 1000
299 2000
300 1000
301 2000
302 1000
303 2000
304 1000
305 1000
306 2000
307 2000
308 2000
309 1000
310 2000
311 2000
312 2000
313 2000
314 1000
315 2000
316 2000
317 2000
318 2000
319 2000
320 1000
321 2000
322 1000
323 1000
324 1000
325 500
326 500
327 500
328 500
329 500
330 1500
331 1500
332 2000
333 1000
334 1000
335 1000
336 2000
337 2000
338 1000
339 2000
340 1500
341 1500
342 1500
343 1500
344 1500
345 1500
346 1500
347 1500
348 1500
349 1000
350 2000
351 2000
352 2000
353 2000
354 2000
355 1000
356 2000
357 1000
358 2000
359 1000
360 2000
361 1000
362 1000
363 2000
364 1000
365 2000
366 1000
367 2000
368 1000
369 1000
370 2000
371 1000
372 2000
373 2000
374 2000
375 2000
376 1000
377 1000
378 2000
379 2000
380 1000
381 2000
382 1000
383 2000
384 2000
385 1500
386 1000
387 1500
388 1500
389 1500
390 1000
391 1000
392 2000
393 2000
394 1000
395 1000
396 500
397 1000
398 2000
399 1000
400 1000
401 2000
402 2000
403 1000
404 2000
405 2000
406 1000
407 2000
408 2000
409 1000
410 1500
411 1500
412 1500
413 2000
414 2000
415 1000
416 1000
417 1000
418 2000
419 1000
420 1000
421 1000
422 1000
423 2000
424 2000
425 1000
426 1500
427 1500
428 1500
429 1500
430 500
431 500
432 2000
433 1000
434 2000
435 1000
436 2000
437 1000
438 2000
439 1000
440 2000
441 1000
442 1000
443 1000
444 2000
445 1000
446 2000
447 1000
448 1000
449 2000
450 1500
451 2000
452 2000
453 1000
454 1000
455 1500
456 1500
457 1500
458 1000
459 1500
460 1500
461 1000
462 1000
463 2000
464 1000
465 1000
466 1000
467 2000
468 2000
469 2000
470 1000
471 2000
472 1000
473 1000
474 2000
475 2000
476 2000
477 500
478 500
479 2000
480 2000
481 2000
482 2000
483 2000
484 2000
485 1500
486 1000
487 2000
488 2000
489 2000
490 1500
491 1500
492 1500
493 1000
494 2000
495 1000
496 2000
497 1000
498 1000
499 2000
500 1000
501 2000
502 2000
503 2000
504 1000
505 1500
506 1500
507 1000
508 1000
509 1000
510 2000
511 2000
512 1000
513 2000
514 1000
515 1000
516 500
517 500
518 500
519 500
520 1500
521 1500
522 1500
523 1500
524 2000
525 2000
526 2000
527 1000
528 2000
529 2000
530 2000
531 1000
532 2000
533 2000
534 1000
535 1000
536 1000
537 1000
538 1000
539 2000
540 1000
541 500
542 500
543 500
544 500
545 1500
546 1500
547 1500
548 1500
549 1500
550 1000
551 1000
552 1000
553 2000
554 1000
555 2000
556 1000
557 2000
558 1000
559 2000
560 2000
561 2000
562 2000
563 1000
564 2000
565 2000
566 2000
567 1000
568 2000
569 2000
570 1500
571 1500
572 1500
573 2000
574 2000
575 1500
576 2000
577 2000
578 1000
579 1000
580 2000
581 1000
582 1000
583 2000
584 1000
585 1500
586 1500
587 1500
588 1000
589 1000
590 1000
591 2000
592 2000
593 2000
594 1000
595 1000
596 2000
597 2000
598 2000
599 2000

0 1 50 8
0 2 36 8
0 3 6 9
0 4 16 7
0 6 46 9
0 7 13 1
0 21 38 2
0 23 14 2
0 40 44 2
0 41 8 6
0 70 22 1
0 71 22 3
0 90 4 3
0 110 37 6
0 112 5 5
0 125 45 2
0 126 13 6
0 145 25 7
0 147 15 9
0 160 21 6
0 163 20 8
0 186 40 8
0 187 11 1
0 202 21 5
0 225 31 5
0 230 47 3
0 236 20 9
0 285 39 4
0 287 47 5
0 330 9 8
0 331 6 6
0 342 32 7
0 347 10 5
0 386 27 2
0 410 20 9
0 412 26 10
0 426 34 2
0 429 27 6
0 450 13 6
0 457 41 8
0 458 3 2
0 485 41 5
0 490 50 6
0 492 48 2
0 506 32 2
0 507 6 2
0 521 22 10
0 523 13 6
0 540 45 6
0 546 20 2
0 547 3 1
0 572 7 1
0 585 41 10
0 587 9 2
5 6 18 3
5 7 47 7
5 8 50 5
5 9 30 5
5 10 22 8
5 11 9 2
5 12 47 3
5 90 27 4
5 147 8 9
5 160 42 9
5 161 23 1
5 202 11 3
5 230 19 8
5 285 6 4
5 456 23 8
5 485 24 6
5 491 42 5
5 505 38 3
5 521 6 6
5 522 34 3
5 540 17 3
5 546 33 8
5 571 36 2
5 586 6 3
6 7 41 7
6 13 4 3
6 14 12 9
6 15 35 2
6 16 16 1
6 17 7 6
6 22 23 4
6 43 6 10
6 45 25 9
6 70 15 4
6 111 9 6
6 125 13 4
6 126 48 4
6 185 47 1
6 186 35 7
6 203 23 2
6 239 48 8
6 330 18 3
6 331 31 9
6 342 20 6
6 410 9 2
6 427 12 2
6 450 26 8
6 459 42 2
6 485 37 4
6 585 3 5
7 18 21 6
7 19 15 8
7 70 4 6
7 92 37 5
7 112 38 3
7 146 42 7
7 225 45 9
7 290 14 4
7 345 6 4
7 385 17 3
7 386 20 8
7 411 46 6
7 427 26 1
7 450 20 2
7 491 39 10
7 506 43 6
7 546 48 10
7 571 13 3
20 21 41 1
20 22 2 6
20 23 21 3
20 24 21 3
20 126 14 2
20 164 15 7
20 388 14 9
20 450 42 10
20 506 34 10
20 540 18 9
20 571 13 1
20 585 19 3
21 22 29 4
21 23 18 10
21 25 31 2
21 26 14 7
21 27 32 1
21 91 34 1
21 145 47 2
21 160 40 3
21 185 39 7
21 200 11 6
21 240 9 3
21 290 21 9
21 345 33 10
21 410 28 1
21 428 43 10
21 457 18 7
21 492 14 6
21 523 46 4
21 546 39 8
21 571 42 4
22 23 4 9
22 28 50 2
22 29 6 8
22 30 16 8
22 31 42 4
22 32 42 8
22 33 10 1
22 34 23 3
22 41 43 3
22 70 1 8
22 71 44 8
22 128 48 4
22 147 11 5
22 225 1 4
22 235 31 2
22 331 26 7
22 344 42 5
22 386 23 3
22 429 44 3
22 460 41 9
22 492 34 10
22 540 35 6
23 35 9 3
23 36 21 3
23 37 17 5
23 38 42 10
23 39 32 1
23 92 45 7
23 110 30 6
23 112 10 2
23 185 31 1
23 203 24 6
23 225 29 4
23 285 22 10
23 412 42 5
23 450 8 9
23 485 37 7
23 546 43 7
23 586 47 7
40 41 14 10
40 42 25 7
40 43 17 2
40 44 35 3
40 45 24 3
40 46 24 8
40 47 42 1
40 48 6 5
40 49 38 1
40 112 2 6
40 145 31 3
40 146 33 5
40 185 28 10
40 330 24 9
40 458 11 4
40 491 1 1
40 545 7 5
40 585 1 8
41 42 5 9
41 43 23 8
41 44 32 8
41 45 27 5
41 50 31 8
41 51 20 2
41 52 35 1
41 53 31 2
41 160 22 3
41 240 49 6
41 285 2 2
41 340 25 7
42 43 15 2
42 44 12 9
42 45 3 10
42 54 9 3
42 55 26 3
42 56 32 4
42 57 13 1
42 58 48 8
42 59 42 10
42 70 14 2
42 91 28 4
42 128 31 4
42 162 26 7
42 187 39 8
42 201 46 7
42 412 32 6
42 427 16 5
42 450 2 7
42 540 20 3
42 547 47 3
43 44 35 6
43 45 47 9
43 60 10 7
43 61 4 9
43 62 40 7
43 63 22 7
43 64 16 3
43 91 23 1
43 285 16 7
43 348 15 2
43 386 41 3
43 387 30 8
43 458 7 6
43 485 29 7
43 507 34 5
44 45 18 10
44 65 28 10
44 66 14 6
44 225 6 9
44 238 44 2
44 450 41 1
44 523 17 3
44 570 32 1
44 585 16 6
45 67 34 2
45 68 23 10
45 69 25 4
45 72 11 9
45 127 40 9
45 203 30 2
45 330 48 3
45 411 24 6
45 427 42 1
45 485 26 1
45 492 7 10
45 505 46 3
45 521 42 9
45 540 42 5
45 572 20 10
70 71 38 2
70 72 28 9
70 73 6 2
70 74 29 10
70 75 37 4
70 76 36 7
70 77 39 2
70 78 12 4
70 79 8 10
70 112 47 4
70 163 41 1
70 187 44 4
70 232 24 5
70 285 24 8
70 288 7 8
70 343 16 9
70 429 5 4
70 457 35 10
70 485 7 6
70 506 1 8
70 540 18 5
70 546 2 9
70 547 16 10
70 586 48 9
71 72 32 4
71 73 41 3
71 80 23 10
71 81 19 5
71 93 1 8
71 147 6 9
71 225 17 4
71 233 15 4
71 389 7 5
71 450 43 9
71 459 47 8
71 485 42 7
71 520 50 1
71 540 50 3
71 571 1 10
72 73 50 7
72 82 28 10
72 83 50 10
72 84 7 7
72 92 13 5
72 126 30 4
72 186 11 8
72 200 7 1
72 330 35 8
72 410 37 9
72 412 31 10
72 492 30 3
72 571 49 2
72 585 29 4
73 85 2 5
73 86 10 6
73 87 31 4
73 88 50 8
73 89 24 5
73 110 48 10
73 128 49 4
73 146 10 7
73 203 1 9
73 331 7 2
73 346 37 10
73 389 42 5
73 425 43 8
73 450 47 1
73 492 9 7
73 506 21 2
73 520 30 9
90 91 4 5
90 92 49 2
90 93 36 9
90 94 16 7
90 95 25 4
90 96 38 4
90 97 41 10
90 98 9 4
90 99 44 10
90 100 35 2
90 101 43 2
90 112 26 5
90 162 30 6
90 186 34 4
90 201 39 1
90 290 19 1
90 412 1 9
90 450 16 5
90 455 45 2
90 505 39 9
90 522 37 3
90 540 12 9
90 571 1 4
90 587 48 9
91 92 21 4
91 93 25 4
91 102 18 1
91 103 26 8
91 128 35 5
91 187 44 1
91 232 47 6
91 287 42 4
91 345 44 9
91 425 33 9
91 490 29 4
91 506 45 4
91 545 38 2
92 93 40 8
92 104 29 10
92 105 26 7
92 106 50 1
92 107 28 8
92 125 7 4
92 225 9 1
92 236 47 10
92 343 19 8
92 385 31 9
92 429 4 5
92 485 40 1
92 490 43 3
92 540 44 6
92 545 40 2
92 571 10 2
93 108 3 8
93 109 20 8
93 112 35 8
93 146 40 5
93 147 2 9
93 160 7 5
93 203 47 5
93 225 44 1
93 331 29 3
93 411 5 1
93 450 32 8
93 458 4 8
93 522 40 10
93 586 12 5
110 111 21 3
110 112 43 5
110 113 46 10
110 114 23 10
110 115 40 3
110 116 17 3
110 117 25 6
110 118 17 6
110 119 46 8
110 126 19 7
110 145 23 8
110 146 8 6
110 160 29 10
110 237 38 10
110 340 20 1
110 412 46 4
110 426 37 2
110 427 30 5
110 540 7 10
110 545 16 6
110 587 14 3
111 112 37 7
111 120 4 7
111 121 41 6
111 160 34 9
111 185 24 1
111 187 32 1
111 200 17 2
111 225 39 7
111 330 50 3
111 346 41 7
111 388 33 3
111 450 20 6
111 485 38 4
111 492 17 9
111 521 21 7
111 546 39 8
111 571 46 1
111 572 38 4
112 122 28 6
112 123 47 2
112 124 50 9
112 204 10 9
112 225 44 6
112 238 3 1
112 285 14 4
112 288 20 6
112 330 36 10
112 389 20 2
112 412 28 7
112 457 16 4
112 458 15 5
112 485 33 2
112 492 2 4
112 506 3 6
112 507 29 4
112 523 15 1
125 126 26 9
125 127 15 6
125 128 32 4
125 129 21 8
125 130 14 10
125 131 49 8
125 132 24 5
125 343 24 8
125 344 26 8
125 410 27 6
125 425 49 5
125 491 47 3
125 521 37 10
125 546 2 6
125 585 25 2
125 586 11 7
126 127 26 2
126 128 3 7
126 133 27 8
126 134 38 7
126 135 46 3
126 136 21 9
126 137 26 1
126 138 16 6
126 163 1 2
126 185 5 7
126 225 27 9
126 238 20 3
126 239 34 7
126 292 2 4
126 385 49 3
126 387 37 2
126 485 39 8
126 490 43 5
126 522 32 5
126 540 23 6
127 128 49 1
127 139 43 3
127 140 2 4
127 141 8 2
127 142 43 6
127 143 44 4
127 146 42 9
127 163 33 9
127 186 26 2
127 202 34 1
127 204 5 3
127 225 21 10
127 290 7 3
127 330 12 5
127 429 29 2
127 450 9 7
127 455 4 8
127 485 38 3
127 507 5 7
127 548 4 7
128 144 46 9
128 147 12 6
128 331 41 2
128 412 11 1
128 456 28 8
128 540 17 10
128 570 21 4
128 571 36 7
145 146 36 10
145 147 8 4
145 148 18 10
145 149 19 8
145 150 8 7
145 151 33 7
145 152 18 7
145 153 36 9
145 163 22 4
145 186 40 4
145 225 10 7
145 236 6 10
145 331 41 7
145 340 49 3
145 346 38 7
145 386 30 10
145 450 10 7
145 540 17 2
146 147 21 9
146 154 23 7
146 155 42 4
146 187 19 9
146 201 43 1
146 204 14 2
146 236 5 7
146 286 37 10
146 412 44 7
146 425 7 6
146 450 48 5
146 521 21 2
146 571 32 5
146 572 15 9
147 156 7 7
147 157 25 9
147 158 16 4
147 159 50 4
147 164 2 6
147 225 6 9
147 292 8 9
147 331 13 7
147 387 42 3
147 455 43 1
147 460 11 1
147 485 13 1
147 490 48 2
147 491 9 10
147 506 29 8
147 507 45 5
147 540 23 1
147 546 14 1
147 549 38 2
147 585 10 3
147 587 12 10
160 161 25 4
160 162 45 3
160 163 34 3
160 164 9 8
160 165 17 4
160 166 48 8
160 167 42 7
160 168 19 6
160 169 47 5
160 225 30 8
160 386 15 8
160 429 1 4
160 545 14 6
160 570 28 5
161 162 27 7
161 163 23 8
161 164 41 4
161 170 9 9
161 171 14 6
161 172 17 3
161 173 9 2
161 174 15 5
161 175 48 4
161 185 45 5
161 202 25 6
161 289 11 6
161 389 41 3
161 450 37 8
161 492 1 3
162 163 20 5
162 164 33 2
162 176 44 9
162 177 48 9
162 178 47 9
162 179 34 7
162 180 9 4
162 187 23 3
162 202 30 10
162 225 25 3
162 232 18 10
162 330 20 2
162 343 38 4
162 347 34 3
162 491 40 7
162 540 15 3
162 547 49 7
162 586 42 7
163 164 12 4
163 181 38 2
163 240 28 2
163 291 4 6
163 330 13 1
163 412 29 5
163 450 37 6
163 460 28 1
163 505 36 1
163 521 50 10
163 585 29 1
164 182 28 5
164 183 9 2
164 184 34 4
164 410 29 7
164 425 33 1
164 456 23 4
164 485 39 7
164 506 16 7
164 521 10 6
164 540 34 1
164 571 23 10
185 186 34 7
185 187 35 7
185 188 6 5
185 225 8 6
185 240 16 9
185 330 1 3
185 345 7 9
185 412 47 10
185 456 48 3
185 458 48 2
185 485 18 7
185 523 33 8
185 540 37 9
185 546 10 10
185 572 9 5
186 187 27 10
186 189 40 3
186 190 48 2
186 191 8 7
186 192 43 1
186 193 7 5
186 194 37 6
186 195 38 10
186 200 11 10
186 225 39 3
186 288 39 8
186 331 2 4
186 348 29 3
186 387 4 6
186 411 50 4
186 426 48 8
186 450 43 7
186 485 47 4
186 490 7 6
186 492 24 6
186 523 42 1
186 545 12 8
186 571 14 9
186 585 44 2
187 196 11 3
187 197 26 9
187 198 48 9
187 199 29 2
187 202 2 10
187 238 41 5
187 289 26 4
187 388 22 3
187 427 48 7
187 450 36 9
187 507 33 3
187 586 47 5
200 201 6 5
200 202 38 1
200 203 37 2
200 204 18 10
200 205 12 1
200 206 21 1
200 207 46 4
200 208 20 3
200 209 10 2
200 237 16 10
200 456 22 1
200 491 29 3
200 523 23 9
201 202 10 4
201 203 49 6
201 204 14 6
201 210 41 3
201 211 15 4
201 225 6 2
201 330 30 9
201 388 8 5
201 450 44 3
201 546 40 1
201 586 46 7
202 203 14 10
202 204 38 10
202 212 31 3
202 213 16 2
202 214 14 3
202 215 23 10
202 216 34 10
202 217 35 5
202 218 22 2
202 219 27 10
202 233 5 3
202 285 28 9
202 331 22 6
202 342 41 7
202 386 38 1
202 410 24 9
202 450 37 9
202 485 45 10
202 490 3 3
202 540 11 9
202 570 28 10
202 585 35 6
203 204 33 3
203 220 27 3
203 221 40 8
203 222 35 1
203 223 33 6
203 225 2 7
203 410 34 1
203 428 44 8
203 429 19 2
203 455 7 7
203 506 46 6
203 520 4 10
203 540 4 5
203 549 22 1
203 570 40 4
204 224 46 5
204 292 23 2
204 347 36 2
204 505 45 2
225 226 41 8
225 227 13 1
225 228 31 9
225 229 23 3
225 236 2 5
225 239 30 7
225 285 40 7
225 287 49 6
225 330 13 2
225 340 12 6
225 344 18 9
225 386 40 10
225 411 6 5
225 412 37 9
225 425 48 4
225 427 36 6
225 450 26 4
225 456 27 1
225 459 22 4
225 485 50 4
225 491 22 2
225 492 25 3
225 505 37 2
225 507 26 8
225 520 23 3
225 522 5 2
225 540 17 3
225 545 20 2
225 549 9 5
225 570 45 3
225 571 3 4
225 586 16 9
230 231 35 3
230 232 48 10
230 233 34 1
230 234 39 7
230 235 49 9
230 236 15 5
230 237 48 7
230 238 2 10
230 239 35 1
230 240 29 4
230 241 49 7
230 242 35 6
230 243 6 9
230 244 24 2
230 411 40 5
230 412 5 4
230 585 31 6
231 232 50 4
231 233 11 1
231 234 22 5
231 235 5 4
231 236 5 7
231 237 37 10
231 238 34 5
231 239 33 5
231 240 12 4
231 245 3 9
231 246 7 8
231 570 23 9
232 233 3 1
232 234 6 5
232 235 9 7
232 236 43 9
232 237 21 5
232 238 39 9
232 239 32 8
232 240 2 2
232 247 10 3
232 248 18 5
232 249 39 9
232 250 13 2
232 251 40 3
232 252 31 7
232 253 23 5
232 254 36 9
232 450 15 10
233 234 18 10
233 235 11 1
233 236 15 10
233 237 42 5
233 238 1 3
233 239 27 1
233 240 23 2
233 255 10 1
233 256 46 1
233 257 31 6
233 258 41 3
233 259 18 3
233 389 43 6
233 520 35 5
233 540 17 9
233 548 29 6
234 235 41 10
234 236 35 6
234 237 17 8
234 238 44 4
234 239 25 8
234 240 36 5
234 260 16 5
234 261 27 9
234 262 48 8
234 263 29 7
234 286 25 5
234 547 36 2
235 236 12 8
235 237 1 5
235 238 30 2
235 239 3 5
235 240 24 3
235 264 41 3
235 265 10 8
235 266 37 1
235 267 9 1
235 268 36 6
235 330 33 4
235 387 26 4
235 470 42 4
236 237 15 3
236 238 16 1
236 239 19 1
236 240 38 1
236 269 9 7
236 270 34 4
236 271 40 8
236 272 44 3
236 286 50 10
236 341 1 2
236 427 42 5
236 450 2 1
237 238 11 5
237 239 44 8
237 240 48 4
237 273 33 6
237 274 43 6
237 275 1 5
237 276 12 4
237 277 37 5
237 521 1 6
238 239 41 8
238 240 23 10
238 278 9 8
238 426 29 6
238 485 14 3
238 505 46 4
238 570 48 5
239 240 23 6
239 279 23 4
239 280 50 3
239 281 13 8
239 282 38 5
239 345 5 5
239 385 14 3
239 458 29 5
239 491 44 2
240 283 33 5
240 284 27 9
240 331 38 7
240 459 30 8
240 506 23 9
240 540 14 5
240 585 28 5
285 286 1 6
285 287 33 3
285 288 10 10
285 289 35 4
285 290 23 7
285 291 23 8
285 292 18 5
285 293 3 7
285 294 31 1
285 295 3 6
285 296 3 3
285 331 13 10
285 340 21 5
285 347 35 6
285 505 21 9
286 287 4 1
286 288 14 1
286 289 14 8
286 290 29 1
286 291 1 10
286 292 36 2
286 293 18 5
286 297 3 5
286 298 19 6
286 299 45 5
286 300 47 3
286 301 46 6
286 450 3 7
286 456 8 3
286 520 3 7
286 546 3 1
286 586 43 3
287 288 43 6
287 289 24 1
287 290 46 6
287 291 14 6
287 292 8 3
287 293 11 6
287 302 3 3
287 303 41 10
287 304 25 2
287 305 35 6
287 306 40 10
287 307 48 5
287 308 13 5
287 309 5 7
287 429 18 9
287 485 10 4
287 492 1 5
287 507 24 9
288 289 36 5
288 290 38 9
288 291 37 3
288 292 41 6
288 293 16 5
288 310 4 5
288 311 46 8
288 312 26 3
288 386 19 8
289 290 3 5
289 291 5 10
289 292 19 3
289 293 42 8
289 313 29 3
289 314 12 8
289 315 6 9
289 316 41 1
289 317 49 1
289 318 8 5
289 386 30 8
289 411 11 5
289 428 17 7
289 460 27 8
289 540 12 3
290 291 16 7
290 292 47 5
290 293 3 2
290 319 37 4
290 320 41 2
290 321 22 10
290 322 7 1
290 323 10 6
290 324 33 3
290 331 50 10
291 292 3 6
291 293 29 7
291 325 36 10
291 326 36 7
291 450 25 7
291 521 46 3
291 549 22 4
291 572 11 7
292 293 49 5
292 327 7 1
292 540 14 7
293 328 29 7
293 329 3 7
293 410 7 10
293 490 7 5
293 572 49 8
293 585 23 10
330 331 35 5
330 332 29 2
330 333 48 5
330 334 22 6
330 335 30 1
330 336 23 3
330 337 14 10
330 343 5 1
330 386 3 7
330 389 3 7
330 411 42 8
330 412 39 3
330 428 34 4
330 456 30 10
330 505 50 10
330 521 26 8
330 522 17 1
330 540 29 5
330 549 13 1
330 571 39 9
330 586 33 7
331 338 5 8
331 339 20 9
331 341 49 1
331 429 45 7
331 450 13 10
331 485 34 3
331 490 39 2
331 492 22 5
331 506 11 1
331 549 26 8
331 572 48 4
331 585 43 7
340 341 16 5
340 342 5 7
340 343 12 10
340 344 36 7
340 345 10 2
340 346 16 9
340 347 17 5
340 348 32 3
340 349 49 2
340 350 6 6
340 351 12 2
340 352 1 5
340 353 24 7
340 354 12 2
340 355 2 6
340 389 19 5
340 492 40 7
341 342 42 1
341 343 41 4
341 344 24 10
341 345 34 1
341 346 45 3
341 347 48 8
341 348 17 6
341 356 34 3
341 357 25 9
341 358 39 1
341 450 48 1
341 458 9 5
341 490 2 2
341 540 24 8
342 343 40 10
342 344 44 7
342 345 48 9
342 346 14 5
342 347 29 7
342 348 13 3
342 359 15 2
342 360 33 2
342 361 1 7
342 362 5 7
342 363 24 9
342 364 24 1
342 570 28 3
342 585 9 4
343 344 22 10
343 345 4 9
343 346 5 8
343 347 48 10
343 348 16 5
343 365 5 7
343 366 6 8
343 520 23 10
343 572 3 5
344 345 11 2
344 346 23 5
344 347 17 1
344 348 16 3
344 367 6 5
344 368 27 1
344 369 47 1
344 412 39 3
345 346 2 5
345 347 1 6
345 348 36 8
345 370 25 7
345 371 15 7
345 372 7 2
345 456 10 8
345 485 35 9
345 547 12 8
346 347 23 5
346 348 11 5
346 373 13 2
346 374 4 6
346 375 37 8
346 376 23 9
346 411 20 5
346 426 22 2
346 485 38 3
346 520 31 9
346 540 6 4
347 348 22 5
347 377 15 8
347 378 12 5
347 379 37 4
347 380 22 1
347 507 30 3
348 381 41 3
348 382 9 2
348 383 21 8
348 384 31 4
348 389 10 9
348 429 13 5
348 450 41 7
348 506 9 3
348 546 38 1
348 587 29 8
385 386 31 2
385 387 33 8
385 388 24 8
385 389 31 4
385 390 7 5
385 391 14 1
385 392 30 2
385 393 34 2
385 394 25 1
385 395 48 3
385 456 34 5
385 521 15 4
385 523 22 2
385 549 27 7
385 572 15 2
385 585 21 1
386 387 36 2
386 388 19 7
386 389 44 4
386 396 10 9
386 427 36 1
386 490 35 8
386 491 33 3
387 388 9 8
387 389 36 9
387 397 19 3
387 398 25 10
387 410 30 9
387 412 44 2
387 450 21 4
387 506 16 9
387 540 45 2
387 572 1 3
387 585 2 3
388 389 12 2
388 399 1 7
388 400 19 7
388 401 3 4
388 402 47 6
388 403 36 4
388 457 36 2
388 485 16 6
389 404 18 10
389 405 37 1
389 406 44 2
389 407 38 3
389 408 28 9
389 409 20 4
389 426 13 3
389 450 34 10
389 485 36 10
389 507 48 1
389 540 3 3
389 545 25 8
410 411 6 2
410 412 6 9
410 413 36 5
410 414 16 8
410 485 38 9
410 506 4 2
410 520 6 4
410 540 3 5
410 586 3 5
411 412 21 2
411 415 19 2
411 416 34 8
411 417 15 8
411 418 47 4
411 419 39 2
411 426 28 8
411 450 39 9
411 455 4 10
411 571 42 3
412 420 46 4
412 421 42 6
412 422 24 3
412 423 11 4
412 424 12 6
412 425 48 10
412 460 50 9
412 485 23 10
412 490 43 5
412 507 42 8
412 540 19 1
412 545 26 1
412 547 38 6
412 572 29 1
412 586 17 6
425 426 25 1
425 427 35 5
425 428 10 8
425 429 18 6
425 430 17 3
425 431 30 10
425 450 46 6
425 459 37 8
425 485 30 9
425 521 34 3
425 546 25 3
426 427 47 8
426 428 49 2
426 429 7 5
426 432 17 4
426 433 39 8
426 434 17 1
426 540 11 5
426 585 25 8
426 587 10 9
427 428 17 10
427 429 23 10
427 435 49 6
427 436 38 9
427 437 41 1
427 438 19 9
427 439 14 1
428 429 19 9
428 440 30 1
428 441 6 7
428 442 7 10
428 443 25 7
428 460 17 1
428 490 10 9
428 491 23 7
428 506 31 5
428 522 6 5
428 570 23 3
429 444 23 9
429 445 3 1
429 446 40 7
429 447 24 6
429 448 28 3
429 449 33 1
429 450 42 7
429 485 46 10
429 506 14 6
429 548 49 3
450 451 8 5
450 452 15 2
450 453 18 1
450 454 24 7
450 455 45 5
450 457 11 2
450 485 4 9
450 490 24 4
450 492 23 8
450 505 43 2
450 520 42 7
450 523 31 1
450 540 23 6
450 545 27 8
450 548 9 10
450 570 20 8
450 585 39 3
455 456 40 5
455 457 33 8
455 458 10 10
455 459 49 8
455 460 22 1
455 461 47 8
455 462 23 6
455 463 33 3
455 464 22 9
456 457 5 5
456 458 5 9
456 459 21 4
456 460 46 9
456 465 35 5
456 466 1 8
456 467 27 2
456 468 15 6
456 469 5 4
456 470 21 2
456 485 34 7
456 507 19 8
456 521 41 2
457 458 19 3
457 459 27 3
457 460 37 3
457 471 6 10
457 472 33 10
457 473 49 10
457 474 38 4
457 475 38 3
457 476 44 3
457 492 29 6
457 540 36 2
457 548 18 10
457 571 6 9
458 459 43 7
458 460 18 5
458 477 12 7
458 478 28 1
458 485 7 6
458 571 32 2
458 587 21 10
459 460 20 5
459 479 18 5
459 480 27 5
459 481 35 2
459 540 49 3
459 586 15 5
460 482 26 9
460 483 38 5
460 484 47 2
460 492 27 7
460 505 40 9
460 520 29 2
460 549 50 8
485 486 12 6
485 487 48 8
485 488 38 2
485 489 20 10
485 491 24 3
485 492 7 2
485 506 38 5
485 507 23 2
485 522 24 3
485 540 2 3
485 545 37 10
485 546 2 9
485 570 10 2
485 585 46 1
485 586 6 6
490 491 5 8
490 492 35 9
490 493 2 9
490 494 46 3
490 495 6 2
490 520 20 7
490 586 18 9
491 492 7 8
491 496 17 1
491 505 4 10
491 540 37 2
491 546 44 10
491 571 34 7
492 497 34 9
492 498 7 1
492 499 33 8
492 500 45 7
492 501 29 4
492 502 32 6
492 503 38 5
492 504 30 4
492 506 8 4
492 521 32 6
492 540 48 8
492 547 3 2
492 572 19 4
492 585 44 4
505 506 17 7
505 507 45 10
505 508 41 10
505 509 27 10
505 510 37 6
505 511 17 7
505 512 33 5
505 522 15 6
506 507 36 5
506 513 45 7
506 514 48 4
506 515 20 5
506 540 21 7
506 545 47 7
506 546 28 8
506 570 9 1
506 585 19 6
507 516 46 6
507 517 41 2
507 518 48 7
507 519 21 8
507 523 42 4
507 540 9 6
507 585 7 1
520 521 34 3
520 522 38 10
520 523 19 8
520 524 46 5
520 525 33 6
520 526 47 5
520 540 29 4
520 548 9 4
520 571 38 2
521 522 47 9
521 523 9 9
521 527 27 9
521 528 39 4
521 529 31 5
521 530 23 6
521 531 31 10
521 532 12 4
521 540 3 9
521 547 35 1
521 571 19 2
521 585 35 2
522 523 40 9
522 533 10 5
522 534 45 7
522 535 5 5
523 536 28 3
523 537 11 5
523 538 47 8
523 539 16 4
540 541 12 10
540 542 45 7
540 543 42 3
540 544 40 7
540 547 13 5
540 549 41 10
540 570 18 7
540 572 21 8
540 586 7 5
545 546 9 5
545 547 8 8
545 548 26 5
545 549 22 9
545 550 45 2
545 551 10 9
545 552 12 7
545 553 19 6
545 554 4 3
545 571 6 8
545 587 31 9
546 547 21 4
546 548 37 1
546 549 28 10
546 555 24 9
546 556 42 5
546 557 3 1
546 558 45 2
547 548 23 7
547 549 36 2
547 559 4 1
547 560 36 8
547 561 21 2
547 562 14 5
548 549 34 2
548 563 23 8
548 564 24 8
548 565 45 7
548 566 7 2
548 570 48 4
549 567 29 5
549 568 4 5
549 569 39 5
549 585 10 7
570 571 21 7
570 572 43 10
570 573 9 9
570 574 28 4
571 572 15 9
571 575 12 7
571 576 46 1
571 585 7 8
572 577 50 3
572 578 26 1
572 579 19 10
572 580 2 4
572 581 12 3
572 582 47 7
572 583 4 4
572 584 18 8
572 586 32 4
575 496 39 2
585 586 30 4
585 587 6 8
585 588 8 7
585 589 9 10
585 590 47 2
585 591 35 7
585 592 1 10
586 587 28 2
586 593 36 10
586 594 50 6
587 595 15 5
587 596 32 5
587 597 46 2
587 598 6 4
587 599 6 6

0 315 4
1 38 21
2 414 7
3 583 3
4 34 9
5 339 8
6 11 5
7 440 21
8 562 10
9 317 27
10 319 18
11 143 14
12 37 12
13 60 4
14 451 5
15 363 6
16 214 4
17 336 5
18 271 13
19 407 13
20 50 18
21 154 11
22 84 3
23 374 3
24 80 8
25 494 15
26 2 18
27 402 30
28 378 7
29 321 14
30 311 11
31 47 23
32 452 6
33 481 14
34 474 21
35 245 1
36 413 11
37 140 1
38 476 18
39 379 26
40 353 11
41 255 7
42 405 22
43 469 2
44 207 31
45 555 6
46 100 21
47 370 11
48 306 19
49 149 14
50 488 25
51 528 25
52 282 17
53 398 17
54 573 4
55 259 8
56 8 15
57 166 32
58 30 6
59 424 5
60 76 12
61 113 18
62 446 20
63 591 21
64 597 12
65 381 17
66 468 7
67 122 15
68 484 29
69 367 2
70 218 12
71 211 4
72 432 7
73 229 12
74 61 3
75 525 22
76 569 17
77 310 2
78 276 8
79 408 8
80 156 4
81 33 4
82 252 11
83 564 9
84 26 7
85 526 26
86 172 8
87 152 13
88 318 6
89 360 19
90 350 3
91 96 12
92 580 2
93 449 9
94 384 14
95 284 12
96 483 20
97 487 11
98 243 3
99 553 13
100 101 11
101 194 20
102 393 21
103 557 2
104 189 13
105 212 11
106 279 15
107 99 19
108 596 8
109 561 12
110 49 18
111 148 8
112 169 30
113 107 7
114 299 31
115 316 24
116 36 12
117 135 21
118 56 20
119 58 12
120 53 17
121 539 8
122 482 12
123 401 1
124 208 13
125 182 8
126 479 5
127 337 5
128 404 9
129 120 2
130 134 24
131 170 5
132 74 11
133 18 10
134 499 13
135 272 18
136 559 3
137 358 13
138 142 17
139 475 19
140 87 21
141 133 12
142 577 29
143 175 17
144 59 14
145 444 14
146 560 9
147 301 11
148 524 22
149 574 11
150 103 10
151 307 28
152 210 18
153 471 2
154 496 13
155 565 15
156 83 12
157 265 3
158 373 7
159 598 4
160 97 11
161 308 4
162 129 10
163 489 13
164 157 7
165 392 8
166 480 10
167 502 8
168 568 2
169 65 10
170 94 11
171 599 3
172 365 3
173 219 12
174 566 3
175 24 12
176 375 12
177 139 19
178 195 21
179 510 21
180 354 8
181 372 5
182 438 9
183 221 28
184 383 14
185 68 14
186 138 6
187 503 17
188 79 3
189 178 11
190 296 1
191 253 12
192 270 9
193 593 13
194 297 2
195 511 9
196 227 3
197 132 13
198 144 22
199 513 29
200 463 13
201 254 18
202 529 11
203 592 1
204 532 9
205 501 13
206 303 29
207 263 12
208 356 10
209 55 14
210 179 20
211 332 18
212 576 15
213 121 25
214 82 18
215 268 14
216 351 6
217 228 16
218 267 6
219 467 18
220 261 17
221 176 24
222 418 11
223 277 13
224 226 23
225 352 1
226 533 3
227 530 11
228 14 6
229 88 19
230 312 8
231 209 4
232 153 13
233 434 5
234 313 8
235 423 3
236 184 21
237 54 3
238 62 17
239 436 14
