600 1543 240

0 25 200
1 50 500
2 100 1200
3 150 2800
4 200 4500
5 250 7000

0 1000
1 500
2 500
3 500
4 500
5 1500
6 2000
7 2000
8 2000
9 2000
10 1500
11 1500
12 1500
13 1500
14 1000
15 1500
16 2000
17 2000
18 1000
19 2000
20 2000
21 1000
22 2000
23 2000
24 2000
25 1000
26 1000
27 2000
28 2000
29 1000
30 1000
31 2000
32 2000
33 2000
34 2000
35 1000
36 500
37 1000
38 2000
39 1000
40 1500
41 1500
42 1500
43 1500
44 1500
45 1500
46 2000
47 1000
48 1000
49 2000
50 2000
51 2000
52 1000
53 1000
54 1000
55 1000
56 2000
57 2000
58 1000
59 2000
60 2000
61 1000
62 2000
63 1000
64 2000
65 2000
66 2000
67 2000
68 1000
69 1000
70 1000
71 1500
72 1500
73 500
74 500
75 1000
76 1000
77 2000
78 1000
79 1000
80 2000
81 1000
82 1000
83 1000
84 2000
85 1500
86 1000
87 1000
88 1000
89 2000
90 1500
91 1500
92 1500
93 1500
94 1000
95 1000
96 1000
97 2000
98 1000
99 2000
100 1000
101 2000
102 1000
103 2000
104 2000
105 1000
106 1000
107 2000
108 2000
109 1000
110 1000
111 500
112 500
113 500
114 500
115 1500
116 1500
117 2000
118 2000
119 2000
120 2000
121 1000
122 2000
123 2000
124 1000
125 1000
126 1500
127 1500
128 1500
129 1500
130 500
131 500
132 2000
133 1000
134 2000
135 2000
136 1000
137 1000
138 1000
139 2000
140 1000
141 1000
142 2000
143 2000
144 1000
145 2000
146 1000
147 1000
148 1000
149 2000
150 1500
151 1500
152 2000
153 2000
154 2000
155 2000
156 1000
157 2000
158 2000
159 1000
160 1500
161 1000
162 1500
163 1500
164 2000
165 500
166 500
167 500
168 2000
169 2000
170 2000
171 1000
172 1000
173 1000
174 2000
175 1000
176 2000
177 2000
178 2000
179 2000
180 1500
181 1500
182 1500
183 1500
184 1000
185 1000
186 2000
187 2000
188 1000
189 1000
190 1000
191 1000
192 2000
193 2000
194 1000
195 1000
196 2000
197 2000
198 1000
199 1000
200 2000
201 1000
202 2000
203 1000
204 500
205 1500
206 1000
207 2000
208 1000
209 2000
210 1500
211 1500
212 1000
213 2000
214 2000
215 2000
216 1000
217 2000
218 1000
219 2000
220 1500
221 1500
222 1500
223 1500
224 1500
225 1500
226 1500
227 1000
228 2000
229 2000
230 2000
231 2000
232 2000
233 2000
234 1000
235 2000
236 1000
237 2000
238 1000
239 1000
240 1000
241 2000
242 2000
243 1000
244 2000
245 1000
246 1000
247 2000
248 1000
249 2000
250 2000
251 2000
252 1000
253 2000
254 2000
255 1500
256 1500
257 1500
258 1500
259 2000
260 2000
261 1000
262 2000
263 2000
264 1000
265 2000
266 1000
267 2000
268 2000
269 2000
270 2000
271 2000
272 1000
273 2000
274 1000
275 1500
276 1500
277 1500
278 1500
279 1000
280 2000
281 1000
282 2000
283 2000
284 1000
285 1000
286 2000
287 1000
288 1000
289 1000
290 1000
291 2000
292 1000
293 2000
294 1000
295 1000
296 2000
297 1000
298 1000
299 500
300 1500
301 1500
302 1500
303 1500
304 2000
305 1000
306 2000
307 2000
308 1000
309 2000
310 2000
311 1000
312 1000
313 1000
314 1000
315 1000
316 2000
317 1000
318 2000
319 1000
320 1500
321 1500
322 2000
323 1000
324 1000
325 1000
326 1000
327 1000
328 1000
329 2000
330 1500
331 1500
332 1500
333 1500
334 2000
335 2000
336 2000
337 2000
338 2000
339 1000
340 2000
341 2000
342 2000
343 2000
344 2000
345 2000
346 1000
347 1000
348 1000
349 2000
350 1500
351 1500
352 1500
353 1000
354 2000
355 1000
356 2000
357 2000
358 1000
359 2000
360 2000
361 2000
362 1000
363 1000
364 1000
365 1500
366 1000
367 1500
368 1500
369 1000
370 1000
371 2000
372 500
373 500
374 500
375 1000
376 1000
377 1000
378 1000
379 2000
380 1000
381 1000
382 2000
383 1000
384 1000
385 2000
386 2000
387 500
388 500
389 500
390 1500
391 1000
392 1000
393 2000
394 2000
395 1500
396 1000
397 1500
398 1500
399 1000
400 2000
401 1000
402 2000
403 2000
404 2000
405 2000
406 500
407 2000
408 1000
409 1000
410 1000
411 2000
412 2000
413 1000
414 1000
415 1500
416 1500
417 1500
418 1500
419 1000
420 2000
421 1000
422 1000
423 2000
424 2000
425 2000
426 2000
427 1000
428 1000
429 1000
430 1000
431 1000
432 2000
433 2000
434 2000
435 1000
436 1000
437 1000
438 2000
439 500
440 1500
441 1500
442 1500
443 1500
444 1500
445 1500
446 2000
447 2000
448 1000
449 2000
450 1000
451 1000
452 1000
453 1000
454 2000
455 1000
456 1000
457 1000
458 1000
459 2000
460 1000
461 2000
462 2000
463 2000
464 2000
465 2000
466 1000
467 2000
468 2000
469 2000
470 1500
471 1000
472 1500
473 1500
474 1000
475 1500
476 1500
477 2000
478 1000
479 1000
480 2000
481 500
482 1000
483 2000
484 2000
485 2000
486 1000
487 2000
488 2000
489 1000
490 2000
491 1000
492 2000
493 1000
494 1000
495 2000
496 500
497 500
498 2000
499 1000
500 1000
501 1000
502 1000
503 1000
504 2000
505 1500
506 1500
507 1000
508 1000
509 2000
510 1000
511 2000
512 1000
513 2000
514 2000
515 2000
516 2000
517 2000
518 2000
519 500
520 500
521 500
522 500
523 500
524 500
525 1500
526 1500
527 1500
528 1500
529 1500
530 1500
531 1000
532 1000
533 2000
534 1000
535 1000
536 2000
537 1000
538 2000
539 2000
540 2000
541 2000
542 1000
543 2000
544 1000
545 2000
546 2000
547 1000
548 2000
549 2000
550 2000
551 1000
552 1000
553 2000
554 1000
555 1500
556 1500
557 1500
558 1500
559 1500
560 1500
561 1500
562 1500
563 1500
564 2000
565 2000
566 2000
567 1000
568 2000
569 1000
570 2000
571 1000
572 2000
573 1000
574 2000
575 2000
576 2000
577 2000
578 1000
579 1000
580 2000
581 2000
582 2000
583 1000
584 1000
585 1000
586 2000
587 2000
588 1000
589 1000
590 1000
591 2000
592 2000
593 2000
594 2000
595 1000
596 2000
597 1000
598 2000
599 2000

0 1 50 8
0 2 26 3
0 3 48 10
0 4 13 4
0 5 18 6
0 11 28 3
0 12 49 6
0 41 15 9
0 42 25 9
0 72 26 8
0 85 17 6
0 90 21 4
0 93 42 1
0 116 35 7
0 126 37 6
0 129 18 10
0 150 10 8
0 151 32 8
0 161 10 5
0 162 22 2
0 182 37 3
0 184 48 3
0 205 29 9
0 210 38 7
0 211 23 8
0 220 29 8
0 225 25 10
0 255 2 5
0 256 31 9
0 278 21 3
0 279 19 1
0 300 1 10
0 302 16 5
0 320 19 3
0 321 4 7
0 330 22 3
0 332 43 1
0 351 44 4
0 367 17 1
0 368 9 3
0 390 50 7
0 396 28 7
0 397 36 9
0 417 24 1
0 419 4 3
0 442 9 1
0 445 8 2
0 471 33 8
0 475 5 10
0 505 15 7
0 506 4 8
0 528 46 5
0 529 41 3
0 555 13 7
0 560 23 9
5 6 37 10
5 7 31 2
5 8 45 3
5 9 41 4
5 10 1 6
5 15 29 8
5 40 37 10
5 41 41 5
5 70 14 3
5 71 48 2
5 85 5 10
5 91 9 5
5 115 12 7
5 125 30 1
5 128 31 4
5 150 9 8
5 151 42 8
5 160 31 1
5 163 35 8
5 181 42 3
5 183 6 8
5 205 33 9
5 210 26 9
5 220 47 2
5 226 30 7
5 258 40 9
5 275 22 3
5 278 45 3
5 301 5 8
5 302 26 6
5 320 45 10
5 321 43 7
5 331 46 8
5 352 9 2
5 365 10 3
5 366 39 4
5 390 35 2
5 396 33 6
5 415 41 8
5 416 10 3
5 440 24 8
5 470 10 9
5 475 45 6
5 507 4 8
5 508 12 8
5 526 49 3
5 528 8 8
5 559 15 10
5 563 10 10
10 11 20 3
10 12 11 8
10 13 3 1
10 14 49 5
10 15 31 2
10 16 14 3
10 17 14 4
10 18 46 4
10 19 36 8
10 20 48 9
10 21 5 9
10 22 25 3
10 23 36 4
10 24 8 5
10 25 38 5
10 91 16 6
10 125 9 4
10 150 8 6
10 161 22 3
10 350 46 9
10 418 50 2
10 419 40 10
10 445 14 3
10 505 37 1
10 556 41 5
11 12 16 2
11 13 22 1
11 14 32 3
11 15 17 8
11 26 12 1
11 27 35 8
11 28 37 1
11 29 8 6
11 30 11 7
11 72 27 4
11 85 2 9
11 210 30 6
11 226 42 9
11 256 44 2
11 279 27 10
11 330 35 9
11 526 45 8
12 13 10 6
12 14 22 8
12 15 45 5
12 31 32 4
12 32 6 5
12 33 35 8
12 42 50 3
12 44 42 2
12 116 11 5
12 126 10 6
12 160 12 8
12 278 37 6
12 390 36 10
12 396 11 4
12 473 37 5
12 562 38 5
13 14 42 3
13 15 20 6
13 34 49 4
13 35 46 3
13 180 1 6
13 205 20 9
13 320 50 8
13 351 23 1
13 368 33 7
13 397 34 7
14 15 43 5
14 36 35 7
14 72 37 7
14 85 17 9
14 93 18 6
14 150 20 6
14 205 19 10
14 210 16 2
14 222 41 2
14 257 14 8
14 390 23 9
14 441 8 8
15 37 15 7
15 38 8 1
15 39 31 1
15 180 12 3
15 300 43 3
15 303 9 3
15 321 14 2
15 333 40 1
15 366 16 4
15 471 46 6
15 505 28 10
15 528 34 1
40 41 16 8
40 42 7 2
40 43 20 2
40 44 36 5
40 45 48 6
40 46 45 10
40 47 19 7
40 115 24 2
40 257 26 8
40 278 37 2
40 333 4 6
40 442 9 8
40 528 2 4
41 42 10 2
41 43 45 4
41 44 9 10
41 45 6 3
41 48 9 3
41 49 25 8
41 50 17 10
41 51 37 9
41 52 27 3
41 53 19 9
41 85 40 10
41 116 9 8
41 181 35 6
41 205 47 5
41 300 44 6
41 418 21 3
41 507 23 7
42 43 7 9
42 44 12 5
42 45 18 1
42 54 17 6
42 55 2 1
42 56 2 1
42 71 10 1
42 91 1 10
42 150 41 3
42 161 15 8
42 205 22 3
42 276 35 6
42 300 45 7
42 321 16 5
42 351 25 6
42 367 33 8
42 369 45 8
42 505 5 3
42 559 30 3
43 44 10 10
43 45 36 7
43 57 20 2
43 58 39 2
43 59 46 9
43 60 11 3
43 61 7 3
43 184 41 9
43 221 42 7
43 351 27 9
43 395 29 8
44 45 28 10
44 62 25 1
44 85 32 1
44 94 20 10
44 160 45 3
44 257 15 8
44 321 8 1
44 390 35 1
44 442 44 3
44 473 15 7
44 530 30 7
44 562 40 3
45 63 34 10
45 64 29 8
45 65 21 5
45 66 26 1
45 67 18 4
45 68 25 3
45 69 43 10
45 70 50 3
45 125 37 2
45 126 50 5
45 151 9 5
45 210 41 2
45 211 39 10
45 226 19 9
45 332 6 5
45 390 46 5
45 419 45 8
45 472 21 10
70 71 25 6
70 72 36 10
70 73 13 2
70 74 39 8
70 94 7 5
70 180 21 3
70 183 50 3
70 211 21 1
70 275 38 6
70 301 35 6
70 320 44 8
70 351 16 9
70 367 4 2
70 390 8 3
70 416 18 6
70 559 49 7
71 72 10 2
71 75 44 1
71 76 21 7
71 77 45 1
71 78 6 9
71 79 45 4
71 80 12 1
71 81 32 5
71 85 1 8
71 115 26 4
71 129 26 5
71 151 15 2
71 162 27 9
71 205 19 6
71 210 24 6
71 224 26 5
71 255 17 1
71 279 33 7
71 320 26 6
71 333 30 4
71 350 5 8
71 397 28 6
71 418 49 1
71 440 31 2
71 444 13 10
71 508 7 8
71 526 5 5
71 559 42 1
72 82 22 1
72 83 28 3
72 84 35 6
72 92 8 2
72 116 37 4
72 129 40 8
72 151 4 8
72 161 47 2
72 205 41 5
72 226 5 2
72 256 41 7
72 302 3 5
72 333 16 1
72 366 33 6
72 475 22 10
72 476 7 8
72 528 22 8
85 86 8 1
85 87 34 3
85 88 5 5
85 89 20 2
85 92 23 1
85 116 25 2
85 125 37 5
85 128 37 8
85 150 33 6
85 151 17 6
85 161 15 7
85 163 27 1
85 182 10 1
85 205 26 7
85 210 31 10
85 211 43 5
85 222 43 3
85 226 17 5
85 257 50 7
85 258 25 8
85 277 44 7
85 279 8 4
85 300 21 5
85 303 19 10
85 320 37 3
85 321 23 7
85 330 35 8
85 331 33 10
85 351 17 9
85 366 18 4
85 367 22 5
85 390 38 8
85 396 34 10
85 416 10 9
85 417 50 6
85 441 41 1
85 444 42 8
85 471 3 4
85 474 41 6
85 505 18 3
85 507 32 1
85 527 12 7
85 529 36 8
85 560 33 10
85 563 4 7
90 91 16 10
90 92 7 1
90 93 8 6
90 94 14 8
90 95 40 6
90 96 47 4
90 97 45 1
90 128 38 2
90 181 19 3
90 258 19 10
90 277 20 4
90 300 37 5
90 330 33 7
90 398 25 8
90 419 48 1
90 444 33 4
90 507 46 10
91 92 14 5
91 93 36 2
91 94 21 5
91 98 50 9
91 99 8 4
91 100 34 3
91 101 32 2
91 102 42 9
91 205 4 1
91 390 41 6
91 443 32 6
91 472 42 2
91 507 31 4
91 528 46 10
92 93 15 7
92 94 19 1
92 103 30 7
92 104 15 8
92 105 25 6
92 106 21 5
92 160 13 5
92 211 20 4
92 222 41 3
92 255 20 3
92 302 41 1
92 351 47 3
92 352 3 4
92 366 19 3
92 471 17 7
92 556 29 10
93 94 35 2
93 107 33 6
93 108 18 1
93 109 41 6
93 110 32 6
93 116 24 2
93 151 13 3
93 163 14 4
93 184 6 1
93 205 37 1
93 321 25 6
93 332 9 8
93 369 27 1
93 398 22 10
93 418 31 6
94 111 40 2
94 112 39 9
94 113 31 5
94 114 8 10
94 116 1 4
94 128 47 9
94 151 17 9
94 210 29 6
94 222 41 6
94 275 46 6
94 527 37 1
94 558 48 8
115 116 3 4
115 117 23 7
115 118 46 5
115 119 39 2
115 120 48 3
115 127 2 5
115 160 13 9
115 163 24 6
115 183 36 6
115 205 5 4
115 210 20 5
115 257 30 1
115 302 37 7
115 320 21 4
115 330 8 10
115 333 49 9
115 350 19 10
115 368 25 1
115 415 11 1
115 444 2 1
115 476 47 7
115 505 33 8
115 507 25 2
115 525 38 9
115 560 41 1
116 121 9 7
116 122 11 4
116 123 22 6
116 124 17 7
116 150 35 2
116 151 5 5
116 181 48 10
116 205 13 1
116 211 7 9
116 221 37 4
116 222 35 1
116 258 38 1
116 275 26 9
116 277 1 7
116 300 20 5
116 321 2 8
116 351 32 9
116 366 29 8
116 390 44 7
116 396 4 8
116 397 31 7
116 415 33 5
116 441 8 6
116 470 46 8
116 527 31 9
116 558 26 3
125 126 4 6
125 127 38 7
125 128 49 4
125 129 9 9
125 130 38 5
125 131 27 6
125 162 44 5
125 205 50 8
125 224 11 7
125 320 2 10
125 351 4 8
125 369 29 7
125 390 17 2
125 441 19 5
125 527 20 4
126 127 44 3
126 128 3 3
126 129 40 4
126 132 18 7
126 133 38 3
126 134 49 1
126 135 24 6
126 136 14 5
126 137 17 10
126 150 47 6
126 151 35 3
126 183 21 10
126 321 4 3
126 331 35 7
126 332 7 2
126 397 34 4
126 398 49 1
126 418 26 3
127 128 4 6
127 129 23 8
127 138 2 9
127 139 47 3
127 140 13 6
127 141 8 9
127 180 3 6
127 257 47 1
127 258 12 1
127 276 28 6
127 277 26 8
127 301 39 9
127 476 16 4
128 129 24 6
128 142 50 7
128 143 40 3
128 144 29 7
128 145 22 6
128 146 41 1
128 147 25 1
128 205 36 1
128 211 50 3
128 222 26 1
128 303 50 9
128 350 45 7
128 365 24 8
128 443 8 9
128 507 25 1
128 560 27 3
128 561 33 1
129 148 28 6
129 149 11 5
129 162 30 4
129 211 43 6
129 419 2 9
129 470 27 6
129 507 19 4
129 526 28 5
150 151 47 5
150 152 3 8
150 153 37 2
150 154 7 7
150 180 19 1
150 182 1 6
150 205 6 7
150 222 26 4
150 226 33 5
150 258 4 8
150 278 13 6
150 302 7 7
150 321 17 1
150 331 43 10
150 366 12 1
150 390 1 5
150 443 5 3
150 470 46 8
150 507 8 8
150 526 20 2
150 560 31 5
151 155 41 8
151 156 11 2
151 157 32 8
151 158 38 1
151 159 2 3
151 162 11 8
151 163 10 8
151 205 46 7
151 210 37 4
151 211 42 5
151 255 47 4
151 320 24 1
151 332 10 7
151 350 36 6
151 368 28 9
151 390 37 8
151 395 13 7
151 396 35 1
151 415 14 7
151 417 25 7
151 440 7 8
151 475 42 9
151 529 16 10
151 555 4 2
160 161 44 6
160 162 13 7
160 163 3 6
160 164 36 3
160 205 18 8
160 211 50 1
160 255 36 8
160 258 31 8
160 278 13 10
160 302 32 5
160 303 41 9
160 351 29 3
160 390 28 1
160 416 27 7
160 505 21 6
160 527 27 2
161 162 32 10
161 163 37 7
161 165 44 4
161 166 39 2
161 167 42 10
161 181 1 6
161 184 3 5
161 223 19 9
161 276 6 6
161 320 43 5
161 333 17 8
161 417 8 10
161 440 12 7
161 559 22 7
162 163 2 1
162 168 20 8
162 169 34 9
162 170 9 1
162 171 29 9
162 172 16 5
162 173 29 6
162 210 6 4
162 350 16 8
162 390 32 2
162 395 23 9
162 475 22 2
162 526 47 5
162 563 21 7
163 174 42 8
163 175 31 8
163 176 3 7
163 177 11 4
163 178 16 6
163 179 48 1
163 205 36 1
163 222 26 6
163 321 14 6
163 365 23 10
163 369 32 10
163 395 48 4
163 441 46 8
163 473 27 2
163 506 43 9
180 181 47 8
180 182 27 4
180 183 28 7
180 184 34 10
180 185 19 5
180 186 44 3
180 205 27 5
180 275 8 5
180 276 1 10
180 390 20 5
180 418 38 8
180 441 18 10
180 528 33 4
181 182 20 6
181 183 15 6
181 184 4 3
181 187 13 2
181 188 42 5
181 189 1 5
181 190 26 6
181 191 50 9
181 192 20 1
181 193 46 3
181 366 9 4
181 390 5 8
181 472 28 4
181 508 3 5
181 559 30 5
181 562 4 2
182 183 25 8
182 184 13 1
182 194 43 6
182 195 11 3
182 196 23 6
182 197 4 4
182 198 30 5
182 199 3 3
182 200 35 3
182 201 24 1
182 205 15 2
182 210 34 3
182 255 10 9
182 300 41 9
182 320 48 8
182 350 26 2
182 351 25 7
182 395 40 2
183 184 47 9
183 202 11 10
183 203 7 7
183 221 23 10
183 258 4 9
183 303 44 7
183 321 44 3
183 331 38 9
183 415 31 3
183 444 2 1
184 204 48 6
184 211 3 4
184 224 7 2
184 331 3 10
184 367 49 7
184 397 50 6
184 476 46 1
184 508 40 4
184 525 42 5
205 206 5 9
205 207 38 8
205 208 48 7
205 209 40 3
205 210 22 1
205 211 8 7
205 225 40 4
205 256 15 3
205 276 3 7
205 278 7 4
205 302 36 9
205 303 31 2
205 320 23 6
205 321 14 1
205 331 11 5
205 332 26 3
205 351 17 3
205 367 48 7
205 368 18 6
205 390 49 8
205 396 47 10
205 397 47 1
205 416 23 2
205 418 19 8
205 444 48 7
205 445 1 5
205 473 32 1
205 476 28 4
205 508 24 10
205 526 7 6
205 527 29 8
205 558 39 2
205 560 41 7
210 211 39 1
210 212 45 9
210 213 23 4
210 214 24 7
210 215 33 7
210 216 43 7
210 222 23 1
210 225 39 9
210 258 33 3
210 279 11 6
210 300 18 2
210 303 24 8
210 333 4 4
210 368 16 2
210 390 4 4
210 396 21 9
210 415 13 7
210 418 6 4
210 445 7 6
210 507 10 7
210 525 45 6
210 559 46 7
211 217 22 3
211 218 15 4
211 219 40 7
211 255 23 1
211 278 24 2
211 320 27 4
211 321 20 6
211 331 23 3
211 352 10 6
211 368 29 1
211 390 40 3
211 442 1 3
211 470 1 9
211 471 10 4
211 506 41 10
211 528 39 3
211 561 27 5
220 221 24 2
220 222 24 5
220 223 17 10
220 224 35 9
220 225 45 4
220 226 49 6
220 227 48 9
220 228 12 9
220 229 47 5
220 230 50 3
220 332 42 10
220 366 1 6
220 397 33 9
221 222 3 4
221 223 15 7
221 224 38 2
221 225 12 1
221 226 41 9
221 231 40 7
221 232 19 3
221 233 25 3
221 234 6 4
221 235 14 10
221 419 15 1
221 440 33 9
221 530 3 9
222 223 29 1
222 224 50 1
222 225 48 5
222 226 13 1
222 236 15 2
222 237 10 6
222 238 32 10
222 239 1 3
222 258 41 7
222 366 23 7
222 390 15 1
222 442 29 2
222 530 21 4
223 224 33 2
223 225 34 3
223 226 20 8
223 240 35 5
223 241 33 3
223 242 36 7
223 243 45 4
223 244 34 5
223 245 10 7
223 246 24 4
223 278 17 5
223 320 25 4
223 321 32 8
223 351 16 5
223 390 43 3
223 508 38 7
224 225 9 1
224 226 8 3
224 247 23 3
224 248 41 5
224 257 19 2
224 303 2 6
224 416 24 7
224 470 29 1
224 476 17 2
224 561 38 4
225 226 4 3
225 249 40 9
225 250 22 4
225 276 11 3
225 301 43 4
225 506 22 7
226 251 3 2
226 252 1 3
226 253 43 6
226 254 28 10
226 330 20 7
226 352 30 4
226 397 39 7
226 558 9 7
255 256 28 10
255 257 21 8
255 258 24 10
255 259 22 4
255 260 50 1
255 261 5 9
255 262 39 5
255 330 37 6
255 333 3 4
255 365 40 7
255 395 16 5
255 440 17 3
255 444 38 6
255 476 23 8
255 525 19 7
255 529 34 8
256 257 35 8
256 258 15 10
256 263 24 3
256 264 41 3
256 265 19 10
256 277 7 1
256 321 38 6
256 352 29 5
256 390 9 5
256 415 48 1
256 508 25 3
256 559 32 8
257 258 37 3
257 266 11 4
257 267 9 6
257 268 1 1
257 269 5 10
257 270 17 4
257 271 10 6
257 272 20 7
257 276 13 6
257 302 17 9
257 321 22 8
257 352 26 5
257 369 41 8
257 419 13 7
258 273 43 8
258 274 31 10
258 301 19 4
258 398 36 1
258 471 33 3
258 557 33 9
275 276 37 6
275 277 34 10
275 278 26 2
275 279 48 1
275 280 44 8
275 281 20 3
275 282 27 8
275 283 24 6
275 284 43 2
275 301 49 9
275 320 4 10
275 352 23 4
275 390 45 7
275 417 31 7
275 444 42 1
275 470 12 7
275 508 41 8
275 525 13 1
276 277 38 4
276 278 43 3
276 279 13 10
276 285 32 10
276 286 9 4
276 287 37 5
276 288 12 6
276 289 50 10
276 290 42 3
276 300 47 9
276 330 50 1
276 418 7 5
277 278 8 5
277 279 22 1
277 291 28 2
277 292 26 7
277 293 11 1
277 294 11 3
277 295 42 2
277 390 40 5
277 445 43 8
277 474 31 9
277 505 22 3
278 279 30 9
278 296 25 7
278 297 43 4
278 298 29 4
278 369 21 4
279 299 2 1
279 320 38 6
279 332 16 3
279 350 28 6
279 367 15 7
279 396 25 1
279 398 13 4
279 525 12 6
279 562 25 6
279 563 50 3
300 301 22 10
300 302 29 5
300 303 36 4
300 304 24 9
300 305 11 9
300 306 7 2
300 307 41 4
300 320 20 9
300 330 6 1
300 352 20 3
300 366 6 6
300 440 16 2
300 556 10 10
301 302 40 4
301 303 13 3
301 308 1 5
301 309 47 4
301 310 28 2
301 311 17 8
301 312 10 3
301 313 36 6
301 314 30 3
301 390 28 10
301 398 38 7
301 507 38 8
301 526 21 3
302 303 1 9
302 315 49 4
302 316 13 8
302 317 47 8
302 333 25 1
302 352 49 9
302 369 22 3
302 415 48 6
302 472 31 1
302 505 12 10
302 528 44 4
303 318 21 10
303 319 12 4
303 396 43 4
303 418 5 1
303 440 48 3
303 474 33 9
303 559 8 10
320 321 44 2
320 322 7 6
320 323 40 3
320 324 44 10
320 325 29 4
320 326 6 5
320 327 15 8
320 350 10 7
320 351 30 4
320 366 14 2
320 390 44 3
320 418 6 8
320 445 6 8
320 476 42 8
320 506 31 5
321 328 31 2
321 329 38 3
321 330 31 9
321 332 39 8
321 368 32 9
321 390 33 6
321 396 18 9
321 397 15 3
321 415 50 1
321 440 38 5
321 507 40 5
321 525 48 10
321 527 26 4
321 555 17 1
321 563 10 9
330 331 16 7
330 332 6 1
330 333 47 5
330 334 38 5
330 335 27 10
330 336 17 6
330 369 44 9
330 418 36 3
330 473 43 2
330 505 28 5
330 507 18 7
330 530 21 6
330 559 24 5
331 332 21 1
331 333 41 9
331 337 24 6
331 338 24 10
331 339 36 3
331 340 28 4
331 341 6 7
331 342 16 10
331 343 38 5
331 352 16 10
331 367 22 2
331 390 43 2
331 418 42 10
332 333 37 9
332 344 4 10
332 345 5 6
332 346 26 7
332 347 50 9
332 350 17 2
332 390 49 4
332 398 34 10
332 441 32 3
332 527 31 7
333 348 38 9
333 349 37 1
333 396 17 8
333 443 39 4
333 470 8 2
333 559 13 7
350 351 16 10
350 352 45 1
350 353 9 3
350 354 24 6
350 365 50 4
350 367 2 2
350 415 45 4
350 474 35 1
350 508 32 8
350 527 48 9
351 352 48 6
351 355 28 3
351 356 10 9
351 357 17 8
351 358 43 4
351 396 28 9
351 397 47 7
351 476 16 6
352 359 13 5
352 360 44 7
352 361 16 3
352 362 49 1
352 363 17 4
352 364 6 9
352 390 42 10
352 416 42 1
352 441 48 1
352 442 15 8
352 507 25 7
352 525 36 5
352 556 38 6
352 561 10 9
365 366 25 3
365 367 44 6
365 368 21 8
365 369 23 8
365 370 28 2
365 371 20 1
365 390 7 3
365 396 6 2
365 418 5 4
365 444 40 1
365 467 11 9
365 528 2 1
366 367 4 7
366 368 43 5
366 369 1 3
366 372 33 7
366 373 13 3
366 374 48 5
366 396 49 2
366 474 30 6
366 507 12 3
367 368 3 5
367 369 34 4
367 375 1 9
367 376 50 5
367 377 16 6
367 378 10 10
367 379 43 3
367 417 28 1
367 442 38 9
367 527 1 3
368 369 39 6
368 380 49 2
368 381 1 2
368 382 34 5
368 383 41 9
368 384 23 2
368 385 21 3
368 386 6 4
368 474 31 6
368 507 49 6
368 557 7 8
369 387 10 10
369 388 43 5
369 389 25 2
369 390 42 10
369 563 37 2
390 391 39 5
390 392 41 4
390 393 22 2
390 394 23 1
390 395 28 2
390 397 33 2
390 417 1 3
390 419 6 10
390 444 8 6
390 445 12 4
390 470 6 2
390 473 35 1
390 506 16 10
390 508 19 6
390 526 34 1
390 527 1 5
390 560 3 1
390 562 33 8
395 396 16 8
395 397 10 9
395 398 39 8
395 399 43 6
395 400 4 2
395 401 6 9
395 402 16 8
395 403 10 1
395 404 23 2
395 405 25 10
395 507 30 10
395 557 27 2
396 397 41 3
396 398 14 6
396 406 21 8
396 418 47 9
396 563 26 5
397 398 20 6
397 407 39 4
397 408 45 8
397 409 36 8
397 410 50 10
397 411 31 2
397 419 21 1
397 443 3 8
397 475 28 9
397 505 11 6
397 529 48 6
398 412 48 2
398 413 4 7
398 414 44 5
398 440 23 8
398 471 49 8
398 527 28 4
415 416 35 10
415 417 11 6
415 418 45 8
415 419 42 7
415 420 29 1
415 558 13 7
416 417 7 9
416 418 17 6
416 419 13 2
416 421 26 1
416 422 43 9
416 423 13 1
416 424 18 6
416 425 49 7
416 426 14 7
416 427 18 1
416 428 14 3
416 429 41 4
416 430 32 9
416 440 12 7
416 476 19 4
417 418 26 5
417 419 21 9
417 431 17 4
417 432 13 7
417 433 24 9
417 434 49 5
417 443 33 8
417 507 43 6
417 508 12 2
417 529 4 9
418 419 35 9
418 435 15 2
418 436 33 6
418 437 47 2
418 438 10 4
418 474 11 5
418 526 47 6
419 439 13 6
419 558 20 10
440 441 29 5
440 442 50 7
440 443 50 4
440 444 46 9
440 445 46 8
440 446 34 10
440 447 2 4
440 448 5 2
440 527 16 1
440 562 28 8
441 442 30 10
441 443 14 3
441 444 45 9
441 445 44 10
441 449 36 3
441 450 21 9
441 451 45 3
441 452 28 5
441 453 32 6
441 528 32 1
442 443 11 5
442 444 5 8
442 445 12 3
442 454 15 7
442 455 49 8
442 476 27 1
443 444 46 6
443 445 7 9
443 456 20 3
443 457 9 8
443 458 34 4
443 459 10 2
443 460 47 2
443 461 22 8
443 462 19 7
444 445 15 6
444 463 7 1
444 475 11 8
444 505 17 6
444 558 42 7
445 464 6 2
445 465 35 6
445 466 42 1
445 467 49 1
445 468 32 9
445 469 31 10
445 507 8 8
470 471 45 7
470 472 1 7
470 473 11 2
470 474 6 2
470 475 15 10
470 476 25 2
470 477 12 6
470 478 41 1
470 479 36 9
470 480 32 7
471 472 46 6
471 473 22 1
471 474 9 5
471 475 9 1
471 476 29 5
471 481 37 5
471 508 40 10
472 473 14 2
472 474 30 7
472 475 50 7
472 476 7 6
472 482 19 9
472 483 19 1
472 484 7 9
472 485 44 1
472 486 38 7
472 487 42 3
472 529 4 1
473 474 22 1
473 475 22 3
473 476 28 9
473 488 9 1
473 489 18 3
473 490 1 1
473 491 29 5
473 492 49 1
473 493 35 5
473 494 2 3
473 495 8 6
474 444 26 7
474 475 32 6
474 476 32 2
474 496 12 10
474 497 34 4
474 529 20 10
475 476 45 8
475 498 41 1
475 499 17 10
475 500 7 9
475 501 6 3
475 502 16 6
475 503 21 6
475 505 22 7
475 557 12 8
476 504 9 2
476 561 33 10
505 506 31 10
505 507 4 10
505 508 17 4
505 509 50 3
505 510 40 5
505 511 19 10
505 512 23 3
505 513 5 8
506 507 37 5
506 508 36 2
506 514 15 4
506 515 24 7
506 516 39 7
506 517 15 7
506 518 44 8
506 526 22 9
507 508 9 10
507 519 16 9
507 520 23 2
507 528 34 2
507 555 33 7
507 556 16 8
508 521 22 9
508 522 29 10
508 523 5 3
508 524 8 1
525 526 34 1
525 527 7 5
525 528 7 6
525 529 41 4
525 530 31 10
525 531 40 8
525 532 23 4
525 533 4 5
525 534 12 5
525 535 20 7
526 527 38 8
526 528 42 4
526 529 25 5
526 530 31 4
526 536 47 2
526 557 12 10
527 528 34 6
527 529 9 1
527 530 15 9
527 537 41 2
527 538 13 6
527 555 18 8
528 529 26 1
528 530 6 2
528 539 41 10
528 540 48 2
528 541 12 4
528 542 4 10
528 543 6 3
528 544 8 1
528 545 23 1
528 546 35 8
528 547 39 7
529 530 10 3
529 548 23 9
529 549 28 1
529 550 35 3
529 551 22 1
529 552 31 9
530 553 43 2
530 554 4 10
555 556 21 3
555 557 24 3
555 558 29 3
555 559 37 6
555 560 25 9
555 561 47 3
555 562 8 3
555 563 22 1
555 564 13 1
556 557 42 6
556 558 37 8
556 559 8 3
556 560 7 1
556 561 48 7
556 562 50 3
556 563 50 2
556 565 50 9
556 566 42 8
557 558 46 2
557 559 49 3
557 560 6 9
557 561 45 9
557 562 39 1
557 563 27 5
557 567 26 8
557 568 27 8
557 569 16 5
557 570 24 2
557 571 14 6
557 572 11 7
557 573 20 4
557 574 44 9
557 575 49 5
558 559 27 2
558 560 5 6
558 561 10 2
558 562 23 3
558 563 31 7
558 576 40 3
558 577 31 10
558 578 35 5
558 579 33 8
558 580 2 8
558 581 4 4
559 560 19 7
559 561 3 9
559 562 39 2
559 563 17 5
559 582 16 7
559 583 24 9
560 561 23 2
560 562 3 10
560 563 34 5
560 584 25 3
560 585 19 1
560 586 46 2
560 587 17 3
561 562 49 2
561 563 23 4
561 588 11 2
561 589 9 6
561 590 5 1
561 591 4 2
562 563 41 9
562 592 47 3
562 593 43 2
562 594 2 10
562 595 21 8
562 596 19 8
563 597 37 6
563 598 9 9
563 599 46 3
578 496 21 7

0 359 7
1 123 11
2 139 31
3 438 6
4 60 7
5 32 2
6 170 7
7 118 31
8 145 6
9 142 14
10 539 22
11 228 5
12 296 9
13 23 12
14 540 34
15 488 7
16 487 26
17 178 10
18 465 21
19 177 7
20 517 8
21 241 12
22 420 16
23 304 9
24 480 7
25 337 6
26 207 21
27 260 23
28 59 32
29 354 11
30 463 5
31 322 4
32 341 4
33 120 17
34 122 7
35 581 3
36 424 11
37 477 7
38 253 12
39 19 11
40 566 14
41 24 5
42 187 9
43 244 23
44 107 16
45 176 2
46 233 14
47 514 8
48 235 5
49 515 15
50 213 16
51 582 5
52 553 19
53 7 19
54 62 8
55 286 4
56 342 7
57 306 3
58 247 6
59 405 11
60 34 15
61 157 20
62 334 15
63 262 11
64 50 12
65 31 23
66 538 8
67 447 2
68 38 5
69 134 25
70 498 18
71 66 13
72 386 2
73 108 12
74 158 27
75 20 17
76 338 6
77 543 2
78 16 7
79 586 30
80 200 20
81 179 23
82 349 18
83 548 10
84 577 9
85 402 5
86 536 30
87 273 18
88 596 13
89 217 11
90 80 6
91 152 2
92 343 20
93 196 15
94 231 10
95 587 7
96 97 29
97 249 25
98 309 28
99 56 2
100 153 13
101 215 11
102 143 22
103 469 19
104 357 7
105 574 12
106 318 11
107 283 7
108 209 11
109 269 3
110 541 5
111 117 10
112 404 12
113 400 2
114 393 9
115 77 23
116 446 12
117 361 8
118 33 21
119 84 11
120 598 4
121 192 6
122 592 30
123 259 13
124 22 17
125 280 14
126 433 9
127 291 14
128 403 6
129 483 9
130 485 14
131 8 10
132 9 22
133 307 17
134 104 8
135 164 11
136 186 13
137 385 15
138 509 32
139 169 10
140 459 3
141 449 14
142 197 2
143 593 30
144 568 18
145 549 13
146 495 4
147 513 4
148 103 11
149 546 11
150 28 24
151 149 5
152 432 4
153 344 3
154 250 9
155 570 8
156 565 21
157 490 1
158 214 12
159 316 4
160 345 2
161 251 2
162 599 16
163 174 14
164 511 11
165 580 2
166 119 21
167 382 16
168 516 13
169 282 17
170 232 7
171 263 11
172 464 3
173 267 5
174 572 6
175 265 10
176 462 10
177 484 3
178 394 13
179 467 37
180 434 25
181 229 33
182 49 10
183 360 10
184 379 23
185 425 20
186 594 1
187 518 25
188 591 3
189 356 5
190 468 17
191 193 27
192 310 19
193 51 19
194 550 23
195 101 18
196 155 16
197 564 7
198 154 4
199 230 35
200 65 9
201 461 10
202 492 26
203 270 7
204 426 8
205 336 5
206 67 8
207 89 11
208 6 10
209 412 20
210 407 25
211 268 1
212 27 9
213 237 5
214 242 9
215 57 7
216 46 11
217 371 11
218 99 5
219 202 6
220 132 10
221 64 15
222 411 8
223 335 17
224 329 10
225 168 7
226 340 15
227 293 4
228 135 11
229 454 9
230 219 14
231 423 9
232 575 30
233 271 4
234 17 5
235 545 8
236 504 4
237 533 3
238 576 25
239 254 18
