600 1524 240

0 25 200
1 50 500
2 100 1200
3 150 2800
4 200 4500
5 250 7000

0 1500
1 1500
2 1500
3 1500
4 1000
5 2000
6 1000
7 2000
8 2000
9 1000
10 1000
11 2000
12 1000
13 1000
14 2000
15 2000
16 2000
17 2000
18 1000
19 2000
20 1000
21 1500
22 1500
23 1000
24 1500
25 500
26 2000
27 2000
28 2000
29 2000
30 1000
31 2000
32 2000
33 1000
34 2000
35 1000
36 2000
37 1000
38 2000
39 1000
40 500
41 2000
42 2000
43 1000
44 2000
45 1000
46 1500
47 1500
48 1000
49 500
50 500
51 500
52 1000
53 1000
54 1000
55 1000
56 1000
57 2000
58 2000
59 2000
60 1000
61 1000
62 1000
63 500
64 500
65 1000
66 1500
67 1500
68 1500
69 1500
70 1500
71 1500
72 1500
73 1500
74 500
75 2000
76 2000
77 2000
78 2000
79 1000
80 2000
81 1000
82 2000
83 2000
84 1000
85 2000
86 1000
87 2000
88 1000
89 1000
90 2000
91 2000
92 1000
93 1000
94 2000
95 2000
96 1000
97 2000
98 1000
99 1000
100 2000
101 2000
102 1000
103 2000
104 1000
105 2000
106 2000
107 1000
108 2000
109 1000
110 1500
111 1500
112 1500
113 1500
114 1000
115 1000
116 2000
117 2000
118 1000
119 2000
120 1000
121 2000
122 1000
123 2000
124 2000
125 2000
126 2000
127 1000
128 1000
129 1000
130 2000
131 2000
132 1000
133 1000
134 2000
135 500
136 500
137 500
138 500
139 500
140 1500
141 1500
142 2000
143 1000
144 2000
145 1000
146 2000
147 1000
148 2000
149 1000
150 1500
151 1500
152 1500
153 1500
154 2000
155 1000
156 1000
157 1000
158 2000
159 1000
160 2000
161 1000
162 1000
163 1000
164 1000
165 2000
166 2000
167 2000
168 2000
169 1000
170 1500
171 1000
172 1500
173 1500
174 2000
175 1000
176 2000
177 500
178 2000
179 1000
180 1000
181 2000
182 1000
183 2000
184 1000
185 1000
186 2000
187 2000
188 2000
189 1000
190 1500
191 1000
192 1000
193 2000
194 1000
195 1500
196 1500
197 2000
198 1000
199 1000
200 2000
201 2000
202 1000
203 1000
204 1000
205 1500
206 1500
207 1500
208 1500
209 2000
210 2000
211 1000
212 2000
213 2000
214 1000
215 1000
216 2000
217 1000
218 1000
219 2000
220 2000
221 2000
222 1000
223 2000
224 1000
225 1500
226 1500
227 1500
228 1000
229 1500
230 1500
231 1000
232 2000
233 1000
234 2000
235 1000
236 1000
237 2000
238 2000
239 1000
240 1000
241 2000
242 2000
243 2000
244 2000
245 1000
246 500
247 500
248 500
249 500
250 1000
251 2000
252 1000
253 2000
254 2000
255 2000
256 2000
257 500
258 500
259 500
260 1500
261 1500
262 1000
263 1500
264 1000
265 1000
266 1000
267 2000
268 1000
269 1000
270 2000
271 1000
272 1000
273 1000
274 2000
275 2000
276 500
277 500
278 2000
279 2000
280 1000
281 1500
282 1500
283 1500
284 1000
285 1500
286 500
287 500
288 500
289 2000
290 1000
291 1000
292 2000
293 2000
294 1000
295 2000
296 1000
297 1000
298 2000
299 2000
300 1000
301 2000
302 500
303 2000
304 2000
305 1000
306 2000
307 1000
308 2000
309 2000
310 1500
311 1000
312 2000
313 1000
314 1000
315 1500
316 1500
317 1000
318 1500
319 1000
320 1500
321 1000
322 2000
323 1000
324 1000
325 1000
326 2000
327 1000
328 2000
329 2000
330 500
331 1000
332 2000
333 1000
334 2000
335 2000
336 500
337 500
338 1000
339 2000
340 2000
341 2000
342 2000
343 1000
344 2000
345 1500
346 1500
347 1500
348 1500
349 2000
350 2000
351 1000
352 1000
353 2000
354 1000
355 2000
356 1000
357 2000
358 1000
359 2000
360 1000
361 1000
362 2000
363 1000
364 2000
365 1500
366 1500
367 1500
368 1500
369 1500
370 1500
371 2000
372 1000
373 1000
374 1000
375 1000
376 2000
377 1000
378 1000
379 2000
380 1000
381 2000
382 1000
383 2000
384 2000
385 1000
386 2000
387 2000
388 2000
389 2000
390 1000
391 1000
392 1000
393 1000
394 2000
395 1500
396 1500
397 1500
398 1500
399 2000
400 2000
401 2000
402 2000
403 2000
404 1000
405 2000
406 2000
407 2000
408 2000
409 1000
410 1000
411 2000
412 1000
413 1000
414 2000
415 1500
416 1500
417 1500
418 1500
419 1500
420 1000
421 2000
422 1000
423 1000
424 1000
425 2000
426 1000
427 2000
428 2000
429 1000
430 1000
431 2000
432 2000
433 1000
434 1000
435 2000
436 2000
437 2000
438 1000
439 2000
440 1500
441 1500
442 2000
443 2000
444 1000
445 2000
446 1000
447 1000
448 2000
449 1000
450 1500
451 1500
452 2000
453 2000
454 2000
455 2000
456 2000
457 1000
458 2000
459 2000
460 1500
461 1500
462 1500
463 1000
464 2000
465 1000
466 2000
467 2000
468 1000
469 1000
470 1000
471 1000
472 2000
473 2000
474 1000
475 1500
476 1500
477 1500
478 2000
479 2000
480 1000
481 2000
482 2000
483 2000
484 2000
485 1000
486 1000
487 2000
488 2000
489 1000
490 1500
491 1500
492 1500
493 2000
494 2000
495 2000
496 2000
497 2000
498 1000
499 1000
500 1000
501 1000
502 1000
503 2000
504 2000
505 1500
506 1500
507 1000
508 1000
509 1500
510 2000
511 1000
512 1000
513 1000
514 2000
515 1000
516 1000
517 1000
518 2000
519 1000
520 2000
521 1000
522 1000
523 500
524 500
525 1000
526 2000
527 2000
528 1000
529 2000
530 1500
531 1500
532 2000
533 2000
534 2000
535 1000
536 1000
537 1000
538 2000
539 1000
540 1500
541 1500
542 1000
543 1500
544 1500
545 2000
546 1000
547 2000
548 1000
549 2000
550 1000
551 1000
552 1000
553 1000
554 2000
555 500
556 2000
557 2000
558 1000
559 2000
560 2000
561 1000
562 2000
563 1000
564 2000
565 1500
566 1500
567 1500
568 1500
569 1000
570 2000
571 2000
572 2000
573 2000
574 2000
575 2000
576 1000
577 2000
578 1000
579 1000
580 2000
581 2000
582 1000
583 1000
584 1000
585 1500
586 1500
587 1500
588 1000
589 2000
590 1000
591 1000
592 2000
593 2000
594 2000
595 2000
596 2000
597 1000
598 2000
599 2000

0 1 29 2
0 2 5 8
0 3 10 7
0 4 32 4
0 5 25 9
0 6 17 8
0 7 32 9
0 8 1 9
0 9 18 1
0 195 24 7
0 206 34 2
0 207 1 6
0 345 26 2
0 347 35 8
0 368 48 1
0 370 37 5
0 396 29 7
0 419 9 5
0 450 28 1
0 475 28 9
0 585 20 2
1 2 19 9
1 3 48 5
1 10 20 2
1 11 36 4
1 12 7 2
1 21 40 4
1 23 3 3
1 46 32 7
1 65 46 9
1 140 28 10
1 196 20 1
1 225 9 10
1 317 28 6
1 440 39 4
1 441 39 3
1 492 13 1
1 505 3 10
1 530 44 7
1 531 3 2
1 540 2 1
1 542 1 1
1 565 42 6
2 3 24 3
2 13 47 4
2 14 10 3
2 15 38 5
2 16 37 2
2 47 24 9
2 70 33 10
2 140 44 4
2 173 43 8
2 261 29 8
2 319 33 6
2 462 21 10
2 477 17 8
2 490 4 3
2 566 42 10
3 17 38 6
3 18 50 7
3 19 11 8
3 111 17 5
3 112 41 4
3 150 47 6
3 151 11 10
3 171 12 4
3 190 46 9
3 231 45 3
3 261 42 6
3 283 43 5
3 310 41 3
3 396 15 4
3 415 25 7
3 450 23 5
3 461 20 9
3 505 32 1
3 586 14 7
20 21 23 6
20 22 4 5
20 23 46 6
20 24 20 9
20 25 29 4
20 66 2 1
20 111 34 4
20 141 15 2
20 190 5 8
20 195 37 6
20 229 48 2
20 310 18 5
20 346 11 10
20 367 44 6
20 419 32 9
20 460 43 9
20 477 5 9
20 492 30 9
20 509 6 3
21 22 4 7
21 23 18 10
21 24 41 2
21 26 25 5
21 27 50 3
21 28 9 6
21 29 26 2
21 30 14 2
21 31 34 2
21 32 27 2
21 33 24 3
21 34 6 8
21 35 11 10
21 36 3 6
21 37 19 8
21 153 33 2
21 195 23 10
21 317 24 8
21 367 4 1
21 451 18 8
21 530 7 9
21 541 17 10
21 566 21 4
22 23 4 7
22 24 20 5
22 38 6 5
22 39 40 6
22 70 17 1
22 441 20 8
22 462 23 8
22 542 31 2
22 565 11 1
22 585 39 10
23 24 27 6
23 40 17 3
23 48 50 8
23 141 41 2
23 170 16 9
23 205 26 4
23 229 35 6
23 281 23 8
23 310 43 2
23 396 49 3
23 419 35 8
23 476 33 3
23 492 40 5
23 507 48 5
24 41 1 7
24 42 1 8
24 43 19 5
24 44 43 6
24 45 48 4
24 152 15 5
24 173 7 6
24 208 13 5
24 262 47 1
24 263 6 10
24 282 46 5
24 319 20 1
24 347 49 10
24 396 41 6
24 450 49 1
24 531 8 5
24 587 29 7
45 46 7 6
45 47 47 2
45 48 3 3
45 49 33 8
45 50 19 10
45 51 19 6
45 65 43 7
45 152 25 8
45 170 21 9
45 190 24 9
45 196 21 6
45 205 25 4
45 260 49 1
45 318 21 5
45 441 30 4
45 543 45 4
45 567 36 8
46 47 33 5
46 48 9 3
46 52 19 8
46 53 49 7
46 54 10 2
46 55 37 6
46 56 24 2
46 57 5 8
46 58 43 4
46 114 4 1
46 115 43 4
46 140 3 9
46 205 10 9
46 261 41 4
46 281 31 1
46 310 30 5
46 315 12 6
46 347 8 3
46 417 5 4
46 440 4 6
46 461 43 1
46 490 40 7
46 506 31 6
46 566 38 7
47 48 18 8
47 59 4 6
47 60 22 5
47 61 46 9
47 62 45 7
47 73 21 10
47 152 32 8
47 173 45 1
47 195 21 6
47 227 10 1
47 231 20 10
47 310 44 7
47 347 12 9
47 368 33 6
47 396 46 9
47 398 3 6
47 450 48 3
47 461 50 3
47 476 9 7
47 509 26 1
47 540 6 5
47 586 13 3
48 63 10 9
48 64 48 2
48 141 37 7
48 190 14 7
48 285 50 1
48 365 42 10
48 419 19 9
48 477 22 5
48 492 10 5
48 530 21 10
48 531 12 4
48 587 50 7
65 66 37 6
65 67 23 6
65 68 36 10
65 69 44 5
65 70 25 4
65 71 7 7
65 72 34 1
65 73 41 7
65 74 8 7
65 113 43 4
65 153 38 8
65 172 44 1
65 173 14 1
65 320 14 9
65 468 6 9
66 67 17 8
66 68 36 5
66 69 31 3
66 70 28 4
66 71 33 3
66 72 45 2
66 73 15 1
66 75 9 1
66 76 41 6
66 77 15 3
66 78 24 4
66 152 31 10
66 229 37 3
66 310 17 3
66 398 4 1
66 462 39 10
66 507 50 4
66 585 34 7
67 68 48 4
67 69 48 2
67 70 45 10
67 71 10 7
67 72 3 9
67 73 29 7
67 79 28 1
67 80 13 7
67 81 37 4
67 82 50 3
67 83 36 1
67 84 48 4
67 113 27 1
67 141 18 10
67 190 46 4
67 282 14 3
68 69 36 7
68 70 32 4
68 71 48 8
68 72 49 8
68 73 20 6
68 85 29 4
68 86 28 6
68 263 26 5
68 348 29 3
68 440 36 9
68 441 27 2
68 461 16 3
68 540 39 4
68 566 43 1
69 70 17 4
69 71 33 2
69 72 37 8
69 73 25 8
69 87 24 3
69 88 36 8
69 89 48 6
69 90 24 2
69 229 35 3
69 263 17 3
69 284 10 8
69 346 38 9
69 370 42 8
69 542 13 8
70 71 25 5
70 72 14 8
70 73 12 10
70 91 28 10
70 92 15 4
70 93 5 10
70 94 11 3
70 95 20 6
70 96 48 1
70 97 24 7
70 98 2 1
70 196 4 2
70 416 45 1
70 531 7 7
71 72 35 2
71 73 36 3
71 99 17 9
71 100 12 8
71 101 21 4
71 102 20 3
71 190 28 7
71 196 7 6
71 319 40 6
71 490 24 1
71 491 19 4
71 566 7 3
72 73 27 6
72 103 2 5
72 104 28 6
72 105 31 2
72 106 18 9
72 107 21 1
72 207 17 5
72 310 19 8
72 370 40 2
72 450 15 8
72 587 23 3
73 108 4 1
73 109 12 1
73 417 23 8
73 476 24 1
73 531 44 4
110 111 32 6
110 112 42 8
110 113 50 1
110 114 43 7
110 115 46 1
110 116 19 1
110 117 38 6
110 118 8 8
110 119 33 7
110 190 28 8
110 263 2 2
110 310 44 2
110 440 28 6
110 475 18 9
111 112 50 5
111 113 1 2
111 114 12 7
111 115 31 4
111 120 30 8
111 121 41 8
111 122 22 5
111 123 26 2
111 124 36 2
111 125 21 3
111 190 9 9
111 195 12 9
111 205 46 9
111 284 46 10
111 347 29 1
111 492 15 4
111 531 15 8
111 586 37 10
112 113 41 10
112 114 2 10
112 115 18 7
112 126 19 5
112 127 18 10
112 128 2 1
112 129 5 9
112 130 26 4
112 131 33 10
112 195 34 2
112 261 6 3
112 283 27 7
112 395 37 6
112 417 7 9
112 440 38 3
112 565 40 4
112 567 5 4
113 114 4 8
113 115 36 3
113 132 41 2
113 133 40 9
113 134 40 4
113 140 13 6
113 172 35 9
113 206 16 2
113 225 43 10
113 227 5 10
113 310 37 1
113 317 19 10
113 368 22 4
113 450 20 3
113 477 34 5
113 506 7 10
113 531 34 9
113 587 37 2
114 115 29 7
114 135 47 1
114 345 14 5
114 367 33 2
114 451 43 5
114 462 50 9
114 540 32 2
115 136 10 8
115 137 30 4
115 138 33 6
115 139 12 2
115 151 22 2
115 171 42 4
115 316 34 4
115 397 27 6
115 417 18 3
115 462 34 6
115 490 43 5
115 506 40 7
115 540 28 9
140 141 49 10
140 142 6 4
140 143 36 6
140 144 48 10
140 145 50 5
140 151 41 8
140 172 38 1
140 173 45 8
140 190 37 4
140 195 32 3
140 196 20 7
140 207 13 1
140 260 23 5
140 282 32 6
140 310 46 6
140 318 13 4
140 347 11 3
140 369 35 3
140 398 19 9
140 415 19 3
140 416 2 8
140 440 1 7
140 451 30 10
140 476 49 5
140 531 42 2
140 541 41 1
140 565 6 10
140 586 31 2
140 587 11 5
141 146 26 10
141 147 19 9
141 148 32 1
141 149 41 9
141 153 40 6
141 208 8 3
141 226 24 1
141 260 16 4
141 285 22 4
141 318 23 4
141 348 17 3
141 368 44 8
141 397 38 6
141 440 1 3
141 450 42 6
141 460 13 3
141 490 38 1
141 509 10 7
141 531 21 1
141 540 30 9
141 566 15 7
150 151 20 4
150 152 43 4
150 153 7 9
150 154 14 6
150 155 23 8
150 156 35 4
150 157 7 10
150 158 33 4
150 190 41 8
150 208 6 8
150 229 5 7
150 262 24 3
150 280 39 3
150 281 16 9
150 318 43 3
150 345 13 5
150 370 13 7
150 397 4 7
150 416 28 4
151 152 37 1
151 153 29 9
151 159 20 2
151 160 48 5
151 161 28 9
151 162 49 1
151 171 25 1
151 231 15 9
151 263 30 4
151 310 43 8
151 369 13 4
151 460 50 8
151 477 10 2
151 492 10 7
151 505 21 9
151 542 14 3
152 153 39 7
152 163 27 5
152 164 28 7
152 165 27 2
152 166 22 9
152 171 38 6
152 195 21 7
152 196 31 2
152 206 44 1
152 318 11 5
152 346 5 4
152 416 27 3
152 441 37 2
152 450 7 9
152 451 36 1
152 567 39 5
152 568 30 2
152 586 34 2
152 587 38 1
153 167 21 6
153 168 46 2
153 169 4 8
153 190 18 5
153 396 20 2
153 441 45 6
153 476 21 5
153 490 45 6
153 509 21 3
153 530 41 3
153 540 49 6
170 171 45 4
170 172 1 4
170 173 22 6
170 174 35 3
170 175 41 5
170 176 8 6
170 190 44 6
170 195 48 3
170 263 35 5
170 395 4 8
170 416 18 8
170 440 18 3
171 172 45 7
171 173 37 7
171 177 30 6
171 208 9 1
171 227 29 8
171 310 5 1
171 417 8 3
171 441 7 2
171 450 26 6
171 451 32 7
171 460 31 1
171 506 25 9
171 586 42 7
172 173 22 1
172 178 50 10
172 179 27 4
172 180 38 3
172 181 13 10
172 190 38 7
172 196 17 7
172 208 42 2
172 227 18 9
172 315 19 10
172 345 25 10
172 348 50 2
172 370 18 8
172 395 46 6
172 460 15 6
172 492 15 5
172 507 6 9
172 530 5 3
172 565 25 9
172 586 6 4
173 182 32 7
173 183 36 7
173 184 22 1
173 185 35 10
173 186 44 4
173 187 23 7
173 188 38 8
173 189 12 6
173 262 44 6
173 280 15 3
173 284 24 9
173 369 41 7
173 475 44 8
173 477 30 6
173 490 17 8
173 531 11 8
173 542 49 5
173 543 8 5
173 565 50 7
190 191 20 4
190 192 41 6
190 193 26 1
190 194 15 10
190 196 45 5
190 205 4 6
190 206 6 3
190 227 24 7
190 231 36 4
190 261 16 10
190 262 18 3
190 283 30 6
190 310 27 6
190 315 35 1
190 318 10 3
190 347 43 7
190 348 23 6
190 365 19 8
190 370 27 2
190 395 37 4
190 397 3 6
190 415 19 8
190 416 3 4
190 440 47 6
190 441 19 1
190 450 39 9
190 451 35 10
190 460 46 3
190 462 23 7
190 477 45 1
190 490 40 3
190 492 35 7
190 507 29 7
190 509 13 2
190 531 37 2
190 540 6 5
190 542 36 4
190 566 20 9
190 567 1 2
190 585 28 6
190 586 36 3
195 196 50 2
195 197 12 7
195 198 27 1
195 199 37 4
195 200 46 4
195 206 16 7
195 230 20 4
195 261 48 2
195 283 4 5
195 284 20 8
195 310 30 3
195 315 7 2
195 345 14 4
195 347 21 1
195 368 4 10
195 395 7 9
195 419 18 7
195 440 37 10
195 450 1 5
195 476 27 3
195 490 36 4
195 508 20 3
195 530 29 7
195 531 30 9
196 201 28 3
196 202 44 1
196 203 34 8
196 204 22 4
196 230 21 6
196 310 38 3
196 367 48 7
196 419 26 1
196 441 23 4
196 450 18 5
196 461 41 1
196 462 6 9
196 508 47 9
196 540 50 9
196 542 16 3
196 566 29 2
196 568 14 8
196 585 41 6
205 206 18 10
205 207 29 1
205 208 27 1
205 209 36 8
205 210 28 2
205 310 41 4
205 368 27 2
205 398 11 3
205 419 34 4
205 491 18 2
205 492 11 4
205 507 6 7
205 531 13 3
206 207 24 1
206 208 28 3
206 211 6 8
206 212 22 1
206 213 33 3
206 214 50 4
206 282 25 8
206 310 23 2
206 319 21 10
206 345 20 4
206 441 21 1
206 450 17 1
206 507 20 7
206 543 22 2
206 585 21 8
206 586 28 2
207 208 32 6
207 215 9 8
207 216 44 9
207 217 9 9
207 218 8 2
207 219 50 10
207 220 41 10
207 262 38 7
207 283 47 9
207 346 1 6
207 370 3 10
207 441 12 6
207 460 27 10
207 476 5 7
207 531 16 6
207 542 7 6
207 568 13 5
208 221 25 6
208 222 10 2
208 223 40 9
208 224 10 1
208 228 42 9
208 261 8 1
208 319 20 8
208 395 13 9
208 416 2 4
208 451 6 1
208 460 21 4
208 568 33 3
225 226 43 6
225 227 14 4
225 228 9 1
225 229 27 1
225 230 27 5
225 231 3 4
225 232 3 5
225 233 29 4
225 234 5 8
225 235 8 6
225 236 48 1
225 398 24 2
225 441 4 4
225 451 50 8
225 460 32 6
225 476 35 4
225 585 5 5
226 227 10 3
226 228 34 9
226 229 9 5
226 230 31 4
226 231 27 3
226 237 23 3
226 238 45 2
226 239 48 6
226 240 40 5
226 241 5 1
226 242 43 2
226 419 28 3
226 531 46 1
226 568 6 5
227 228 30 8
227 229 4 6
227 230 18 4
227 231 13 8
227 243 42 10
227 244 30 8
227 245 4 3
227 365 18 7
227 368 7 4
227 492 12 8
227 508 13 9
228 229 12 10
228 230 9 1
228 231 50 10
228 246 7 9
228 247 16 8
228 248 20 10
228 249 6 5
228 310 6 7
228 541 6 4
229 230 26 6
229 231 3 3
229 250 5 7
229 251 48 1
229 252 30 1
229 260 6 3
229 348 30 8
229 461 43 5
230 231 10 10
230 253 44 10
230 254 36 9
230 255 5 5
230 256 50 7
230 262 24 3
230 310 42 4
230 315 46 9
230 345 49 2
230 398 9 4
230 450 19 9
230 477 14 6
230 491 1 5
230 541 38 4
230 565 8 5
231 257 5 3
231 258 16 10
231 259 29 3
231 283 42 1
231 417 35 9
231 440 26 10
231 506 30 4
231 530 15 6
231 587 2 5
260 261 4 6
260 262 49 2
260 263 43 5
260 264 48 2
260 265 9 1
260 266 36 9
260 267 50 1
260 268 6 6
260 310 26 5
260 347 31 8
260 367 37 1
260 417 25 5
260 441 20 7
260 450 31 9
260 530 18 1
260 543 40 6
260 567 34 3
260 586 39 5
260 587 11 10
261 262 40 2
261 263 29 4
261 269 44 9
261 270 45 9
261 271 26 10
261 272 20 8
261 273 36 4
261 274 41 6
261 275 38 10
261 282 26 5
261 531 12 10
262 263 33 9
262 276 31 7
262 277 15 7
262 281 18 7
262 318 47 7
262 345 30 4
262 395 25 10
262 440 25 6
262 450 32 6
262 460 50 9
262 476 2 4
262 492 6 10
262 505 12 8
262 509 3 9
262 540 40 1
262 566 32 9
263 278 11 7
263 279 8 4
263 316 47 5
263 398 45 10
263 417 35 8
263 460 50 6
263 476 21 6
280 281 21 5
280 282 27 4
280 283 17 9
280 284 37 1
280 285 22 3
280 286 29 1
280 287 11 7
280 288 17 1
280 369 1 8
280 395 28 5
280 491 27 5
281 282 36 8
281 283 5 7
281 284 22 5
281 285 18 3
281 289 44 3
281 290 34 8
281 291 28 8
281 292 9 8
281 310 21 7
281 417 12 4
281 585 46 1
282 283 10 1
282 284 37 10
282 285 2 7
282 293 15 8
282 294 44 3
282 295 36 5
282 296 17 10
282 319 19 8
282 367 44 4
282 475 34 4
282 540 7 9
283 284 21 4
283 285 13 8
283 297 50 1
283 298 2 3
283 299 25 6
283 300 20 2
283 301 26 9
283 348 40 7
283 416 8 6
283 451 10 9
283 477 29 3
283 492 30 8
283 506 44 9
283 531 30 7
283 567 4 5
284 285 2 6
284 302 33 10
284 310 46 5
284 345 50 5
284 440 2 1
284 461 31 10
284 505 2 1
284 530 21 3
285 303 42 10
285 304 47 5
285 305 35 7
285 306 34 9
285 307 31 3
285 308 38 7
285 309 20 1
285 318 31 9
285 398 45 4
285 441 36 2
285 451 34 10
285 462 11 8
285 543 47 7
285 568 20 10
285 587 18 5
310 311 46 2
310 312 9 2
310 313 27 5
310 314 35 8
310 319 35 3
310 320 43 4
310 347 1 9
310 348 1 6
310 368 41 9
310 369 25 6
310 395 17 3
310 398 24 6
310 419 19 5
310 440 13 7
310 450 27 7
310 451 47 6
310 461 11 4
310 462 19 5
310 475 25 10
310 476 49 9
310 491 27 7
310 492 9 1
310 507 13 4
310 530 24 4
310 531 17 10
310 542 43 9
310 543 7 10
310 565 19 1
310 568 42 4
310 585 31 9
315 316 8 5
315 317 5 7
315 318 50 4
315 319 45 3
315 320 36 10
315 321 47 2
315 322 45 8
315 323 25 8
315 324 27 2
315 367 35 9
315 417 44 6
315 451 2 4
315 544 14 6
315 568 1 6
315 585 24 7
316 317 2 9
316 318 12 5
316 319 37 10
316 320 24 5
316 325 30 10
316 326 31 6
316 327 21 10
316 328 5 3
316 329 30 6
316 369 38 6
316 440 19 2
316 462 8 2
316 531 3 7
317 318 31 8
317 319 26 5
317 320 17 7
317 330 32 1
317 347 49 3
317 417 23 5
317 461 18 5
317 475 9 4
317 508 22 7
317 586 34 7
318 319 14 7
318 320 47 1
318 331 9 3
318 332 22 2
318 333 2 8
318 334 27 7
318 335 46 9
318 396 20 9
318 451 30 1
318 492 3 9
318 567 43 6
319 320 3 3
319 336 25 8
319 337 1 5
319 345 20 2
319 475 24 9
319 507 44 7
319 530 26 5
320 338 38 3
320 339 3 3
320 340 9 6
320 341 29 5
320 342 47 9
320 343 40 10
320 344 9 6
320 395 46 2
320 440 40 6
320 492 20 5
320 544 10 8
345 346 23 4
345 347 38 2
345 348 22 5
345 349 28 5
345 350 9 4
345 351 45 7
345 352 9 4
345 416 38 1
345 476 30 2
346 347 12 3
346 348 9 10
346 353 3 2
346 368 26 4
346 396 45 6
346 417 2 9
346 441 22 1
346 450 43 9
346 491 24 8
346 505 33 8
346 531 15 8
346 544 28 9
346 567 47 3
346 585 36 2
346 587 48 7
347 348 39 4
347 354 27 6
347 355 31 5
347 356 18 10
347 357 34 3
347 358 21 9
347 359 38 1
347 360 13 3
347 361 16 6
347 367 15 5
347 396 1 7
347 450 28 3
347 460 6 1
347 462 22 4
347 566 11 5
348 362 41 4
348 363 41 4
348 364 7 5
348 440 11 8
348 475 44 1
348 491 18 1
348 507 38 1
348 540 30 4
365 366 28 8
365 367 9 3
365 368 6 2
365 369 47 3
365 370 23 10
365 371 16 1
365 372 44 7
365 373 15 5
365 374 27 1
365 462 31 8
365 477 10 3
365 540 3 2
365 566 29 10
365 568 31 4
366 367 5 6
366 368 36 7
366 369 28 1
366 370 27 7
366 375 21 2
366 376 40 10
366 377 10 8
366 506 25 4
366 530 3 7
367 368 32 5
367 369 19 3
367 370 29 9
367 378 33 3
367 379 9 6
367 380 48 3
367 381 35 7
367 440 46 2
367 585 25 6
368 369 45 6
368 370 9 9
368 382 30 9
368 383 12 2
368 384 12 1
368 417 14 9
368 461 40 3
368 490 5 3
368 505 14 6
369 370 20 8
369 385 40 9
369 386 28 3
369 387 14 3
369 388 42 7
369 395 34 2
369 451 45 10
369 477 2 2
369 491 45 9
369 542 19 8
370 389 46 7
370 390 31 4
370 391 8 10
370 392 23 4
370 393 10 8
370 394 17 7
370 396 9 2
370 417 33 5
370 440 30 7
370 451 44 3
370 530 49 5
370 587 16 4
395 396 33 5
395 397 31 4
395 398 41 4
395 399 21 7
395 400 11 4
395 415 20 7
395 450 4 2
395 460 31 4
395 476 41 1
395 490 44 4
395 505 3 1
396 397 6 6
396 398 21 10
396 401 13 1
396 402 38 5
396 403 16 2
396 404 26 4
396 450 2 5
396 461 15 8
396 476 40 1
396 491 44 10
397 398 20 7
397 405 3 5
397 406 24 2
397 407 22 8
397 408 2 2
397 417 23 2
397 440 21 7
397 531 26 8
397 540 37 4
397 585 19 5
398 409 18 8
398 410 28 1
398 411 3 1
398 412 2 3
398 413 26 10
398 414 17 4
398 440 46 1
398 505 42 7
398 530 5 9
398 541 14 9
398 568 4 10
398 586 18 3
415 416 44 6
415 417 3 7
415 418 29 3
415 419 1 3
415 420 4 4
415 421 3 4
415 422 20 4
415 462 34 9
415 490 2 1
415 543 43 1
415 567 31 5
415 585 6 4
416 417 37 9
416 418 4 5
416 419 19 8
416 423 16 8
416 424 49 7
416 425 36 6
416 426 4 6
416 427 36 3
416 428 49 1
416 429 41 3
416 440 3 7
416 490 50 6
416 507 7 2
416 543 42 3
417 418 25 8
417 419 26 5
417 430 22 8
417 431 9 6
417 441 19 1
417 451 45 1
417 460 30 4
417 587 13 9
418 419 13 9
418 432 47 5
418 433 24 3
418 434 36 2
418 435 22 6
418 436 19 8
418 437 30 4
418 438 30 1
418 475 42 6
418 531 20 6
418 568 7 10
419 439 18 9
419 451 33 8
419 506 5 5
419 530 8 4
440 441 20 6
440 442 26 1
440 443 7 3
440 444 25 8
440 451 31 5
440 462 23 2
440 476 8 5
440 477 25 1
440 491 14 10
440 530 36 10
440 531 50 8
440 544 44 7
440 568 46 5
440 585 18 4
440 587 4 3
441 445 50 3
441 446 17 4
441 447 50 4
441 448 46 6
441 449 19 3
441 450 25 1
441 460 33 5
441 492 4 9
441 506 9 10
441 544 35 9
441 567 30 5
450 451 27 9
450 452 13 3
450 453 33 9
450 454 32 5
450 455 8 6
450 456 1 9
450 462 34 1
450 475 15 5
450 507 40 1
450 530 29 3
450 531 11 10
450 544 5 9
450 566 36 8
451 457 29 3
451 458 35 7
451 459 26 9
451 460 14 2
451 476 18 8
451 492 38 4
451 506 16 6
451 542 18 7
451 566 6 1
451 586 26 9
451 587 40 2
460 461 43 2
460 462 50 9
460 463 33 7
460 464 29 7
460 465 46 3
460 476 5 5
460 530 37 10
460 541 23 6
460 542 27 1
460 587 35 10
461 462 47 4
461 466 45 8
461 467 26 6
461 468 44 2
461 469 46 6
461 470 27 6
461 490 36 10
461 505 30 7
461 506 14 5
461 530 50 5
462 471 3 6
462 472 37 10
462 473 21 1
462 474 7 10
462 475 44 8
462 492 25 8
462 565 30 9
462 568 39 3
462 586 11 10
475 476 42 5
475 477 12 2
475 478 16 1
475 492 10 9
475 531 34 9
475 541 17 2
475 587 7 1
476 477 47 7
476 479 5 7
476 505 8 6
476 509 13 7
476 540 35 4
476 565 29 8
477 480 45 6
477 481 45 8
477 482 19 8
477 483 10 1
477 484 22 1
477 485 26 1
477 486 25 2
477 487 25 1
477 488 21 5
477 489 5 10
477 530 18 10
477 565 28 6
477 587 4 1
490 491 30 8
490 492 40 7
490 493 32 9
490 494 21 1
490 495 26 8
490 496 26 1
490 497 12 7
490 506 4 6
490 509 41 8
490 531 44 3
490 543 44 10
490 568 36 2
490 587 11 2
491 492 7 5
491 498 28 6
491 499 2 6
491 500 9 3
491 501 47 10
491 502 7 1
491 503 40 3
491 587 24 4
492 504 15 3
492 531 12 2
492 540 24 6
492 567 42 10
505 506 38 10
505 507 48 9
505 508 34 3
505 509 1 10
505 510 18 7
505 511 18 1
505 512 35 7
505 513 6 9
505 514 13 9
505 515 30 10
505 516 29 10
505 541 32 3
505 585 20 8
506 507 21 7
506 508 9 5
506 509 20 2
506 517 36 1
506 518 40 2
506 519 22 2
506 520 16 3
506 521 16 7
506 522 36 6
506 530 38 5
506 566 2 7
506 586 16 6
507 508 15 3
507 509 40 4
507 523 14 5
507 540 21 6
508 509 41 10
508 524 20 6
508 565 38 7
509 525 8 5
509 526 14 5
509 527 47 6
509 528 37 7
509 529 47 6
509 531 4 10
530 531 28 2
530 532 32 2
530 533 13 3
530 534 4 8
530 535 49 1
531 536 19 4
531 537 50 2
531 538 13 9
531 539 8 3
531 540 32 9
531 541 1 1
531 566 46 5
531 568 25 6
531 585 10 4
531 587 5 3
540 541 13 2
540 542 2 8
540 543 25 9
540 544 25 7
540 545 17 9
540 546 34 2
540 547 44 10
540 586 38 9
541 542 9 3
541 543 49 5
541 544 41 7
541 548 15 4
541 549 25 7
541 550 30 4
541 551 39 1
541 552 20 9
541 553 21 2
541 554 1 8
542 543 4 3
542 544 25 10
542 555 31 4
543 544 49 1
543 556 4 4
543 567 50 6
544 557 43 4
544 558 27 5
544 559 21 7
544 560 50 9
544 561 2 10
544 562 21 7
544 563 23 2
544 564 46 8
544 567 35 5
544 585 33 7
565 566 36 2
565 567 7 8
565 568 22 4
565 569 47 9
565 570 36 10
565 586 32 1
566 567 7 7
566 568 41 6
566 571 19 10
566 572 9 2
566 573 14 3
566 586 27 7
567 568 35 9
567 574 30 10
567 575 21 1
567 576 47 3
567 577 12 1
567 578 44 9
567 579 31 3
567 580 16 2
568 581 33 7
568 582 49 8
568 583 11 6
568 584 31 9
575 496 23 5
585 586 14 9
585 587 33 7
585 588 26 10
585 589 49 6
585 590 27 7
585 591 43 5
586 587 26 1
586 592 27 2
586 593 16 4
586 594 8 4
586 595 47 3
587 596 27 10
587 597 13 6
587 598 34 7
587 599 50 4

0 435 5
1 364 4
2 116 5
3 593 7
4 304 19
5 293 8
6 188 13
7 389 31
8 201 13
9 432 25
10 292 3
11 494 11
12 496 13
13 431 5
14 166 9
15 243 25
16 97 6
17 181 4
18 125 13
19 532 9
20 518 16
21 453 16
22 238 25
23 534 2
24 538 9
25 386 14
26 326 20
27 121 20
28 592 8
29 387 6
30 200 15
31 344 6
32 443 5
33 94 3
34 371 4
35 220 19
36 85 13
37 7 18
38 428 30
39 134 12
40 183 10
41 533 5
42 421 2
43 76 25
44 328 3
45 408 2
46 436 7
47 197 5
48 91 13
49 82 15
50 44 18
51 242 22
52 581 17
53 32 18
54 28 5
55 559 14
56 210 18
57 562 10
58 425 8
59 481 22
60 251 29
61 406 7
62 503 24
63 439 10
64 403 8
65 414 10
66 267 30
67 448 23
68 5 6
69 11 11
70 455 3
71 454 10
72 329 21
73 119 11
74 362 29
75 479 3
76 209 20
77 376 24
78 100 7
79 14 5
80 301 16
81 589 25
82 27 17
83 599 29
84 219 33
85 77 10
86 303 21
87 160 13
88 106 12
89 295 9
90 178 30
91 78 15
92 126 9
93 570 16
94 456 1
95 274 9
96 75 4
97 16 26
98 401 5
99 176 6
100 29 10
101 557 10
102 487 15
103 237 15
104 526 7
105 459 11
106 379 3
107 493 10
108 388 20
109 478 7
110 253 13
111 529 25
112 488 11
113 596 13
114 216 10
115 580 7
116 514 7
117 577 4
118 34 2
119 547 31
120 573 5
121 335 10
122 445 28
123 359 25
124 510 9
125 357 24
126 87 6
127 221 11
128 383 5
129 545 5
130 38 3
131 405 2
132 58 24
133 467 10
134 57 3
135 483 6
136 36 1
137 167 12
138 31 12
139 117 26
140 341 6
141 312 5
142 19 6
143 299 13
144 154 4
145 298 2
146 308 24
147 598 9
148 158 9
149 407 8
150 464 9
151 595 16
152 105 18
153 15 8
154 256 26
155 124 21
156 306 10
157 108 3
158 95 5
159 574 14
160 571 8
161 411 1
162 384 7
163 80 5
164 146 8
165 339 2
166 244 10
167 442 16
168 520 6
169 355 14
170 123 17
171 131 8
172 560 30
173 223 9
174 278 7
175 90 6
176 427 19
177 484 15
178 83 25
179 452 5
180 8 1
181 279 6
182 168 32
183 289 22
184 340 2
185 495 11
186 472 21
187 399 9
188 572 4
189 353 2
190 255 4
191 187 15
192 275 17
193 144 31
194 594 6
195 103 1
196 193 13
197 270 26
198 322 28
199 42 1
200 142 4
201 504 8
202 309 6
203 473 14
204 458 14
205 174 16
206 381 19
207 41 1
208 17 24
209 334 18
210 350 7
211 342 16
212 466 20
213 101 7
214 26 17
215 482 6
216 148 18
217 400 4
218 402 14
219 232 2
220 254 11
221 212 8
222 186 11
223 497 5
224 241 2
225 554 1
226 59 2
227 394 8
228 564 15
229 332 14
230 234 2
231 130 7
232 349 7
233 575 18
234 437 16
235 549 14
236 213 11
237 556 1
238 165 10
239 527 15
