600 1550 240

0 25 200
1 50 500
2 100 1200
3 150 2800
4 200 4500
5 250 7000

0 1500
1 1500
2 1000
3 2000
4 2000
5 1000
6 1000
7 2000
8 2000
9 2000
10 1000
11 1000
12 2000
13 2000
14 500
15 1500
16 1500
17 1500
18 1500
19 1500
20 1500
21 1500
22 2000
23 1000
24 2000
25 1000
26 1000
27 1000
28 2000
29 2000
30 1000
31 1000
32 2000
33 2000
34 2000
35 2000
36 2000
37 1000
38 1000
39 1000
40 2000
41 2000
42 2000
43 2000
44 2000
45 1000
46 2000
47 1000
48 1000
49 1000
50 1500
51 1500
52 1500
53 1000
54 1500
55 1500
56 2000
57 1000
58 2000
59 1000
60 2000
61 1000
62 2000
63 2000
64 1000
65 1000
66 1000
67 2000
68 500
69 500
70 1000
71 2000
72 2000
73 1000
74 1000
75 2000
76 1000
77 1000
78 1000
79 2000
80 1500
81 1000
82 1500
83 1500
84 1000
85 1500
86 1500
87 1500
88 1500
89 2000
90 1000
91 1000
92 2000
93 1000
94 500
95 500
96 500
97 500
98 500
99 2000
100 1000
101 1000
102 1000
103 2000
104 2000
105 1000
106 1000
107 2000
108 1000
109 1000
110 500
111 500
112 2000
113 2000
114 2000
115 2000
116 1000
117 2000
118 1000
119 1000
120 2000
121 1000
122 1000
123 2000
124 2000
125 1500
126 1000
127 2000
128 2000
129 1000
130 1500
131 1500
132 1500
133 1000
134 2000
135 1000
136 2000
137 1000
138 2000
139 2000
140 1000
141 2000
142 1000
143 2000
144 2000
145 1000
146 1500
147 1500
148 1500
149 500
150 500
151 2000
152 2000
153 1000
154 1000
155 1000
156 2000
157 1000
158 1000
159 1000
160 2000
161 1000
162 2000
163 2000
164 2000
165 1500
166 1000
167 1500
168 1500
169 2000
170 2000
171 1000
172 500
173 1000
174 1000
175 1000
176 1000
177 2000
178 2000
179 1000
180 2000
181 1000
182 2000
183 2000
184 1000
185 1500
186 1500
187 1000
188 2000
189 2000
190 2000
191 1000
192 1000
193 2000
194 1000
195 2000
196 1000
197 1000
198 2000
199 500
200 1500
201 1000
202 1500
203 2000
204 1000
205 2000
206 2000
207 2000
208 1000
209 1000
210 500
211 1000
212 1000
213 2000
214 1000
215 1500
216 1500
217 1500
218 1500
219 1500
220 1500
221 2000
222 2000
223 1000
224 1000
225 1000
226 2000
227 2000
228 1000
229 2000
230 2000
231 2000
232 1000
233 1000
234 1000
235 1000
236 2000
237 1000
238 1000
239 1000
240 2000
241 1000
242 2000
243 2000
244 2000
245 1500
246 1500
247 2000
248 2000
249 1000
250 1000
251 1000
252 1000
253 2000
254 1000
255 1000
256 1500
257 1000
258 1500
259 500
260 500
261 1000
262 1000
263 1000
264 2000
265 2000
266 500
267 500
268 500
269 500
270 1000
271 2000
272 2000
273 1000
274 1000
275 1500
276 1000
277 1000
278 2000
279 1000
280 1500
281 1500
282 1000
283 1000
284 2000
285 1000
286 1000
287 1000
288 1000
289 2000
290 2000
291 500
292 500
293 500
294 500
295 1500
296 1500
297 1000
298 1500
299 1500
300 1000
301 1000
302 1000
303 2000
304 1000
305 2000
306 2000
307 1000
308 1000
309 2000
310 1000
311 500
312 2000
313 1000
314 1000
315 2000
316 2000
317 2000
318 2000
319 1000
320 1500
321 1000
322 1000
323 2000
324 1000
325 1500
326 1500
327 1500
328 1000
329 1000
330 2000
331 2000
332 1000
333 2000
334 1000
335 1000
336 1000
337 2000
338 2000
339 1000
340 1500
341 1500
342 1500
343 1500
344 2000
345 1000
346 2000
347 2000
348 2000
349 2000
350 1000
351 1000
352 1000
353 2000
354 2000
355 1000
356 1000
357 1000
358 1000
359 2000
360 1500
361 1500
362 1500
363 2000
364 1000
365 2000
366 2000
367 1000
368 2000
369 1000
370 2000
371 2000
372 1000
373 2000
374 1000
375 1500
376 1000
377 1500
378 1500
379 1500
380 1500
381 1000
382 1000
383 2000
384 2000
385 2000
386 500
387 500
388 1000
389 2000
390 2000
391 2000
392 1000
393 1000
394 2000
395 1000
396 2000
397 2000
398 2000
399 2000
400 2000
401 2000
402 2000
403 2000
404 1000
405 1500
406 1500
407 1500
408 1000
409 2000
410 1000
411 1000
412 2000
413 2000
414 1000
415 2000
416 2000
417 2000
418 2000
419 2000
420 2000
421 2000
422 2000
423 500
424 500
425 1500
426 1500
427 1500
428 1500
429 1000
430 1500
431 1000
432 2000
433 1000
434 2000
435 2000
436 2000
437 1000
438 2000
439 2000
440 1000
441 1000
442 2000
443 2000
444 2000
445 1000
446 2000
447 1000
448 500
449 500
450 500
451 1000
452 1000
453 2000
454 2000
455 1500
456 1500
457 1500
458 2000
459 2000
460 2000
461 2000
462 1000
463 2000
464 1000
465 2000
466 2000
467 2000
468 2000
469 2000
470 1500
471 1500
472 1500
473 1500
474 1500
475 1000
476 2000
477 2000
478 2000
479 2000
480 1000
481 2000
482 2000
483 1000
484 1000
485 2000
486 2000
487 1000
488 1000
489 1000
490 1000
491 2000
492 1000
493 2000
494 2000
495 1500
496 1500
497 1000
498 1500
499 1500
500 2000
501 1000
502 2000
503 2000
504 2000
505 2000
506 2000
507 2000
508 500
509 2000
510 1000
511 2000
512 1000
513 2000
514 2000
515 2000
516 1000
517 1000
518 2000
519 2000
520 1500
521 1500
522 1500
523 1000
524 1500
525 1500
526 1500
527 1500
528 2000
529 2000
530 2000
531 1000
532 2000
533 2000
534 1000
535 1000
536 1000
537 2000
538 2000
539 1000
540 500
541 1000
542 2000
543 1000
544 2000
545 1000
546 2000
547 2000
548 1000
549 2000
550 2000
551 2000
552 2000
553 1000
554 1000
555 1000
556 2000
557 2000
558 2000
559 1000
560 1500
561 1500
562 2000
563 1000
564 2000
565 2000
566 2000
567 1000
568 1000
569 2000
570 1500
571 1500
572 1500
573 1500
574 1500
575 2000
576 1000
577 2000
578 1000
579 1000
580 1000
581 2000
582 2000
583 2000
584 1000
585 1000
586 1000
587 1000
588 1000
589 2000
590 2000
591 1000
592 1000
593 2000
594 1000
595 1500
596 2000
597 2000
598 2000
599 1000

0 1 30 9
0 2 45 4
0 3 6 9
0 4 18 6
0 5 7 5
0 6 31 10
0 7 45 9
0 8 30 5
0 9 50 5
0 80 48 7
0 130 47 2
0 147 46 5
0 246 27 3
0 256 9 1
0 275 24 4
0 280 9 4
0 281 27 6
0 320 26 10
0 326 45 8
0 341 15 10
0 362 1 1
0 406 13 1
0 499 30 9
0 526 36 3
0 560 2 2
0 570 48 2
0 595 47 7
1 2 38 3
1 10 33 4
1 11 38 9
1 12 45 10
1 13 7 3
1 54 43 8
1 125 19 6
1 132 12 1
1 166 28 10
1 168 13 1
1 185 17 7
1 187 28 9
1 202 40 7
1 218 33 5
1 219 20 1
1 246 29 4
1 275 43 9
1 299 39 3
1 320 35 10
1 325 6 6
1 375 42 1
1 429 24 10
1 457 26 7
1 473 44 2
1 561 9 10
1 595 5 2
2 14 22 9
2 16 49 1
2 18 9 10
2 53 13 6
2 87 22 1
2 125 25 3
2 148 10 4
2 201 6 8
2 255 25 5
2 299 24 5
2 340 44 1
2 362 1 1
2 380 40 1
2 407 43 5
2 429 33 7
2 457 33 6
2 474 1 5
2 497 50 8
2 526 25 2
2 574 7 9
15 16 23 2
15 17 36 8
15 18 3 7
15 19 12 2
15 20 25 3
15 21 42 7
15 22 47 5
15 23 41 4
15 125 20 5
15 185 39 1
15 201 24 7
15 281 23 6
15 297 44 5
15 320 38 9
15 327 1 3
15 362 46 8
15 526 44 2
16 17 21 8
16 18 9 6
16 19 6 7
16 20 24 2
16 21 16 7
16 24 48 6
16 55 21 6
16 84 45 7
16 132 11 5
16 145 16 2
16 201 6 7
16 218 33 7
16 245 20 7
16 246 20 8
16 407 4 2
16 495 16 5
16 524 16 8
17 18 31 3
17 19 38 8
17 20 32 1
17 21 13 9
17 25 14 5
17 26 24 1
17 27 34 4
17 28 17 1
17 29 26 1
17 30 13 5
17 31 18 7
17 32 11 3
17 187 25 3
17 376 7 7
17 405 7 6
17 429 2 4
17 474 21 10
17 497 23 9
17 572 30 5
18 19 19 8
18 20 20 9
18 21 41 8
18 33 39 4
18 34 32 9
18 35 11 7
18 36 26 4
18 37 21 4
18 38 1 9
18 132 8 10
18 275 22 2
18 280 6 6
18 320 12 5
18 341 17 3
18 362 9 1
18 561 17 8
18 595 41 3
19 20 46 6
19 21 15 6
19 39 46 7
19 40 22 3
19 41 42 8
19 42 19 7
19 43 50 2
19 85 46 2
19 166 17 5
19 257 34 3
19 275 41 9
19 429 26 5
19 455 24 4
20 21 5 6
20 44 27 10
20 50 19 5
20 147 12 10
20 165 37 8
20 220 13 1
20 296 45 3
20 474 40 5
20 560 41 9
21 45 7 10
21 46 6 9
21 47 26 1
21 48 1 4
21 49 13 10
21 257 29 1
21 326 16 5
21 341 29 7
21 377 45 3
21 455 45 2
21 571 13 4
21 595 18 1
50 51 2 2
50 52 3 6
50 53 18 2
50 54 9 4
50 55 44 7
50 56 10 8
50 57 19 9
50 58 39 8
50 59 3 5
50 60 50 5
50 61 31 4
50 166 2 7
50 201 18 1
50 325 29 8
50 498 46 6
50 595 50 7
51 52 44 8
51 53 22 5
51 54 4 3
51 55 5 8
51 62 47 3
51 63 8 6
51 64 3 4
51 218 49 5
51 246 28 8
51 280 20 7
51 327 2 4
51 360 1 1
51 427 25 2
51 497 48 5
51 574 31 10
52 53 35 7
52 54 27 4
52 55 17 10
52 65 24 7
52 66 8 8
52 67 29 5
52 220 37 3
52 256 7 3
52 342 5 5
52 379 39 5
52 429 29 7
52 455 25 9
52 595 47 4
53 54 18 8
53 55 41 9
53 68 38 4
53 69 23 9
53 125 38 3
53 275 42 10
53 298 17 7
53 320 21 9
53 362 30 3
53 405 4 4
53 457 46 6
53 560 33 5
54 55 45 2
54 70 42 10
54 71 6 7
54 72 45 9
54 73 33 6
54 74 46 9
54 84 35 10
54 125 27 8
54 148 34 10
54 168 30 3
54 187 49 8
54 257 42 3
54 298 36 3
54 340 1 5
54 407 19 7
54 472 39 1
54 520 48 4
55 75 31 4
55 76 1 10
55 77 9 6
55 78 28 5
55 79 14 4
55 130 25 5
55 131 33 4
55 146 23 3
55 187 31 5
55 201 32 1
55 246 22 2
55 281 46 7
55 377 37 2
55 470 49 2
55 522 9 7
55 561 6 6
55 574 11 4
80 81 26 4
80 82 11 1
80 83 34 6
80 84 24 6
80 85 13 3
80 86 10 2
80 87 2 2
80 88 44 7
80 89 22 2
80 90 19 5
80 91 25 4
80 92 50 1
80 93 47 2
80 165 4 7
80 280 20 7
80 380 38 6
80 498 20 9
81 82 37 10
81 83 29 3
81 84 23 4
81 85 25 3
81 86 8 10
81 87 46 6
81 88 27 10
81 94 36 8
81 95 48 10
81 96 42 3
81 97 6 4
81 98 5 4
81 219 33 10
81 470 13 3
81 560 32 4
82 83 27 5
82 84 31 6
82 85 17 2
82 86 9 8
82 87 25 7
82 88 36 3
82 99 42 7
82 100 48 2
82 101 5 3
82 102 28 10
82 103 49 3
82 104 33 3
82 105 30 2
82 130 39 2
82 146 37 5
82 166 26 4
82 187 33 5
82 245 49 4
82 275 43 10
82 570 50 4
83 84 12 7
83 85 29 3
83 86 20 8
83 87 15 7
83 88 47 5
83 106 41 5
83 107 20 4
83 108 43 8
83 109 16 5
83 256 16 2
83 275 3 1
83 282 38 10
83 298 46 4
83 320 27 9
83 325 9 7
83 342 28 6
83 406 1 2
83 455 12 4
83 499 38 10
83 561 49 7
83 595 30 7
84 85 16 8
84 86 31 8
84 87 3 2
84 88 35 3
84 110 42 5
84 111 45 6
84 320 44 7
84 526 33 9
85 86 11 7
85 87 1 1
85 88 18 2
85 112 21 2
85 113 36 8
85 114 19 3
85 125 6 4
85 148 14 4
85 201 4 10
85 217 17 10
85 296 26 6
85 361 25 4
85 405 29 1
85 455 21 5
86 87 8 9
86 88 26 2
86 115 8 6
86 125 45 3
86 132 21 2
86 256 35 8
86 425 36 6
86 427 23 4
87 88 24 7
87 116 33 6
87 117 8 9
87 118 43 1
87 119 12 4
87 120 19 4
87 201 16 9
87 471 14 9
87 520 7 10
87 570 29 1
87 595 18 8
88 121 5 1
88 122 10 1
88 123 39 5
88 124 48 6
88 185 31 3
88 325 19 7
88 341 17 4
88 360 13 1
88 375 12 4
125 126 44 10
125 127 9 9
125 128 31 10
125 129 35 6
125 131 17 3
125 146 29 3
125 147 3 6
125 167 22 10
125 168 30 5
125 186 28 1
125 187 12 5
125 200 45 7
125 202 30 2
125 216 47 5
125 217 27 9
125 245 27 10
125 246 6 10
125 255 35 6
125 258 35 1
125 275 37 5
125 281 37 1
125 297 4 2
125 320 4 2
125 326 49 2
125 327 38 5
125 341 37 10
125 342 8 1
125 360 16 4
125 362 35 9
125 380 1 6
125 405 39 7
125 407 17 9
125 426 21 4
125 429 33 3
125 455 7 9
125 473 7 8
125 474 35 5
125 496 49 4
125 497 26 9
125 522 21 10
125 527 46 4
125 560 27 6
125 570 49 7
125 571 23 2
125 595 4 9
130 131 24 4
130 132 17 8
130 133 25 6
130 134 48 10
130 135 31 3
130 136 36 2
130 168 46 6
130 216 4 4
130 246 24 7
130 281 6 4
130 295 36 7
130 320 30 10
130 327 27 10
130 342 28 5
130 360 21 10
130 407 26 8
130 498 13 6
130 520 44 1
130 525 36 5
130 560 17 5
130 561 32 7
130 595 22 6
131 132 30 1
131 137 46 8
131 138 46 10
131 139 14 7
131 147 38 6
131 187 49 9
131 201 48 8
131 218 22 5
131 255 44 7
131 275 21 8
131 281 24 6
131 296 9 7
131 376 44 2
131 426 2 1
131 427 1 4
131 457 49 1
131 471 36 3
131 474 19 2
131 571 36 1
131 573 5 3
131 595 5 7
132 140 18 1
132 141 25 8
132 142 33 1
132 143 36 4
132 144 28 1
132 145 27 1
132 168 46 6
132 187 2 10
132 202 48 10
132 245 42 6
132 258 29 9
132 275 50 2
132 320 23 10
132 325 6 2
132 340 10 8
132 362 22 10
132 377 8 6
132 406 29 6
132 456 40 8
132 497 45 3
145 146 31 6
145 147 9 4
145 148 33 9
145 149 28 4
145 150 16 4
145 202 32 10
145 216 49 6
145 219 44 4
145 245 2 5
145 275 6 4
145 320 9 4
145 326 7 10
145 343 44 8
145 470 28 6
145 474 26 1
145 497 35 6
145 572 27 2
145 573 32 8
146 147 17 7
146 148 32 7
146 151 15 7
146 152 36 9
146 153 9 4
146 154 7 5
146 155 5 7
146 156 50 1
146 185 49 2
146 245 38 1
146 256 37 6
146 258 35 1
146 282 28 4
146 295 19 1
146 376 39 2
146 407 40 8
146 495 37 10
146 561 13 3
147 148 46 10
147 157 24 3
147 158 29 4
147 159 49 5
147 160 39 9
147 166 10 4
147 201 6 1
147 320 49 5
147 362 18 10
147 380 42 4
147 427 17 7
147 457 12 1
147 561 17 2
147 595 38 2
148 161 34 2
148 162 38 8
148 163 9 8
148 164 38 6
148 187 8 8
148 275 27 4
148 282 3 6
148 299 18 6
148 327 38 9
148 343 47 4
148 362 26 8
148 405 23 7
148 456 15 3
148 520 26 4
148 525 8 5
148 595 47 3
165 166 12 10
165 167 17 2
165 168 36 5
165 169 15 6
165 170 23 2
165 171 42 1
165 185 38 8
165 201 20 6
165 217 42 8
165 245 30 4
165 281 43 3
165 295 43 9
165 361 15 8
165 379 15 7
165 430 25 2
165 457 6 2
165 472 48 9
165 572 11 1
166 167 27 5
166 168 13 5
166 172 18 9
166 200 2 7
166 215 17 9
166 258 38 10
166 275 11 3
166 341 12 8
166 377 18 1
166 455 9 10
166 560 36 6
166 595 29 7
167 168 13 1
167 173 10 10
167 174 42 3
167 175 28 5
167 176 17 5
167 177 34 2
167 256 44 10
167 275 48 10
167 281 7 7
167 295 8 6
167 320 43 1
167 325 13 6
167 341 48 8
167 361 38 5
167 408 9 3
167 426 45 2
167 474 25 5
167 499 11 2
168 178 40 7
168 179 2 4
168 180 41 7
168 181 31 9
168 182 2 1
168 183 25 5
168 184 2 6
168 186 47 7
168 245 36 9
168 327 41 6
168 408 6 9
168 499 37 10
168 521 17 3
168 523 32 10
168 572 42 7
168 595 27 4
185 186 13 6
185 187 14 3
185 188 30 2
185 189 2 5
185 190 33 3
185 191 14 6
185 192 44 9
185 246 18 5
185 258 45 3
185 281 21 9
185 295 17 2
185 296 5 3
185 320 35 6
185 327 49 9
185 340 4 6
185 375 10 10
185 428 46 2
185 472 4 9
185 560 20 4
185 570 25 10
186 187 12 6
186 193 34 7
186 194 8 7
186 195 31 7
186 196 1 7
186 197 50 5
186 198 23 5
186 201 35 6
186 246 12 4
186 320 6 3
186 326 41 1
186 375 47 6
186 407 32 4
186 426 47 10
186 473 50 2
186 498 39 2
186 525 47 7
186 561 29 1
186 571 25 9
186 595 37 6
187 199 36 1
187 202 15 4
187 219 20 10
187 275 14 6
187 281 7 6
187 340 22 2
187 360 36 4
187 362 44 2
187 408 6 7
187 455 12 9
187 457 50 9
187 495 28 7
187 525 40 4
187 595 31 4
200 201 26 3
200 202 18 10
200 203 3 4
200 204 31 10
200 205 28 7
200 206 25 5
200 207 31 8
200 208 48 4
200 209 26 1
200 245 42 10
200 255 24 5
200 281 11 6
200 299 34 8
200 325 4 8
200 341 9 1
200 343 37 9
200 428 38 4
200 456 39 2
200 471 21 2
200 595 21 7
201 202 40 4
201 210 48 8
201 218 45 4
201 275 19 2
201 320 39 9
201 327 29 2
201 361 41 5
201 380 6 9
201 406 32 3
201 407 15 8
201 426 15 7
201 499 12 6
201 520 18 4
201 560 8 10
201 561 17 7
201 570 9 3
202 211 37 6
202 212 27 10
202 213 7 8
202 214 17 2
202 218 49 6
202 245 19 2
202 257 40 5
202 282 14 3
202 295 24 3
202 361 48 7
202 378 1 1
202 457 31 4
202 470 20 10
202 495 13 6
202 520 33 3
202 570 3 5
202 595 25 7
215 216 17 5
215 217 42 6
215 218 10 5
215 219 29 6
215 220 40 2
215 221 4 2
215 222 27 9
215 223 8 5
215 224 5 10
215 225 37 9
215 226 39 2
215 245 5 3
215 257 49 6
215 361 32 7
215 407 38 4
215 455 49 3
215 471 28 3
215 498 10 4
215 574 9 9
215 595 1 2
216 217 22 6
216 218 48 9
216 219 25 4
216 220 26 9
216 227 28 2
216 228 22 4
216 229 7 6
216 230 33 3
216 380 49 3
216 499 10 9
216 560 9 4
216 571 40 1
217 218 45 2
217 219 10 6
217 220 16 9
217 231 48 3
217 232 33 7
217 233 33 6
217 234 21 2
217 342 24 4
217 343 8 10
217 524 18 6
217 560 26 5
218 219 36 9
218 220 43 2
218 235 5 9
218 236 27 6
218 237 7 1
218 275 50 5
218 299 41 5
218 320 18 4
218 361 36 4
218 408 15 10
218 427 6 8
218 470 38 7
219 220 48 10
219 238 27 6
219 239 8 2
219 240 35 2
219 241 5 4
219 242 30 8
219 256 5 7
219 325 19 4
219 327 5 3
219 455 16 2
219 595 39 3
220 243 29 2
220 244 21 7
220 246 39 9
220 275 24 3
220 280 39 2
220 282 41 10
220 295 4 7
220 320 11 6
220 379 12 6
220 430 9 2
220 526 29 2
245 246 49 8
245 247 35 1
245 248 18 7
245 249 11 5
245 275 28 8
245 280 8 6
245 320 50 9
245 325 45 2
245 360 26 3
245 405 20 1
245 430 37 9
245 456 20 9
245 457 25 8
245 471 27 9
245 472 13 5
245 497 20 5
245 498 9 2
245 523 31 5
245 524 33 7
245 560 33 9
245 571 13 7
245 573 42 5
245 595 13 3
246 250 40 4
246 251 16 7
246 252 43 7
246 253 43 1
246 254 45 7
246 255 44 5
246 256 16 1
246 275 10 9
246 282 27 8
246 295 3 3
246 296 41 4
246 320 5 4
246 340 1 2
246 342 26 5
246 362 26 10
246 375 18 9
246 380 22 7
246 406 40 5
246 560 36 5
246 595 46 8
255 256 4 8
255 257 3 2
255 258 29 9
255 259 44 6
255 260 15 9
255 275 11 2
255 298 26 6
255 342 36 3
255 430 27 2
255 499 36 6
255 595 7 4
256 257 48 3
256 258 11 6
256 261 15 6
256 262 48 9
256 263 10 2
256 264 17 7
256 265 44 3
256 275 22 1
256 280 9 6
256 299 16 9
256 376 24 3
256 471 40 5
256 524 37 3
256 570 26 3
257 258 42 2
257 266 36 2
257 267 18 2
257 268 32 3
257 269 7 2
257 320 38 10
257 327 35 3
257 362 7 3
257 379 41 4
257 405 14 9
257 407 4 7
257 472 22 5
257 496 19 6
257 527 38 8
257 561 13 3
258 270 38 10
258 271 23 3
258 272 7 4
258 273 34 3
258 274 35 7
258 280 26 4
258 320 46 7
258 326 8 10
258 342 48 1
258 362 46 8
258 429 1 3
258 457 30 9
258 561 41 3
258 570 26 6
275 276 6 8
275 277 24 6
275 278 47 2
275 279 47 5
275 280 3 9
275 282 44 6
275 296 20 2
275 298 20 9
275 320 34 6
275 325 19 9
275 341 43 4
275 342 35 5
275 360 46 1
275 362 28 9
275 377 5 7
275 379 6 2
275 405 26 8
275 408 45 4
275 430 39 2
275 456 24 8
275 457 24 4
275 471 13 7
275 472 43 7
275 496 37 4
275 520 18 2
275 526 16 6
275 560 26 7
275 570 39 2
275 573 22 7
275 595 43 8
280 281 47 2
280 282 24 3
280 283 43 6
280 284 25 8
280 285 2 3
280 286 45 6
280 320 42 5
280 340 8 8
280 376 39 10
280 428 12 8
280 430 2 4
280 472 12 1
280 499 11 7
280 525 22 3
280 561 18 10
280 570 37 6
280 595 18 6
281 282 10 8
281 287 7 5
281 288 46 10
281 289 42 8
281 290 12 1
281 299 28 1
281 320 37 4
281 406 18 8
281 474 34 9
281 574 47 1
281 595 6 9
282 291 9 3
282 292 28 1
282 293 44 4
282 294 3 5
282 298 3 5
282 327 25 6
282 340 42 8
282 361 40 4
282 362 17 10
282 375 31 5
282 405 3 6
282 455 2 2
282 457 29 3
282 525 9 3
282 561 3 5
295 296 15 5
295 297 21 2
295 298 37 8
295 299 34 3
295 300 30 1
295 301 43 5
295 302 2 7
295 303 26 9
295 304 44 4
295 376 4 2
295 570 16 6
296 297 2 6
296 298 7 9
296 299 39 5
296 305 42 9
296 306 7 3
296 307 30 5
296 308 40 10
296 309 40 6
296 310 24 6
296 320 34 1
296 327 44 1
296 377 25 5
296 455 5 9
296 524 6 2
296 561 10 4
297 298 25 5
297 299 47 10
297 311 8 7
297 325 17 2
297 360 16 8
297 361 27 4
297 408 10 2
297 474 15 5
297 572 46 6
297 595 32 5
298 299 7 4
298 312 24 6
298 313 10 5
298 314 43 2
298 315 45 3
298 320 10 2
298 340 32 7
298 406 38 2
298 426 27 3
298 595 40 5
299 316 45 5
299 317 42 6
299 318 8 10
299 319 14 7
299 340 34 8
299 430 8 4
299 455 15 6
299 473 18 7
299 496 3 5
299 498 50 10
299 527 30 3
299 560 42 1
320 321 22 1
320 322 33 6
320 323 2 2
320 324 13 3
320 325 24 5
320 326 49 2
320 342 6 10
320 343 18 6
320 360 16 4
320 362 20 9
320 376 47 2
320 377 34 1
320 405 18 9
320 406 16 7
320 425 22 3
320 428 45 10
320 456 2 6
320 457 6 7
320 472 41 9
320 474 15 10
320 497 47 10
320 498 30 5
320 524 28 9
320 527 23 9
320 561 19 6
320 572 19 10
320 574 16 1
320 595 8 10
325 326 23 2
325 327 38 8
325 328 39 1
325 329 45 8
325 330 44 2
325 340 48 5
325 360 26 7
325 361 33 10
325 375 36 1
325 376 29 9
325 408 19 7
325 425 25 9
325 426 40 8
325 457 42 10
325 470 49 2
325 524 7 4
325 561 42 10
325 571 5 3
325 595 37 3
326 327 47 5
326 331 13 2
326 332 47 6
326 333 26 2
326 340 27 6
326 405 50 9
326 455 27 9
326 499 47 4
326 526 35 9
326 561 6 4
326 574 10 3
326 595 18 1
327 334 36 2
327 335 43 2
327 336 19 2
327 337 4 6
327 338 6 6
327 339 36 5
327 472 38 3
327 495 38 5
340 341 31 4
340 342 18 3
340 343 31 4
340 344 33 8
340 360 47 4
340 427 45 7
340 496 32 9
340 497 20 5
340 524 43 5
340 560 2 7
341 342 48 2
341 343 13 1
341 345 36 8
341 346 22 3
341 362 12 10
341 376 47 2
341 405 41 10
341 520 23 8
342 343 28 4
342 347 35 6
342 348 28 6
342 349 14 5
342 350 4 9
342 351 25 1
342 352 47 5
342 353 9 5
342 376 30 6
342 408 43 1
342 455 22 4
342 472 43 3
342 560 9 10
342 573 18 5
343 354 35 4
343 355 9 9
343 356 2 9
343 357 23 3
343 358 3 8
343 359 12 3
343 430 34 3
343 474 43 9
343 571 7 6
343 595 25 2
360 361 27 5
360 362 36 9
360 363 45 3
360 364 5 3
360 365 19 6
360 366 25 8
360 367 27 2
360 407 16 5
360 455 39 9
360 522 28 1
360 571 35 2
360 595 20 8
361 362 29 1
361 368 25 7
361 369 27 5
361 375 1 6
361 379 8 10
361 406 34 10
361 428 47 2
361 457 37 9
361 470 47 6
361 471 39 6
361 497 19 4
361 499 12 5
361 561 44 7
361 574 48 3
362 370 45 5
362 371 31 10
362 372 48 5
362 373 18 7
362 374 36 8
362 426 15 4
362 525 32 7
362 595 28 1
375 376 19 3
375 377 44 10
375 378 3 6
375 379 4 6
375 380 42 2
375 381 42 3
375 382 25 4
375 383 21 10
375 384 20 4
375 385 43 7
375 407 47 8
375 429 16 9
375 497 7 10
376 377 33 2
376 378 49 10
376 379 12 3
376 380 41 9
376 386 20 5
376 387 23 5
376 524 41 8
376 595 16 9
377 298 37 1
377 378 22 10
377 379 43 8
377 380 40 2
377 388 4 10
377 405 13 6
377 455 28 1
377 467 20 1
377 595 39 1
378 379 36 9
378 380 15 8
378 389 3 10
378 390 38 10
378 391 30 6
378 457 21 7
378 560 17 9
378 573 27 5
379 380 11 9
379 392 6 1
379 393 38 3
379 394 27 5
379 395 1 7
379 396 3 1
379 397 45 3
379 398 1 8
379 399 15 8
379 430 11 3
379 471 26 5
379 472 18 6
379 497 2 4
379 560 20 9
379 570 11 4
380 400 24 6
380 401 30 7
380 402 18 7
380 403 37 3
380 404 13 1
380 525 22 6
405 406 15 10
405 407 23 6
405 408 37 4
405 409 14 2
405 410 36 4
405 411 20 1
405 426 32 6
405 472 42 10
405 474 15 9
405 524 7 9
405 560 22 10
405 572 45 8
406 407 44 3
406 408 12 5
406 412 34 6
406 413 47 6
406 414 21 10
406 415 48 7
406 416 28 7
406 417 31 8
406 418 38 7
406 497 46 2
406 521 26 1
406 595 4 7
407 408 46 10
407 419 37 10
407 420 17 1
407 421 47 2
407 422 20 1
407 455 10 5
407 457 30 4
407 560 18 6
408 423 1 2
408 424 45 7
408 428 9 8
408 496 21 8
408 571 43 7
408 595 7 4
425 426 48 2
425 427 46 3
425 428 18 3
425 429 11 9
425 430 29 5
425 431 20 8
425 432 24 3
425 433 22 2
425 434 5 10
425 435 45 9
425 436 24 5
425 437 6 10
425 471 24 5
425 472 7 6
425 521 25 9
425 595 46 4
426 427 3 6
426 428 20 9
426 429 9 6
426 430 31 3
426 438 41 1
426 439 20 2
426 457 3 1
426 496 8 2
426 560 25 7
426 595 3 5
427 428 10 6
427 429 12 2
427 430 50 6
427 440 6 6
427 441 44 3
427 442 19 2
428 429 40 1
428 430 42 1
428 443 37 4
428 444 12 9
428 445 12 7
428 446 40 3
428 447 27 8
428 561 26 4
428 570 5 9
429 430 26 4
429 448 45 3
429 449 26 1
429 450 43 10
429 455 14 1
429 497 34 6
429 523 42 2
430 451 2 8
430 452 38 5
430 453 10 7
430 454 47 3
430 570 21 9
455 456 38 6
455 457 29 9
455 458 46 1
455 459 29 7
455 460 49 4
455 461 43 2
455 462 20 3
455 470 26 1
455 495 26 1
455 560 28 8
455 572 16 9
456 457 1 9
456 463 5 2
456 521 15 9
456 560 48 10
457 464 35 9
457 465 20 6
457 466 37 8
457 467 18 9
457 468 21 3
457 469 26 4
457 470 2 7
457 522 35 8
457 573 8 10
457 595 49 10
470 471 32 10
470 472 12 6
470 473 22 4
470 474 16 6
470 475 23 2
470 476 1 10
470 477 41 1
470 478 19 2
470 573 3 6
471 472 18 1
471 473 39 3
471 474 20 2
471 479 50 6
471 480 8 7
471 481 19 7
471 595 22 6
472 473 14 3
472 474 27 5
472 482 26 10
472 483 4 9
472 523 34 6
472 561 22 1
472 573 17 7
473 474 39 10
473 484 24 4
473 485 18 2
473 486 42 6
473 487 33 10
473 488 36 9
473 489 50 1
473 495 38 7
473 521 12 7
474 490 11 10
474 491 15 8
474 492 38 6
474 493 10 10
474 494 45 8
474 497 13 6
474 560 42 2
495 496 12 3
495 497 11 4
495 498 23 6
495 499 28 2
495 500 15 9
495 501 11 7
495 502 21 9
495 503 1 5
495 571 49 4
496 497 31 6
496 498 26 2
496 499 19 8
496 504 1 5
496 505 9 10
496 506 24 8
496 507 36 5
496 524 20 5
496 560 10 3
497 498 44 6
497 499 4 4
497 508 30 8
498 499 41 8
498 509 13 1
498 510 10 8
498 511 1 5
498 595 4 8
499 512 12 2
499 513 19 3
499 514 36 1
499 515 3 9
499 516 8 6
499 517 30 2
499 518 26 10
499 519 31 2
499 526 9 1
499 560 50 6
499 571 39 2
499 595 10 2
520 521 28 3
520 522 50 9
520 523 32 1
520 524 39 7
520 525 25 10
520 526 2 6
520 527 24 7
520 528 18 2
520 529 44 3
520 530 39 4
520 531 5 10
520 532 26 8
520 533 47 10
521 522 45 1
521 523 19 9
521 524 25 3
521 525 25 5
521 526 38 2
521 527 27 5
521 534 25 10
521 535 14 6
521 536 39 6
521 537 32 4
521 560 3 10
521 574 8 10
521 595 30 5
522 523 21 3
522 524 45 3
522 525 17 8
522 526 8 8
522 527 39 9
522 538 18 10
522 539 3 1
523 524 11 2
523 525 29 1
523 526 15 3
523 527 28 5
523 540 24 7
523 595 22 7
524 525 45 5
524 526 1 9
524 527 19 2
524 541 17 6
524 542 28 10
524 543 33 3
524 560 30 4
525 526 4 8
525 527 45 4
525 544 38 3
525 545 18 3
525 546 20 2
525 547 31 7
525 548 45 2
525 570 27 1
526 527 44 1
526 549 23 1
526 550 15 6
526 551 27 1
526 552 9 9
526 553 30 6
527 554 42 9
527 555 37 4
527 556 29 7
527 557 26 3
527 558 47 2
527 559 9 2
560 561 1 8
560 562 47 1
560 563 31 9
560 564 47 1
560 565 42 5
560 566 1 7
560 567 7 1
560 570 7 9
560 572 23 10
560 595 36 3
561 568 32 9
561 569 41 3
570 571 43 10
570 572 45 10
570 573 3 3
570 574 34 2
570 575 12 10
570 576 23 5
570 577 18 3
570 578 36 10
570 579 13 9
570 580 4 5
571 572 27 1
571 573 7 3
571 574 49 4
571 581 30 8
571 582 33 6
571 583 25 9
571 595 20 9
572 573 31 3
572 574 11 9
572 584 23 10
572 585 13 10
572 586 12 2
572 587 21 1
572 588 42 6
572 589 33 10
572 595 25 10
573 574 22 9
573 590 37 2
574 591 44 6
574 592 3 1
574 593 47 9
574 594 16 9
577 494 5 10
595 596 14 4
595 597 2 10
595 598 10 3
595 599 32 8

0 515 1
1 349 4
2 528 13
3 323 2
4 265 19
5 163 6
6 79 4
7 556 7
8 478 11
9 420 10
10 103 29
11 482 16
12 530 16
13 306 3
14 500 8
15 529 23
16 438 15
17 463 3
18 505 4
19 67 14
20 318 6
21 551 7
22 141 6
23 544 15
24 564 19
25 303 9
26 231 17
27 415 27
28 71 3
29 134 11
30 417 16
31 344 21
32 247 21
33 22 28
34 368 9
35 550 5
36 459 7
37 230 19
38 467 19
39 504 1
40 348 19
41 514 23
42 507 14
43 390 11
44 491 10
45 40 13
46 442 6
47 565 20
48 72 28
49 486 14
50 188 16
51 205 16
52 346 12
53 338 2
54 203 1
55 366 12
56 138 29
57 213 4
58 107 9
59 290 6
60 432 10
61 24 20
62 552 7
63 575 9
64 444 4
65 422 14
66 9 32
67 511 1
68 589 9
69 29 17
70 330 24
71 403 17
72 337 2
73 56 5
74 278 24
75 418 11
76 316 10
77 547 13
78 178 10
79 460 34
80 128 22
81 481 13
82 331 9
83 396 2
84 518 16
85 394 13
86 289 18
87 271 12
88 315 10
89 156 25
90 468 12
91 127 4
92 272 3
93 493 5
94 207 9
95 581 10
96 506 7
97 193 19
98 117 2
99 236 15
100 385 23
101 312 7
102 195 12
103 114 8
104 112 9
105 400 15
106 253 24
107 58 22
108 123 19
109 469 7
110 384 7
111 136 11
112 13 2
113 569 24
114 401 17
115 42 9
116 347 8
117 593 17
118 549 7
119 139 7
120 189 2
121 89 7
122 34 7
123 557 7
124 577 9
125 419 26
126 7 21
127 46 3
128 461 9
129 476 1
130 244 14
131 63 2
132 558 28
133 416 18
134 354 23
135 398 1
136 370 23
137 198 16
138 582 9
139 104 8
140 485 7
141 503 1
142 240 11
143 120 7
144 365 13
145 502 15
146 309 12
147 412 18
148 248 11
149 222 13
150 402 13
151 151 4
152 465 7
153 221 2
154 363 10
155 435 19
156 566 1
157 12 28
158 546 14
159 180 16
160 162 13
161 33 15
162 371 19
163 596 8
164 206 10
165 4 11
166 35 3
167 494 34
168 453 4
169 44 10
170 479 13
171 353 4
172 542 10
173 590 24
174 373 10
175 389 2
176 439 6
177 477 19
178 227 17
179 383 13
180 583 17
181 60 27
182 413 21
183 144 9
184 8 11
185 264 6
186 75 20
187 190 12
188 36 8
189 92 31
190 454 18
191 397 25
192 333 16
193 466 26
194 519 15
195 43 19
196 399 9
197 532 16
198 99 12
199 115 4
200 598 6
201 41 9
202 164 23
203 597 1
204 152 9
205 421 12
206 124 12
207 113 18
208 226 21
209 28 7
210 169 4
211 537 13
212 443 14
213 160 16
214 183 11
215 533 14
216 32 4
217 509 8
218 284 9
219 538 11
220 62 27
221 170 11
222 229 3
223 359 6
224 305 10
225 391 17
226 143 8
227 409 8
228 317 27
229 562 16
230 436 8
231 446 10
232 242 19
233 434 3
234 3 2
235 513 6
236 458 16
237 177 18
238 182 2
239 243 9
