600 1541 240

0 25 200
1 50 500
2 100 1200
3 150 2800
4 200 4500
5 250 7000

0 1500
1 1500
2 1500
3 1500
4 1000
5 1500
6 2000
7 2000
8 1000
9 2000
10 1000
11 1000
12 1000
13 2000
14 2000
15 2000
16 2000
17 2000
18 1000
19 1000
20 1000
21 2000
22 1000
23 500
24 500
25 500
26 500
27 500
28 500
29 2000
30 1500
31 1500
32 1500
33 1500
34 1500
35 1500
36 2000
37 1000
38 1000
39 2000
40 1000
41 2000
42 1000
43 2000
44 1000
45 2000
46 2000
47 2000
48 2000
49 2000
50 2000
51 2000
52 2000
53 1000
54 2000
55 2000
56 2000
57 1000
58 1000
59 2000
60 1500
61 1500
62 1000
63 2000
64 2000
65 1000
66 2000
67 1000
68 2000
69 1000
70 1500
71 1500
72 1500
73 2000
74 1000
75 2000
76 1000
77 1000
78 1000
79 2000
80 2000
81 2000
82 1000
83 2000
84 2000
85 1500
86 1500
87 1500
88 2000
89 1000
90 2000
91 2000
92 2000
93 2000
94 2000
95 1000
96 2000
97 2000
98 1000
99 2000
100 1500
101 1500
102 1500
103 1500
104 2000
105 2000
106 1000
107 1000
108 2000
109 1000
110 2000
111 1000
112 2000
113 1000
114 1000
115 2000
116 1000
117 2000
118 1000
119 1000
120 1500
121 1000
122 1500
123 2000
124 1000
125 1000
126 1000
127 500
128 500
129 500
130 2000
131 2000
132 2000
133 2000
134 2000
135 1000
136 1500
137 1500
138 500
139 500
140 500
141 2000
142 2000
143 1000
144 2000
145 2000
146 1000
147 1000
148 2000
149 1000
150 1500
151 1000
152 1500
153 1500
154 1500
155 1500
156 1000
157 1000
158 2000
159 1000
160 2000
161 500
162 500
163 2000
164 1000
165 2000
166 1000
167 1000
168 1000
169 2000
170 2000
171 1000
172 2000
173 1000
174 2000
175 1000
176 1000
177 2000
178 1000
179 1000
180 1000
181 1000
182 1500
183 1500
184 1500
185 1500
186 1000
187 1500
188 500
189 500
190 1000
191 2000
192 2000
193 1000
194 1000
195 1000
196 1000
197 1000
198 1000
199 2000
200 1000
201 2000
202 1000
203 2000
204 1000
205 2000
206 2000
207 1000
208 1000
209 2000
210 1000
211 1000
212 500
213 500
214 500
215 1000
216 1000
217 2000
218 2000
219 2000
220 1500
221 1500
222 2000
223 1000
224 1000
225 1000
226 2000
227 2000
228 1000
229 2000
230 1500
231 1500
232 1000
233 1500
234 1000
235 1000
236 1000
237 1000
238 2000
239 2000
240 2000
241 2000
242 2000
243 2000
244 2000
245 500
246 500
247 2000
248 1000
249 2000
250 1500
251 1500
252 1500
253 2000
254 2000
255 2000
256 1000
257 2000
258 2000
259 2000
260 2000
261 2000
262 1000
263 1000
264 1000
265 1500
266 1500
267 1500
268 1500
269 2000
270 2000
271 1000
272 1000
273 2000
274 1000
275 2000
276 2000
277 2000
278 1000
279 2000
280 2000
281 2000
282 1000
283 2000
284 2000
285 1500
286 1500
287 1500
288 1000
289 1500
290 1500
291 1500
292 2000
293 1000
294 2000
295 1000
296 1000
297 1000
298 1000
299 1000
300 2000
301 2000
302 1000
303 2000
304 1000
305 1000
306 2000
307 1000
308 1000
309 2000
310 500
311 500
312 2000
313 2000
314 1000
315 1000
316 2000
317 1000
318 1000
319 2000
320 1500
321 1500
322 1500
323 1500
324 1500
325 1500
326 1500
327 1500
328 1000
329 1000
330 2000
331 2000
332 2000
333 1000
334 2000
335 1000
336 1000
337 2000
338 1000
339 1000
340 2000
341 2000
342 2000
343 2000
344 1000
345 1000
346 1000
347 2000
348 1000
349 1000
350 1000
351 1000
352 1000
353 2000
354 2000
355 2000
356 2000
357 1000
358 2000
359 2000
360 1500
361 1500
362 2000
363 2000
364 2000
365 2000
366 1000
367 2000
368 1000
369 2000
370 1500
371 1000
372 1500
373 1500
374 2000
375 1000
376 1000
377 2000
378 1000
379 500
380 500
381 500
382 500
383 1000
384 1000
385 2000
386 2000
387 2000
388 1000
389 2000
390 1500
391 1500
392 1500
393 1500
394 1500
395 2000
396 1000
397 2000
398 2000
399 2000
400 2000
401 1000
402 2000
403 2000
404 2000
405 2000
406 1000
407 2000
408 1000
409 1000
410 1000
411 1000
412 1000
413 1000
414 2000
415 1500
416 1500
417 1500
418 1500
419 1500
420 2000
421 2000
422 2000
423 1000
424 2000
425 1000
426 1000
427 2000
428 2000
429 2000
430 1000
431 2000
432 1000
433 2000
434 1000
435 1000
436 2000
437 1000
438 2000
439 2000
440 1500
441 1500
442 2000
443 2000
444 2000
445 2000
446 1000
447 2000
448 2000
449 2000
450 1500
451 1500
452 1000
453 1000
454 1000
455 1000
456 2000
457 2000
458 1000
459 1000
460 2000
461 1000
462 2000
463 1000
464 2000
465 2000
466 500
467 1000
468 500
469 500
470 1000
471 1500
472 500
473 500
474 2000
475 2000
476 1000
477 2000
478 1000
479 1000
480 1500
481 1500
482 1000
483 2000
484 1000
485 2000
486 1000
487 1000
488 1000
489 1000
490 1500
491 1500
492 1000
493 2000
494 1000
495 1000
496 1000
497 2000
498 1000
499 2000
500 1500
501 2000
502 2000
503 2000
504 1000
505 1500
506 1500
507 1500
508 1500
509 1500
510 1500
511 1500
512 1000
513 1000
514 1000
515 2000
516 1000
517 1000
518 2000
519 1000
520 1000
521 2000
522 1000
523 1000
524 2000
525 2000
526 1000
527 1000
528 2000
529 2000
530 2000
531 1000
532 2000
533 2000
534 1000
535 2000
536 1000
537 1000
538 1000
539 2000
540 1000
541 2000
542 500
543 500
544 500
545 1500
546 1000
547 1500
548 1500
549 1500
550 1000
551 1000
552 2000
553 2000
554 2000
555 2000
556 500
557 1000
558 2000
559 1000
560 1000
561 1000
562 1000
563 2000
564 1000
565 1000
566 2000
567 2000
568 2000
569 2000
570 1500
571 1500
572 1500
573 1500
574 1500
575 2000
576 2000
577 1000
578 2000
579 1000
580 2000
581 1000
582 1000
583 2000
584 1000
585 2000
586 1000
587 2000
588 2000
589 2000
590 2000
591 1000
592 1000
593 2000
594 2000
595 1500
596 2000
597 1000
598 2000
599 2000

0 1 1 5
0 2 12 8
0 3 42 5
0 4 48 2
0 5 40 4
0 6 31 4
0 34 11 8
0 70 32 5
0 86 43 6
0 87 25 7
0 121 4 3
0 221 1 1
0 290 27 1
0 320 12 10
0 392 31 6
0 480 15 8
0 500 1 4
1 2 5 3
1 3 41 4
1 4 21 5
1 5 36 6
1 7 48 1
1 8 43 1
1 9 2 2
1 10 50 3
1 11 33 9
1 12 14 2
1 61 27 9
1 151 20 5
1 186 31 5
1 220 5 2
1 252 15 9
1 267 50 3
1 373 24 5
1 393 26 8
1 415 32 6
1 505 31 5
1 547 4 3
1 549 31 4
1 573 31 6
2 3 40 7
2 4 35 7
2 5 28 10
2 13 31 8
2 14 43 3
2 15 6 2
2 16 37 5
2 17 15 2
2 18 13 2
2 100 47 5
2 232 43 7
2 372 49 6
2 419 7 1
2 440 24 2
2 470 33 2
2 510 26 1
3 4 9 10
3 5 17 9
3 19 14 7
3 20 19 9
3 21 35 2
3 22 19 3
3 32 37 2
3 60 32 3
3 122 17 10
3 135 35 1
3 153 43 4
3 252 46 5
3 267 25 10
3 450 29 1
3 491 18 2
3 595 15 3
4 5 46 6
4 23 33 10
4 24 23 6
4 25 15 2
4 26 34 9
4 27 50 4
4 28 9 1
4 103 30 4
4 232 21 4
4 287 41 4
4 361 44 7
4 571 25 5
5 29 39 8
5 72 34 6
5 135 14 7
5 360 47 6
5 441 26 2
5 453 49 6
5 471 43 5
5 481 34 1
5 491 42 1
5 595 34 9
30 31 3 2
30 32 1 6
30 33 17 6
30 34 3 3
30 35 37 6
30 36 18 10
30 37 4 3
30 220 46 1
30 452 7 9
30 500 31 10
31 32 41 8
31 33 20 1
31 34 14 7
31 35 4 10
31 38 47 7
31 39 26 9
31 40 32 9
31 72 21 8
31 87 50 9
31 121 25 8
31 137 13 5
31 231 14 7
31 288 42 1
31 323 7 1
31 415 44 1
31 441 22 9
31 480 7 3
31 481 18 6
31 506 1 1
32 33 47 6
32 34 14 1
32 35 8 8
32 41 38 8
32 60 8 3
32 72 3 9
32 100 23 8
32 153 40 8
32 267 11 1
32 390 20 6
32 490 36 4
33 34 47 6
33 35 27 5
33 42 2 4
33 43 24 8
33 44 7 4
33 45 8 6
33 46 19 4
33 47 26 6
33 48 2 5
33 87 14 5
33 101 3 2
33 187 12 1
33 220 45 8
33 250 32 4
33 361 29 5
33 418 21 6
33 470 31 9
33 491 36 8
33 500 17 10
33 572 36 6
33 574 2 5
34 35 18 7
34 49 33 3
34 50 41 10
34 51 13 7
34 120 40 4
34 137 28 8
34 154 15 3
34 321 23 10
34 360 6 8
34 393 19 5
34 440 35 1
34 511 26 4
34 546 8 5
34 595 2 3
35 52 38 5
35 53 31 6
35 54 26 9
35 55 9 6
35 56 11 6
35 57 7 1
35 58 28 1
35 59 42 8
35 60 4 3
35 181 17 5
35 231 7 10
35 252 30 10
35 268 33 9
35 288 8 1
35 371 5 6
35 452 38 3
35 470 15 5
35 508 40 10
35 547 28 7
35 595 37 8
60 61 17 7
60 62 42 9
60 63 44 2
60 64 2 7
60 65 22 9
60 72 1 6
60 86 16 3
60 102 49 7
60 120 27 8
60 220 30 7
60 221 35 2
60 232 27 2
60 250 34 9
60 252 45 4
60 267 42 1
60 286 5 10
60 324 5 3
60 392 7 10
60 416 44 5
60 417 32 2
60 440 27 5
60 470 42 4
60 481 37 7
60 500 44 4
60 505 34 8
60 572 14 10
61 66 12 9
61 67 12 1
61 68 10 5
61 69 13 5
61 71 31 9
61 86 12 4
61 121 35 8
61 135 19 6
61 136 16 7
61 154 50 3
61 181 43 4
61 185 25 10
61 231 7 10
61 267 9 7
61 290 37 5
61 320 7 2
61 361 37 3
61 372 31 2
61 394 35 2
61 450 25 5
61 452 28 3
61 471 16 5
61 481 18 5
61 490 27 6
61 491 44 4
61 500 14 6
61 547 7 5
61 549 42 3
61 595 1 2
70 71 10 9
70 72 38 1
70 73 18 4
70 74 36 10
70 75 16 7
70 86 21 8
70 102 11 6
70 103 48 5
70 137 3 1
70 155 38 6
70 221 19 8
70 266 47 9
70 287 16 9
70 361 10 1
70 373 13 6
70 391 27 5
70 394 28 1
70 416 47 3
70 441 8 2
70 450 18 10
70 470 21 3
70 481 44 9
70 490 14 10
70 500 29 9
70 505 48 1
70 546 50 5
70 595 11 10
71 72 22 5
71 76 46 9
71 77 18 3
71 78 3 2
71 79 6 1
71 80 16 3
71 81 24 6
71 82 44 10
71 83 39 10
71 135 43 2
71 153 31 6
71 182 40 3
71 220 21 10
71 232 41 10
71 252 47 9
71 288 12 4
71 324 4 4
71 327 12 10
71 361 14 8
71 450 3 6
71 491 8 7
71 549 23 4
71 572 9 2
71 574 16 9
72 84 8 8
72 85 22 10
72 121 44 2
72 122 27 2
72 184 35 7
72 230 21 3
72 251 14 7
72 267 22 4
72 372 21 9
72 417 31 6
72 440 10 8
72 470 41 9
72 481 48 7
72 500 47 3
72 505 49 3
72 595 26 10
85 86 5 8
85 87 34 3
85 88 5 3
85 89 19 9
85 90 1 8
85 100 9 2
85 102 1 3
85 120 23 6
85 122 32 10
85 136 15 2
85 137 41 10
85 150 24 8
85 151 25 4
85 181 23 7
85 187 14 3
85 265 24 1
85 289 41 10
85 291 19 2
85 326 43 1
85 360 27 2
85 361 28 10
85 370 16 10
85 392 26 4
85 490 43 3
85 546 6 10
86 87 35 3
86 91 23 2
86 92 28 2
86 93 46 9
86 94 50 10
86 95 37 10
86 233 18 3
86 268 6 4
86 370 36 2
86 419 23 8
86 441 28 3
86 451 32 8
86 470 48 9
86 481 32 3
86 491 24 9
86 511 14 8
86 571 36 4
86 595 50 7
87 96 35 3
87 97 15 10
87 98 43 8
87 99 24 6
87 221 43 4
87 230 30 9
87 250 41 5
87 251 48 7
87 321 50 9
87 391 2 10
87 419 16 5
87 440 39 3
87 452 6 7
87 480 17 4
87 500 3 2
87 505 20 4
87 545 7 5
87 573 18 8
87 595 5 3
100 101 36 4
100 102 40 10
100 103 20 10
100 104 26 2
100 105 42 3
100 106 48 5
100 107 28 1
100 108 4 8
100 120 14 9
100 184 21 1
100 266 44 9
100 267 21 7
100 288 13 5
100 327 1 2
100 360 10 10
100 361 30 2
100 372 22 6
100 391 2 9
100 441 49 5
100 451 2 7
100 490 21 7
100 500 26 2
100 506 33 8
100 572 21 9
101 102 10 9
101 103 14 10
101 109 2 9
101 110 11 3
101 120 40 5
101 154 22 2
101 220 41 8
101 231 10 4
101 233 16 5
101 252 47 9
101 322 37 7
101 481 14 1
101 490 43 6
101 505 29 8
101 546 41 5
102 103 5 1
102 111 43 7
102 112 24 7
102 135 4 1
102 182 36 8
102 416 38 9
102 441 24 5
102 453 23 2
102 471 8 7
102 481 9 5
102 500 19 5
102 574 6 6
103 113 36 5
103 114 25 9
103 115 38 4
103 116 5 5
103 117 1 1
103 118 29 6
103 119 19 6
103 136 8 3
103 152 49 6
103 221 38 10
103 252 48 7
103 373 39 3
103 391 46 6
103 419 1 4
103 545 33 7
103 595 33 9
120 121 26 3
120 122 4 1
120 123 5 4
120 124 38 1
120 125 38 9
120 126 44 7
120 151 36 3
120 252 44 3
120 266 47 8
120 321 22 9
120 372 22 3
120 419 11 7
120 440 13 7
120 471 48 5
120 595 47 3
121 122 20 10
121 127 29 1
121 128 8 1
121 129 11 7
121 136 34 2
121 182 25 10
121 185 45 5
121 220 20 8
121 221 22 5
121 320 8 9
121 360 4 10
121 361 21 4
121 416 29 6
121 441 30 10
121 481 40 6
121 490 15 4
121 500 33 4
121 507 17 7
121 512 11 1
121 570 20 6
121 572 30 6
121 595 31 5
122 130 11 3
122 131 10 9
122 132 17 4
122 133 4 1
122 134 38 7
122 137 20 1
122 151 37 10
122 230 40 2
122 232 42 4
122 252 34 5
122 288 22 10
122 291 19 9
122 371 26 6
122 390 14 8
122 391 17 5
122 452 30 6
122 453 42 4
122 480 14 1
122 500 32 8
122 548 4 7
122 549 6 4
135 136 29 5
135 137 39 7
135 138 36 7
135 139 45 7
135 140 47 10
135 150 8 10
135 220 18 9
135 230 26 10
135 250 15 1
135 252 49 9
135 268 16 9
135 320 38 10
135 322 50 4
135 361 35 7
135 371 47 4
135 390 35 5
135 391 30 5
135 481 37 6
135 490 1 3
135 500 25 8
135 510 24 2
135 574 23 5
136 137 19 9
136 141 7 1
136 142 48 6
136 143 17 5
136 144 19 7
136 145 45 4
136 151 33 10
136 221 12 8
136 287 20 2
136 371 35 3
136 417 39 2
136 440 33 2
136 451 44 4
136 500 38 1
136 509 5 10
136 545 49 2
136 595 32 2
137 146 40 5
137 147 20 5
137 148 3 2
137 149 35 5
137 182 6 8
137 186 29 2
137 233 11 3
137 268 34 2
137 285 35 7
137 360 11 4
137 419 32 10
137 440 45 4
137 450 24 5
137 470 34 2
137 471 12 4
137 481 6 4
137 491 26 5
137 547 3 2
137 574 15 4
137 595 13 9
150 151 12 1
150 152 2 5
150 153 29 3
150 154 30 10
150 155 44 10
150 156 16 3
150 157 48 5
150 158 30 2
150 159 49 2
150 160 6 7
150 220 39 6
150 267 8 2
150 290 39 4
150 360 20 1
150 370 35 5
150 490 7 1
150 500 50 5
150 546 8 2
150 572 12 2
151 152 38 7
151 153 35 10
151 154 14 5
151 155 34 7
151 161 29 7
151 162 19 8
151 185 11 2
151 361 20 10
151 450 27 10
151 491 13 1
151 510 10 4
151 595 20 3
152 153 35 1
152 154 38 7
152 155 43 6
152 163 33 4
152 164 34 10
152 165 40 7
152 166 33 5
152 167 19 2
152 230 38 1
152 390 39 2
152 471 23 6
153 154 10 4
153 155 2 5
153 168 11 3
153 169 26 4
153 170 7 10
153 171 37 10
153 172 21 3
153 173 36 3
153 252 39 1
153 391 18 6
153 512 29 10
153 547 48 1
154 155 49 10
154 174 7 5
154 175 39 10
154 231 15 9
154 251 27 3
154 268 15 1
154 288 16 1
154 370 4 10
154 415 50 1
154 451 43 7
154 471 22 2
154 480 47 8
154 573 11 9
155 176 23 8
155 177 11 7
155 178 15 7
155 179 37 6
155 184 18 8
155 221 41 8
155 321 25 1
155 324 28 8
155 416 47 7
155 440 10 10
155 441 25 10
155 480 43 4
155 500 10 8
180 181 15 9
180 182 32 6
180 183 1 10
180 184 46 9
180 185 46 2
180 186 48 10
180 187 9 2
180 188 23 6
180 230 18 6
180 268 5 5
180 327 17 8
180 360 32 1
180 419 36 8
181 182 4 7
181 183 38 8
181 184 50 4
181 185 8 6
181 186 17 9
181 187 8 10
181 189 27 1
181 221 27 9
181 252 28 4
181 480 49 5
181 491 39 10
181 595 42 8
182 183 4 4
182 184 25 8
182 185 21 9
182 186 40 4
182 187 20 10
182 190 36 1
182 191 2 8
182 192 45 1
182 193 29 5
182 194 41 6
182 265 13 7
182 285 10 1
182 391 31 2
182 392 4 7
182 451 36 8
182 500 39 3
182 545 6 8
182 573 36 6
182 595 40 10
183 184 48 1
183 185 9 6
183 186 46 3
183 187 13 6
183 195 30 2
183 196 15 6
183 197 19 8
183 198 8 6
183 199 11 2
183 200 2 9
183 201 8 7
183 202 23 8
183 203 11 8
183 250 45 3
183 450 30 7
183 470 4 6
183 491 22 2
183 500 25 10
184 185 18 4
184 186 18 10
184 187 23 4
184 204 46 9
184 205 38 1
184 361 25 7
184 440 30 10
185 186 40 6
185 187 5 2
185 206 36 9
185 207 10 5
185 208 19 1
185 209 33 9
185 210 28 4
185 211 37 9
185 232 24 2
185 289 34 8
185 320 14 9
185 471 33 9
186 187 47 9
186 212 47 4
186 213 41 10
186 214 32 8
186 418 10 2
186 481 26 3
186 507 9 1
186 509 13 7
186 572 37 6
187 215 21 10
187 216 32 6
187 217 10 3
187 218 6 1
187 219 36 2
187 220 9 7
187 371 18 6
187 373 36 5
187 441 10 6
187 548 33 10
220 221 7 7
220 222 23 7
220 223 9 7
220 224 5 10
220 225 9 10
220 226 6 1
220 230 30 10
220 233 22 2
220 252 15 6
220 268 50 8
220 285 7 1
220 360 50 10
220 361 15 7
220 372 49 3
220 373 28 3
220 417 8 10
220 440 12 3
220 450 23 3
220 481 12 7
220 491 6 10
220 505 46 6
220 572 21 8
220 573 27 1
220 595 4 1
221 227 31 10
221 228 34 7
221 229 11 10
221 251 1 3
221 266 44 5
221 286 43 9
221 322 1 4
221 325 50 8
221 390 9 2
221 440 22 7
221 453 43 6
221 471 30 4
221 490 31 2
221 500 50 7
221 511 4 6
221 548 16 10
221 549 29 4
230 231 31 7
230 232 37 8
230 233 43 8
230 234 24 1
230 235 23 4
230 236 9 5
230 237 48 10
230 238 23 9
230 290 22 3
230 373 12 1
230 450 31 7
230 451 36 8
230 471 44 3
230 490 26 1
230 491 48 2
230 500 38 2
230 506 30 9
230 574 43 8
231 232 9 1
231 233 1 6
231 239 40 8
231 240 38 1
231 241 9 2
231 242 37 6
231 243 39 1
231 244 27 10
231 266 38 3
231 327 38 9
231 370 7 6
231 392 28 8
231 415 1 10
231 418 10 4
231 481 7 10
231 512 3 4
232 233 27 4
232 245 34 4
232 246 45 6
232 267 17 3
232 325 11 6
232 360 39 4
232 392 18 9
232 440 24 9
232 480 45 7
232 545 38 6
232 595 47 3
233 247 2 1
233 248 13 5
233 249 46 4
233 252 15 2
233 289 35 3
233 361 15 9
233 441 49 2
233 471 46 9
233 547 22 1
233 573 42 4
233 595 42 6
250 251 37 2
250 252 11 6
250 253 46 2
250 254 36 6
250 287 19 9
250 360 48 9
250 361 27 4
250 373 4 1
250 415 40 4
250 441 29 8
250 470 50 1
250 480 29 4
250 500 32 7
250 507 10 8
250 545 36 8
251 252 19 8
251 255 34 7
251 256 17 2
251 257 1 9
251 258 32 5
251 259 27 3
251 260 43 10
251 265 43 4
251 268 8 7
251 288 41 5
251 371 11 1
251 393 9 9
251 415 36 9
251 450 20 7
251 453 35 2
251 480 41 2
251 490 18 6
251 507 22 5
251 572 21 7
252 261 19 1
252 262 34 8
252 263 36 4
252 264 31 10
252 320 18 10
252 323 23 7
252 440 17 9
252 470 47 8
252 500 50 2
252 547 27 3
252 574 41 1
252 595 34 2
265 266 46 10
265 267 49 3
265 268 45 7
265 269 11 6
265 270 13 9
265 271 34 7
265 272 5 8
265 273 22 6
265 274 41 5
265 393 29 8
265 471 13 4
265 481 47 2
265 548 38 2
265 570 4 2
266 267 42 10
266 268 34 9
266 275 10 8
266 276 4 4
266 277 33 3
266 278 18 9
266 361 23 7
266 371 27 3
266 372 28 2
266 392 31 10
266 415 32 5
266 416 32 7
266 440 5 3
266 453 21 2
266 490 22 10
266 500 8 4
266 547 9 4
266 595 35 1
267 268 25 3
267 279 36 9
267 280 30 3
267 281 33 8
267 285 31 2
267 321 24 3
267 322 27 5
267 453 4 1
267 470 37 7
267 481 2 9
267 507 21 7
267 508 11 1
267 595 14 5
268 282 25 2
268 283 26 2
268 284 41 9
268 291 14 4
268 490 5 8
268 500 17 3
268 573 26 4
285 286 11 3
285 287 31 3
285 288 19 2
285 289 12 5
285 290 35 1
285 291 19 10
285 292 29 6
285 293 29 2
285 294 14 7
285 295 35 6
285 296 43 2
285 297 21 5
285 298 17 9
285 299 50 5
285 441 16 7
285 481 27 10
285 490 5 9
285 491 34 7
286 287 44 8
286 288 20 6
286 289 47 6
286 290 37 2
286 291 34 5
286 300 20 9
286 301 23 4
286 302 30 6
286 303 13 5
286 304 45 3
286 394 11 9
286 441 31 4
286 452 46 5
286 453 44 5
286 470 28 4
287 288 5 1
287 289 14 5
287 290 15 6
287 291 19 10
287 305 44 7
287 306 1 10
287 307 36 2
287 308 35 7
287 309 35 7
287 326 29 2
287 360 27 8
287 417 36 9
287 470 50 2
287 547 7 1
287 549 31 4
287 595 49 7
288 289 17 2
288 290 44 9
288 291 9 6
288 310 2 5
288 311 29 2
288 419 40 5
288 500 11 1
288 595 18 7
289 290 3 2
289 291 11 8
289 312 19 1
289 361 39 4
289 373 32 4
290 291 39 3
290 313 44 10
290 314 44 5
290 315 18 5
290 371 41 9
290 393 41 4
290 481 11 4
290 500 3 3
290 507 30 8
290 573 23 6
291 316 19 1
291 317 48 6
291 318 36 6
291 319 45 1
291 321 24 2
291 511 10 6
291 573 47 6
320 321 42 2
320 322 49 6
320 323 21 9
320 324 44 5
320 325 13 8
320 326 5 10
320 327 44 10
320 328 24 8
320 329 1 6
320 330 14 8
320 331 39 4
320 361 41 3
320 371 11 6
320 417 3 7
320 440 23 3
320 451 10 6
320 453 35 5
320 500 49 3
320 595 29 5
321 322 40 10
321 323 2 7
321 324 29 10
321 325 19 8
321 326 38 8
321 327 5 8
321 332 30 7
321 333 18 4
321 334 5 4
321 335 37 9
321 371 1 5
321 470 49 10
321 481 7 4
321 545 40 10
321 570 39 9
322 323 3 4
322 324 25 10
322 325 48 1
322 326 42 5
322 327 15 1
322 336 29 7
322 337 50 5
322 338 45 4
322 339 46 5
322 340 28 7
322 341 7 10
322 342 6 4
322 471 3 1
322 512 1 1
322 546 1 10
323 324 44 8
323 325 10 6
323 326 32 4
323 327 40 1
323 343 27 7
323 344 4 5
323 360 33 1
323 394 37 6
323 573 6 2
324 325 31 9
324 326 6 2
324 327 16 10
324 345 41 2
324 346 18 1
324 347 46 3
324 348 49 8
324 349 31 3
324 500 27 7
324 506 48 2
324 595 42 4
325 326 32 7
325 327 23 7
325 350 10 7
325 351 8 10
325 352 17 9
325 353 6 10
325 441 26 3
326 327 23 2
326 354 10 4
326 355 38 10
326 356 16 7
326 357 49 10
326 419 40 2
326 481 42 2
327 358 23 10
327 359 14 9
327 390 41 8
327 490 49 9
327 491 8 2
360 361 11 1
360 362 35 3
360 363 20 3
360 364 36 4
360 365 36 10
360 370 33 7
360 441 23 6
360 470 19 3
360 491 14 10
360 500 37 1
360 549 14 3
360 573 48 6
360 595 48 1
361 366 15 9
361 367 38 7
361 368 43 6
361 369 3 5
361 372 47 10
361 392 26 10
361 394 28 4
361 418 36 10
361 441 46 10
361 450 36 4
361 453 25 5
361 470 30 7
361 481 46 5
361 491 13 3
361 500 10 2
361 505 46 8
361 546 7 6
361 572 43 8
361 595 37 8
370 371 11 10
370 372 49 1
370 373 18 4
370 374 33 2
370 375 6 10
370 376 9 4
370 377 19 8
370 378 6 7
370 391 49 1
370 415 46 1
370 441 33 4
370 451 27 9
370 481 36 2
370 500 10 7
370 508 44 9
370 547 23 5
370 574 9 9
370 595 29 4
371 372 14 6
371 373 24 10
371 379 35 7
371 380 44 4
371 381 6 7
371 382 37 6
371 416 36 4
371 453 36 1
371 480 14 2
371 491 44 4
371 500 30 4
371 505 4 8
371 595 6 5
372 373 28 2
372 383 42 4
372 384 16 2
372 385 42 2
372 386 8 5
372 387 35 8
372 388 41 7
372 393 31 6
373 389 40 1
373 440 35 3
373 470 32 7
373 491 31 5
373 549 29 5
373 571 49 6
390 391 22 5
390 392 1 10
390 393 16 8
390 394 38 3
390 395 2 5
390 450 25 5
390 480 32 3
390 481 5 1
390 490 27 5
390 510 2 9
391 392 35 4
391 393 13 1
391 394 29 2
391 396 28 2
391 397 25 6
391 417 25 8
391 450 8 4
391 470 1 4
391 512 10 6
391 573 25 5
391 595 8 6
392 393 41 3
392 394 19 2
392 398 43 8
392 399 39 5
392 546 13 7
392 571 14 9
393 394 46 1
393 400 30 7
393 401 23 2
393 402 11 5
393 403 26 6
393 404 1 5
393 405 5 1
393 441 41 5
393 500 9 9
393 548 24 9
394 406 45 1
394 407 21 3
394 408 29 8
394 409 9 1
394 410 14 4
394 411 35 2
394 412 50 10
394 413 35 3
394 414 23 5
394 417 45 1
394 441 43 3
394 491 17 5
394 595 26 5
415 416 6 6
415 417 50 3
415 418 30 4
415 419 4 3
415 420 43 8
415 421 16 8
415 422 32 9
415 423 50 9
415 424 18 4
415 470 2 7
415 595 49 4
416 417 41 4
416 418 20 7
416 419 36 8
416 425 35 7
416 426 5 5
416 427 49 8
416 471 32 2
416 545 10 9
416 548 8 3
417 418 22 10
417 419 46 4
417 428 28 1
417 429 18 2
417 430 18 9
417 431 32 5
417 432 4 4
417 441 13 4
417 451 2 8
417 481 34 1
417 490 1 6
417 500 41 3
418 419 42 1
418 433 47 10
418 434 41 7
418 435 11 10
418 441 41 10
418 505 10 7
418 509 39 8
418 570 10 3
418 573 31 5
418 595 3 2
419 436 24 2
419 437 2 6
419 438 33 10
419 439 18 7
419 453 10 10
419 481 12 7
419 490 35 4
419 500 15 3
440 441 21 1
440 442 33 2
440 443 31 8
440 444 40 4
440 445 6 10
440 471 17 8
440 490 40 6
440 491 12 8
440 500 21 10
440 509 40 8
440 546 41 2
440 549 1 9
440 571 10 8
441 446 49 10
441 447 37 5
441 448 21 10
441 449 13 9
441 451 15 7
441 452 2 5
441 480 9 1
441 500 17 2
441 511 44 5
441 571 45 8
441 595 7 7
450 451 14 9
450 452 13 10
450 453 46 7
450 454 2 2
450 455 41 2
450 456 35 3
450 457 3 2
450 458 24 6
450 459 12 7
450 460 12 3
450 571 18 1
451 452 46 5
451 453 19 5
451 461 27 3
451 462 14 8
451 463 32 1
451 464 48 3
451 465 44 9
451 507 16 10
451 508 15 10
451 573 21 10
451 595 22 9
452 453 21 4
452 466 33 4
452 467 3 3
452 470 34 9
452 480 26 6
452 490 47 7
452 500 19 3
452 548 24 3
452 595 29 4
453 468 3 4
453 469 37 10
453 481 32 8
453 490 7 2
470 471 21 3
470 472 40 7
470 473 40 8
470 490 12 9
470 491 2 10
470 500 44 4
470 509 37 6
470 595 4 5
471 474 43 4
471 475 1 6
471 476 6 5
471 477 50 9
471 478 1 10
471 479 32 4
471 480 48 8
471 481 35 2
471 512 18 1
471 546 36 2
471 549 18 3
471 571 32 4
471 595 46 5
480 481 24 10
480 482 49 4
480 483 3 6
480 484 48 9
480 490 5 2
480 491 31 4
480 500 13 6
480 506 23 9
480 511 17 10
480 548 46 6
480 572 33 1
481 485 17 4
481 486 49 2
481 487 40 9
481 488 4 3
481 489 3 6
481 546 34 1
481 572 48 9
481 595 18 8
490 491 28 1
490 492 36 7
490 493 21 3
490 494 7 6
490 500 12 9
490 510 5 2
490 511 26 1
490 545 13 7
490 571 33 6
491 495 27 9
491 496 28 3
491 497 37 5
491 498 29 9
491 499 31 5
491 500 13 6
491 545 9 3
491 570 18 4
491 595 2 6
500 501 41 7
500 502 1 5
500 503 34 3
500 504 34 7
500 505 22 9
500 512 19 5
500 545 13 2
500 549 39 4
500 570 26 8
500 571 3 5
500 595 38 2
505 506 43 2
505 507 47 9
505 508 21 10
505 509 41 6
505 510 27 1
505 511 2 7
505 512 18 2
505 513 1 5
505 514 13 5
505 515 14 4
505 595 29 5
506 507 22 7
506 508 38 1
506 509 42 4
506 510 1 6
506 511 40 5
506 512 43 2
506 516 35 7
506 517 3 2
506 518 32 5
506 519 12 9
506 520 48 2
507 508 12 6
507 509 7 10
507 510 4 9
507 511 50 6
507 512 28 5
507 521 3 7
507 522 13 9
507 523 48 2
507 548 38 1
508 509 48 1
508 510 34 5
508 511 33 7
508 512 17 6
508 524 21 7
508 525 45 6
508 526 48 6
508 527 44 6
508 528 29 7
508 529 44 10
508 530 28 3
508 531 48 1
508 547 46 8
508 572 31 5
509 510 16 4
509 511 40 4
509 512 46 6
509 532 43 4
510 511 36 1
510 512 1 1
510 533 12 7
510 534 12 9
511 512 11 7
511 535 14 4
511 536 46 9
511 537 30 6
511 538 50 9
511 539 38 10
511 540 38 2
511 541 38 8
512 542 23 7
512 543 13 2
512 544 17 9
512 572 36 9
545 546 40 7
545 547 33 6
545 548 33 1
545 549 15 8
545 550 45 6
545 551 39 8
545 552 13 6
545 553 24 2
545 554 32 9
545 555 36 4
545 570 48 5
545 595 15 7
546 547 1 9
546 548 16 7
546 549 42 10
546 556 12 1
546 595 22 9
547 548 32 7
547 549 2 4
547 557 17 4
547 558 29 8
547 559 6 1
547 560 18 2
547 561 45 6
547 562 12 8
548 549 6 7
548 563 20 10
549 564 2 7
549 565 32 3
549 566 40 9
549 567 37 10
549 568 4 3
549 569 16 6
549 570 32 4
570 467 10 1
570 571 3 8
570 572 35 2
570 573 43 2
570 574 7 2
570 575 31 5
570 576 9 4
570 577 2 9
570 578 26 4
570 579 43 5
570 580 20 9
570 581 36 3
571 572 50 5
571 573 12 9
571 574 45 10
571 582 47 9
571 583 14 3
571 584 19 4
571 585 7 8
571 586 46 4
571 595 1 10
572 573 24 7
572 574 20 3
572 587 43 5
572 588 30 10
572 589 18 1
572 595 10 3
573 574 14 10
573 590 46 8
573 591 5 2
573 592 9 10
573 593 2 10
574 594 34 4
577 495 16 1
595 596 38 1
595 597 35 5
595 598 39 7
595 599 4 1

0 448 8
1 439 6
2 330 8
3 247 1
4 553 13
5 438 7
6 93 15
7 132 11
8 160 3
9 497 12
10 144 7
11 445 3
12 243 15
13 554 15
14 420 25
15 239 21
16 48 1
17 229 5
18 590 20
19 359 9
20 535 7
21 319 13
22 377 10
23 257 1
24 191 1
25 568 2
26 474 24
27 130 4
28 241 6
29 49 13
30 123 2
31 341 2
32 84 3
33 254 18
34 79 3
35 444 16
36 355 18
37 172 10
38 569 11
39 270 8
40 464 18
41 83 26
42 141 3
43 306 1
44 599 2
45 405 4
46 358 8
47 94 32
48 331 20
49 92 7
50 244 7
51 414 10
52 205 25
53 240 21
54 525 18
55 45 6
56 539 17
57 300 14
58 312 8
59 13 8
60 342 2
61 493 12
62 218 2
63 255 20
64 15 3
65 203 6
66 433 25
67 424 10
68 29 23
69 429 8
70 354 6
71 108 3
72 558 11
73 374 13
74 585 2
75 219 11
76 63 31
77 449 4
78 105 27
79 222 12
80 403 8
81 253 32
82 294 4
83 499 19
84 462 9
85 365 11
86 580 5
87 530 17
88 283 8
89 73 13
90 456 22
91 54 14
92 431 17
93 442 11
94 422 15
95 261 5
96 97 7
97 174 4
98 334 2
99 541 11
100 66 4
101 9 1
102 524 9
103 17 7
104 165 19
105 163 11
106 110 8
107 46 5
108 52 20
109 96 22
110 115 9
111 421 5
112 598 10
113 91 9
114 529 29
115 515 9
116 313 20
117 465 21
118 343 12
119 192 13
120 227 18
121 399 14
122 367 13
123 501 27
124 209 11
125 385 11
126 532 26
127 276 3
128 177 5
129 269 7
130 258 23
131 386 5
132 199 3
133 280 15
134 502 1
135 483 2
136 309 8
137 169 17
138 457 2
139 594 10
140 81 7
141 59 28
142 555 20
143 364 18
144 447 12
145 398 30
146 402 8
147 64 2
148 36 10
149 578 17
150 226 2
151 7 26
152 575 16
153 104 16
154 521 1
155 292 7
156 356 6
157 142 12
158 148 3
159 389 26
160 21 21
161 50 17
162 131 7
163 397 8
164 281 22
165 395 1
166 576 6
167 552 7
168 133 2
169 362 22
170 217 6
171 279 9
172 43 15
173 332 17
174 55 6
175 443 19
176 436 6
177 593 2
178 90 1
179 145 23
180 518 17
181 528 8
182 47 17
183 588 21
184 51 7
185 503 10
186 347 12
187 427 31
188 407 7
189 404 1
190 6 14
191 39 7
192 485 7
193 567 21
194 369 3
195 80 4
196 88 2
197 340 7
198 301 7
199 475 1
200 242 9
201 400 21
202 134 15
203 16 17
204 303 7
205 316 9
206 589 5
207 284 10
208 587 23
209 596 25
210 275 5
211 206 22
212 277 13
213 238 16
214 14 21
215 273 7
216 363 10
217 260 24
218 387 18
219 563 10
220 337 14
221 112 17
222 566 19
223 99 9
224 68 4
225 117 1
226 201 6
227 533 4
228 460 8
229 41 17
230 583 5
231 56 4
232 75 10
233 477 22
234 249 31
235 170 3
236 428 9
237 353 3
238 259 11
239 158 18
