600 1525 240

0 25 200
1 50 500
2 100 1200
3 150 2800
4 200 4500
5 250 7000

0 1500
1 1500
2 1500
3 2000
4 2000
5 1000
6 1000
7 1000
8 1000
9 2000
10 2000
11 2000
12 2000
13 1000
14 2000
15 1500
16 1500
17 1500
18 1000
19 1000
20 1000
21 2000
22 1000
23 1000
24 2000
25 2000
26 2000
27 2000
28 2000
29 2000
30 2000
31 2000
32 1000
33 1000
34 500
35 1500
36 1500
37 1500
38 1500
39 1000
40 2000
41 2000
42 1000
43 2000
44 2000
45 1000
46 2000
47 1000
48 2000
49 1000
50 2000
51 1000
52 2000
53 2000
54 2000
55 2000
56 2000
57 1000
58 1000
59 500
60 1500
61 1000
62 2000
63 2000
64 1000
65 1500
66 1500
67 1500
68 1500
69 1000
70 1500
71 1500
72 1000
73 1000
74 2000
75 1000
76 2000
77 1000
78 1000
79 1000
80 1000
81 2000
82 2000
83 2000
84 2000
85 2000
86 1000
87 2000
88 2000
89 1000
90 1000
91 500
92 2000
93 1000
94 2000
95 2000
96 1000
97 2000
98 1000
99 2000
100 1500
101 1500
102 1500
103 1000
104 1500
105 1500
106 2000
107 2000
108 1000
109 2000
110 1000
111 2000
112 2000
113 2000
114 1000
115 2000
116 500
117 1000
118 2000
119 2000
120 2000
121 2000
122 2000
123 1000
124 2000
125 1000
126 1000
127 2000
128 1000
129 1000
130 1500
131 1500
132 1500
133 1500
134 2000
135 1000
136 1000
137 1000
138 2000
139 1000
140 1000
141 2000
142 1000
143 1000
144 1000
145 1000
146 1000
147 1000
148 1000
149 2000
150 1500
151 1500
152 1500
153 1500
154 1500
155 1500
156 1000
157 1000
158 1000
159 2000
160 2000
161 1000
162 1000
163 2000
164 2000
165 1000
166 1000
167 1000
168 1000
169 1000
170 2000
171 2000
172 1000
173 1000
174 2000
175 1000
176 2000
177 1000
178 1000
179 1000
180 1000
181 2000
182 2000
183 1000
184 500
185 1500
186 1500
187 1000
188 1000
189 1000
190 2000
191 2000
192 2000
193 2000
194 2000
195 500
196 500
197 500
198 500
199 500
200 1000
201 1500
202 1000
203 1500
204 1500
205 1000
206 500
207 500
208 1000
209 2000
210 1000
211 2000
212 1000
213 1000
214 1000
215 1000
216 500
217 500
218 1000
219 2000
220 2000
221 2000
222 1000
223 1000
224 2000
225 2000
226 500
227 500
228 500
229 500
230 1500
231 1500
232 1500
233 1500
234 1500
235 1500
236 2000
237 1000
238 2000
239 2000
240 2000
241 2000
242 2000
243 2000
244 1000
245 1000
246 1000
247 1000
248 1000
249 1000
250 2000
251 1000
252 1000
253 2000
254 1000
255 1000
256 1000
257 2000
258 1000
259 2000
260 1500
261 1500
262 1500
263 2000
264 1000
265 1000
266 1000
267 2000
268 2000
269 2000
270 2000
271 2000
272 1000
273 1000
274 1000
275 1500
276 1500
277 2000
278 2000
279 1000
280 1000
281 1000
282 2000
283 1000
284 1000
285 1500
286 1500
287 1000
288 1500
289 2000
290 2000
291 2000
292 1000
293 2000
294 2000
295 1000
296 1000
297 2000
298 1000
299 500
300 1000
301 2000
302 2000
303 1000
304 1000
305 1000
306 1500
307 1500
308 1500
309 1500
310 500
311 500
312 500
313 1000
314 2000
315 2000
316 1000
317 2000
318 2000
319 2000
320 2000
321 1000
322 1000
323 1000
324 2000
325 2000
326 2000
327 1000
328 2000
329 1000
330 1500
331 1500
332 1500
333 1500
334 1500
335 2000
336 2000
337 1000
338 2000
339 1000
340 2000
341 1000
342 2000
343 2000
344 2000
345 1000
346 1000
347 1000
348 1000
349 2000
350 1000
351 1000
352 1000
353 2000
354 2000
355 1500
356 1000
357 1000
358 1000
359 2000
360 1500
361 1500
362 1000
363 1500
364 1500
365 2000
366 1000
367 2000
368 2000
369 2000
370 1000
371 2000
372 500
373 500
374 500
375 500
376 2000
377 2000
378 1000
379 2000
380 1000
381 2000
382 2000
383 1000
384 1000
385 1500
386 2000
387 2000
388 2000
389 2000
390 1500
391 1500
392 1500
393 1500
394 1500
395 2000
396 2000
397 1000
398 1000
399 2000
400 1000
401 1000
402 2000
403 1000
404 1000
405 1000
406 2000
407 1000
408 2000
409 1000
410 2000
411 2000
412 1000
413 1000
414 2000
415 1500
416 1500
417 1000
418 2000
419 2000
420 2000
421 2000
422 2000
423 2000
424 1000
425 1500
426 1500
427 1500
428 1500
429 2000
430 2000
431 2000
432 2000
433 1000
434 1000
435 2000
436 2000
437 2000
438 2000
439 2000
440 1000
441 2000
442 1000
443 1000
444 2000
445 1500
446 1500
447 1500
448 1500
449 1000
450 1000
451 1000
452 1000
453 2000
454 1000
455 2000
456 2000
457 1000
458 1000
459 1000
460 2000
461 2000
462 2000
463 2000
464 2000
465 1500
466 1500
467 1500
468 1500
469 2000
470 1000
471 2000
472 2000
473 2000
474 2000
475 1000
476 1000
477 1000
478 2000
479 1000
480 2000
481 2000
482 2000
483 2000
484 2000
485 1500
486 1500
487 1500
488 1000
489 1500
490 2000
491 2000
492 2000
493 1000
494 2000
495 2000
496 2000
497 2000
498 2000
499 2000
500 1000
501 500
502 2000
503 1000
504 1000
505 1000
506 2000
507 2000
508 1000
509 2000
510 1000
511 500
512 500
513 500
514 500
515 1500
516 1500
517 1500
518 2000
519 2000
520 1000
521 1000
522 2000
523 1000
524 2000
525 2000
526 2000
527 2000
528 2000
529 1000
530 1500
531 1500
532 1500
533 1500
534 1500
535 1000
536 1500
537 2000
538 2000
539 1000
540 1000
541 1000
542 1000
543 1000
544 1000
545 2000
546 2000
547 2000
548 1000
549 2000
550 1000
551 1000
552 2000
553 1000
554 2000
555 2000
556 2000
557 2000
558 1000
559 1000
560 2000
561 2000
562 1000
563 500
564 2000
565 1500
566 1500
567 1500
568 2000
569 2000
570 1000
571 2000
572 1000
573 2000
574 2000
575 2000
576 2000
577 1000
578 2000
579 1000
580 1500
581 1000
582 1500
583 1500
584 1000
585 1000
586 1000
587 2000
588 1000
589 1000
590 500
591 2000
592 1000
593 2000
594 1000
595 1000
596 1000
597 1000
598 2000
599 2000

0 1 35 7
0 2 16 1
0 3 16 6
0 4 49 6
0 5 20 4
0 60 42 9
0 65 12 9
0 156 39 1
0 262 42 4
0 275 24 3
0 288 15 6
0 355 43 6
0 363 6 4
0 364 5 2
0 385 43 5
0 392 33 7
0 415 38 3
0 427 7 4
0 485 7 2
0 515 14 7
0 534 49 5
0 581 45 5
1 2 30 2
1 6 3 3
1 7 6 8
1 8 18 10
1 9 37 5
1 15 20 8
1 67 22 2
1 101 28 7
1 132 29 8
1 155 9 10
1 187 36 2
1 203 43 4
1 231 8 2
1 235 17 6
1 332 28 3
1 355 29 10
1 385 25 8
1 391 22 6
1 415 44 10
1 446 8 1
1 465 46 6
1 488 3 7
1 510 35 2
1 531 16 3
1 566 43 3
1 567 45 6
1 582 11 9
2 10 34 5
2 11 50 9
2 12 43 8
2 13 14 1
2 14 21 7
2 17 16 10
2 37 4 7
2 38 3 2
2 60 15 1
2 102 22 2
2 130 13 5
2 187 20 7
2 202 21 2
2 262 45 7
2 276 3 3
2 287 13 6
2 307 26 6
2 309 25 10
2 332 31 2
2 425 2 2
2 446 30 3
2 510 15 4
2 517 35 5
15 16 47 4
15 17 11 3
15 18 48 10
15 19 38 2
15 20 19 2
15 21 36 2
15 36 32 5
15 60 20 10
15 66 30 7
15 104 38 5
15 130 49 1
15 150 15 4
15 203 48 5
15 261 49 4
15 262 12 4
15 287 18 3
15 363 18 6
15 393 6 5
15 465 15 2
15 487 34 8
15 510 29 8
15 533 46 10
15 566 46 3
16 17 31 8
16 18 41 2
16 22 19 6
16 23 20 10
16 24 7 4
16 25 39 3
16 26 24 1
16 100 33 3
16 186 10 3
16 205 41 4
16 275 47 10
16 309 21 4
16 333 45 8
16 355 36 5
16 362 49 10
16 385 45 6
16 391 48 3
16 415 39 3
16 416 33 9
16 446 11 8
16 466 3 9
16 510 7 6
16 517 31 5
16 566 28 2
16 581 42 9
17 18 22 3
17 27 30 4
17 28 50 10
17 29 42 10
17 30 32 9
17 31 47 5
17 32 9 3
17 33 28 6
17 36 35 8
17 60 37 1
17 233 21 8
17 275 22 3
17 286 23 1
17 425 10 3
17 445 49 1
17 517 36 3
17 531 9 1
17 583 26 6
18 34 17 6
18 71 47 8
18 130 7 6
18 155 9 7
18 185 29 2
18 233 24 9
18 309 3 4
18 334 12 10
18 355 16 5
18 385 49 3
18 428 13 3
18 486 15 7
35 36 6 3
35 37 30 10
35 38 16 4
35 39 11 5
35 40 5 8
35 41 20 10
35 60 25 8
35 67 46 7
35 130 40 2
35 260 49 6
35 261 49 2
35 305 41 9
35 331 15 3
35 361 11 3
35 385 14 1
35 416 39 5
35 447 21 1
35 486 46 4
36 37 6 3
36 38 38 6
36 39 9 10
36 42 7 4
36 43 24 7
36 44 36 5
36 60 21 10
36 69 17 8
36 153 30 4
36 234 43 2
36 276 17 9
36 355 9 3
36 361 22 8
36 416 24 8
36 510 20 3
37 38 50 8
37 39 10 6
37 45 18 1
37 46 8 6
37 47 50 10
37 48 24 6
37 49 18 7
37 50 43 4
37 51 31 3
37 187 50 8
37 202 8 8
37 276 10 9
37 287 35 2
37 333 49 2
37 385 17 7
37 510 18 1
37 515 23 2
37 517 35 2
37 531 45 1
37 533 39 3
37 566 8 2
37 567 50 7
38 39 22 6
38 52 43 5
38 53 33 2
38 54 6 9
38 55 41 2
38 56 46 7
38 57 40 4
38 58 38 10
38 105 44 7
38 133 33 9
38 394 1 2
38 466 48 7
38 488 48 7
38 581 25 3
38 583 2 9
39 59 23 6
39 100 18 1
39 156 49 6
39 185 36 5
39 202 40 4
39 233 40 2
39 287 29 4
39 392 6 1
39 428 44 5
39 445 31 1
39 466 37 7
60 61 49 3
60 62 40 3
60 63 6 9
60 64 34 10
60 65 6 2
60 71 29 10
60 100 30 1
60 101 36 9
60 130 5 4
60 132 13 10
60 153 46 9
60 155 16 6
60 185 21 9
60 186 47 3
60 201 36 8
60 204 2 1
60 235 44 2
60 260 39 3
60 261 3 2
60 275 41 9
60 276 36 4
60 285 42 3
60 288 39 7
60 305 4 1
60 307 7 1
60 331 30 10
60 334 39 7
60 355 10 1
60 361 28 2
60 385 39 9
60 391 17 4
60 394 11 8
60 415 29 2
60 416 11 3
60 425 48 7
60 445 13 6
60 447 7 4
60 465 25 3
60 468 16 3
60 488 11 1
60 489 3 10
60 510 42 8
60 515 25 8
60 516 27 5
60 530 3 10
60 533 25 7
60 566 47 4
60 580 15 4
60 583 29 5
65 66 35 9
65 67 19 9
65 68 48 1
65 69 1 1
65 70 7 9
65 71 19 2
65 72 10 5
65 73 50 8
65 74 15 4
65 75 46 5
65 76 49 6
65 77 34 9
65 78 44 10
65 79 22 1
65 80 20 8
65 81 13 2
65 82 47 9
65 104 20 3
65 230 45 9
65 355 50 2
65 363 19 4
65 385 34 7
65 415 27 3
65 510 50 2
65 566 2 7
65 582 6 8
66 67 45 1
66 68 8 3
66 69 14 2
66 70 11 1
66 71 35 2
66 83 15 8
66 84 21 1
66 85 17 8
66 130 48 8
66 186 37 7
66 276 12 10
66 287 7 3
66 393 18 8
66 515 34 7
67 68 38 1
67 69 29 8
67 70 29 4
67 71 48 5
67 86 22 6
67 87 33 2
67 203 6 5
67 262 42 3
67 307 12 5
67 362 16 10
67 427 12 3
67 445 21 9
67 468 18 10
67 486 15 9
67 489 42 6
67 567 20 5
68 69 15 4
68 70 27 10
68 71 20 6
68 88 10 2
68 89 32 9
68 90 34 10
68 102 16 10
68 153 3 4
68 510 16 2
68 530 23 5
68 532 17 6
68 581 6 6
69 70 2 7
69 71 8 10
69 91 17 10
69 155 47 10
69 275 9 3
69 385 38 10
69 394 49 4
69 428 48 6
69 516 40 7
70 71 4 6
70 92 9 5
70 93 25 4
70 94 47 10
70 95 16 4
70 96 23 1
70 97 31 8
70 98 28 4
70 262 18 10
70 287 36 8
70 305 41 4
70 355 27 9
70 447 27 1
70 470 35 5
70 489 30 4
71 99 4 4
71 130 28 10
71 205 1 1
71 330 42 6
71 334 15 1
71 416 7 9
71 467 49 4
100 101 10 9
100 102 17 6
100 103 27 9
100 104 19 5
100 105 24 6
100 106 42 6
100 107 40 9
100 108 26 5
100 109 50 5
100 110 34 9
100 111 36 5
100 112 13 10
100 132 26 8
100 276 37 1
100 308 20 3
100 385 9 3
100 416 34 10
100 447 3 1
100 465 26 1
100 466 3 7
100 510 13 8
100 581 21 6
101 102 18 8
101 103 3 10
101 104 34 2
101 105 12 5
101 113 21 10
101 114 45 6
101 362 7 10
101 448 18 2
101 486 23 1
101 487 41 8
101 533 46 3
101 536 42 3
101 583 14 8
102 103 11 1
102 104 17 3
102 105 27 8
102 115 4 5
102 203 1 7
102 260 50 2
102 286 9 7
102 355 27 4
102 385 26 5
102 426 41 6
103 104 20 6
103 105 23 8
103 116 28 5
103 132 23 5
103 154 21 1
103 187 23 3
103 230 14 3
103 309 44 4
103 364 7 7
103 427 16 2
103 516 4 6
104 105 6 1
104 117 22 2
104 118 8 1
104 119 24 1
104 261 26 4
104 275 4 3
104 286 44 6
104 416 32 5
104 566 8 2
105 120 41 1
105 121 50 4
105 122 15 2
105 123 11 4
105 124 28 3
105 125 48 3
105 126 45 7
105 127 48 2
105 128 41 2
105 129 48 4
105 152 7 7
105 186 5 1
105 204 13 1
105 235 17 6
105 334 17 4
105 355 37 1
105 393 46 4
105 394 26 1
105 510 48 6
105 567 34 10
130 131 6 1
130 132 41 7
130 133 21 4
130 134 11 4
130 135 4 2
130 136 30 3
130 154 26 5
130 201 3 4
130 447 14 7
130 465 9 3
130 486 10 9
130 516 5 1
130 535 18 3
131 132 14 3
131 133 21 4
131 137 16 2
131 138 40 9
131 139 25 4
131 140 35 4
131 185 26 8
131 204 12 6
131 230 25 7
131 275 32 6
131 287 41 4
131 305 8 7
131 309 18 7
131 391 21 1
131 392 36 3
131 415 32 10
131 510 45 4
131 566 44 5
131 583 10 4
132 133 36 3
132 141 35 4
132 142 46 9
132 143 32 10
132 144 6 6
132 145 29 2
132 155 38 7
132 262 15 5
132 276 32 3
132 287 3 1
132 332 32 8
132 355 1 10
132 360 22 1
132 362 32 9
132 385 21 7
132 416 34 5
132 485 29 7
132 566 38 10
132 583 34 2
133 146 26 8
133 147 5 3
133 148 10 10
133 149 19 9
133 186 33 7
133 231 2 4
133 261 35 3
133 330 8 8
133 385 23 6
133 427 40 8
133 428 34 8
133 445 25 10
133 465 29 8
133 510 18 9
133 517 42 3
133 536 35 4
150 151 31 3
150 152 13 7
150 153 29 8
150 154 45 7
150 155 22 7
150 156 38 7
150 157 47 2
150 158 45 8
150 159 11 1
150 160 31 10
150 161 7 1
150 260 44 4
150 285 4 1
150 361 30 7
150 364 7 10
151 152 17 10
151 153 18 8
151 154 35 6
151 155 2 2
151 156 48 8
151 162 34 3
151 163 16 5
151 261 13 9
151 425 3 10
151 486 45 2
152 153 29 3
152 154 19 6
152 155 21 7
152 156 26 6
152 164 33 2
152 165 9 8
152 166 37 4
152 167 41 7
152 168 25 6
152 169 19 9
152 230 46 3
152 234 29 10
152 385 41 10
152 487 39 8
152 534 1 9
152 582 1 2
153 154 10 8
153 155 25 4
153 156 2 8
153 170 22 2
153 307 50 1
153 309 44 5
153 390 30 7
153 415 31 1
153 445 14 5
153 447 15 8
153 515 4 9
154 155 11 6
154 156 4 2
154 171 10 8
154 172 30 3
154 173 26 5
154 187 24 3
154 426 36 1
155 156 1 3
155 174 47 8
155 175 45 4
155 176 9 1
155 177 19 6
155 178 16 1
155 179 14 5
155 180 26 6
155 181 36 7
155 182 28 2
155 183 3 6
155 185 26 9
155 202 43 9
155 275 6 8
155 276 40 7
155 355 40 9
155 385 37 3
155 390 20 4
155 467 27 7
155 510 36 2
156 184 2 2
156 203 3 4
156 286 9 4
156 331 5 4
156 334 19 3
156 355 47 10
156 415 23 8
156 468 28 9
156 516 20 6
156 534 21 4
156 567 37 3
156 582 26 6
185 186 16 8
185 187 47 3
185 188 18 2
185 189 4 7
185 190 37 2
185 191 24 3
185 200 30 9
185 231 28 7
185 234 45 5
185 260 46 6
185 276 29 3
185 286 3 7
185 307 50 10
185 355 7 4
185 385 49 8
185 427 31 7
185 447 12 7
185 485 13 3
185 487 50 1
185 510 8 1
185 515 45 2
185 535 11 2
185 536 31 3
185 581 1 9
186 187 9 4
186 192 5 7
186 193 31 3
186 194 2 8
186 201 44 9
186 286 46 1
186 306 47 10
186 332 23 8
186 362 7 1
186 364 37 7
186 394 40 6
186 416 3 3
186 425 6 3
186 445 29 1
186 466 42 10
186 510 10 8
186 566 4 8
187 195 27 10
187 196 16 4
187 197 16 9
187 198 29 3
187 199 11 9
187 261 46 8
187 275 46 10
187 333 22 6
187 390 5 2
187 416 19 9
187 467 2 3
187 515 35 9
187 567 42 1
187 583 25 4
200 201 6 9
200 202 1 2
200 203 43 5
200 204 44 4
200 205 32 5
200 206 46 5
200 207 4 6
200 262 18 2
200 286 24 5
200 306 41 2
200 330 18 1
200 332 9 1
200 355 14 3
200 425 2 1
200 517 2 2
200 565 49 7
200 580 13 8
201 202 7 5
201 203 9 9
201 204 1 6
201 205 9 10
201 208 50 2
201 209 1 4
201 210 34 4
201 211 1 9
201 212 13 5
201 213 46 6
201 214 25 4
201 215 37 8
201 232 20 3
201 286 23 7
201 385 37 7
201 415 44 10
201 447 9 9
201 567 38 3
202 203 32 6
202 204 20 9
202 205 46 6
202 216 12 2
202 217 34 8
202 261 42 7
202 306 2 7
202 363 48 1
202 510 13 2
203 204 26 1
203 205 44 10
203 218 9 8
203 219 3 3
203 220 41 2
203 233 32 2
203 275 35 10
203 276 7 8
203 361 50 8
203 393 37 6
203 428 19 6
203 447 43 8
203 487 29 10
203 515 18 10
203 535 8 5
204 205 32 5
204 221 11 7
204 222 31 6
204 223 25 8
204 224 37 1
204 225 27 2
204 355 9 9
204 467 2 2
204 468 45 5
204 485 15 1
205 226 2 9
205 227 50 10
205 228 7 6
205 229 24 2
205 385 32 2
205 390 9 4
205 416 50 9
205 510 18 7
205 535 2 10
205 581 21 3
230 231 29 7
230 232 49 10
230 233 21 3
230 234 5 10
230 235 16 8
230 236 40 7
230 237 7 2
230 238 37 6
230 239 2 4
230 240 40 6
230 241 13 4
230 242 27 8
230 355 27 3
230 426 31 7
230 534 50 6
230 583 20 2
231 232 2 1
231 233 35 7
231 234 34 7
231 235 43 9
231 243 3 10
231 244 49 2
231 245 39 3
231 246 44 7
231 247 43 4
231 248 19 6
231 249 5 7
231 305 45 4
231 362 43 1
231 393 41 1
231 416 25 9
231 510 8 2
231 516 43 6
232 233 18 10
232 234 47 6
232 235 9 2
232 250 29 8
232 251 4 5
232 252 23 6
232 262 19 9
232 333 44 6
232 355 28 3
232 385 31 7
232 426 46 2
232 447 31 4
232 466 40 9
232 536 5 10
232 567 49 4
232 580 1 10
233 234 43 5
233 235 16 5
233 253 42 7
233 254 13 6
233 262 18 2
233 468 36 7
233 515 45 9
234 235 17 8
234 255 9 6
234 256 9 6
234 257 16 6
234 276 4 1
234 385 20 2
234 416 43 1
234 566 17 8
235 258 38 1
235 259 31 1
235 276 10 4
235 286 26 9
235 287 49 6
235 309 42 8
235 331 34 9
235 362 50 5
235 390 44 6
235 486 18 5
235 488 44 6
235 510 11 3
260 261 4 4
260 262 45 4
260 263 16 2
260 264 36 10
260 265 6 8
260 275 7 7
260 287 5 3
260 307 37 9
260 309 21 9
260 355 10 2
260 360 20 5
260 393 11 7
260 425 2 1
260 428 4 8
260 447 45 6
260 485 22 10
261 262 49 6
261 266 48 8
261 267 37 8
261 268 38 7
261 269 31 2
261 270 15 10
261 285 17 7
261 330 29 9
261 385 17 9
261 415 22 1
261 447 22 1
261 515 7 1
261 516 14 10
261 530 31 6
262 271 20 3
262 272 22 10
262 273 8 8
262 274 14 8
262 275 37 3
262 331 20 1
262 355 14 3
262 360 38 3
262 385 38 7
262 393 29 4
262 416 2 7
262 465 42 1
262 467 36 9
262 485 36 2
262 510 19 4
262 534 31 7
262 565 28 7
262 566 37 6
262 580 29 3
262 581 20 9
275 276 29 4
275 277 14 10
275 278 41 7
275 279 6 8
275 280 29 3
275 281 43 7
275 286 43 4
275 334 20 10
275 362 45 4
275 385 38 10
275 394 45 4
275 415 20 6
275 425 38 9
275 428 14 6
275 448 2 7
275 468 35 1
275 487 45 7
275 510 29 10
275 517 28 9
275 532 11 2
275 567 19 9
275 582 13 6
276 282 12 6
276 283 27 3
276 284 13 6
276 286 6 10
276 306 20 7
276 332 13 9
276 355 8 7
276 360 28 7
276 390 44 7
276 415 23 2
276 467 30 2
276 489 46 10
276 510 47 4
276 515 41 7
276 535 20 2
276 565 12 6
276 583 44 2
285 286 48 4
285 287 19 5
285 288 21 1
285 289 3 3
285 290 28 10
285 291 28 5
285 292 26 1
285 355 24 9
285 394 33 3
285 486 17 9
285 581 27 8
286 287 24 7
286 288 29 10
286 293 10 9
286 294 45 1
286 295 1 9
286 296 1 4
286 297 17 3
286 298 45 10
286 308 49 4
286 331 17 6
286 364 27 7
286 385 15 7
286 393 49 4
286 425 33 3
286 510 43 2
286 580 48 2
287 288 11 2
287 299 13 6
287 330 24 9
287 361 30 9
287 426 9 2
287 447 46 6
287 465 39 8
287 466 21 9
287 489 41 1
287 515 49 3
287 567 15 5
288 300 2 9
288 301 16 5
288 302 10 5
288 303 49 2
288 304 20 10
288 305 4 9
288 355 42 7
288 385 6 5
288 415 27 8
288 416 3 6
288 510 2 10
288 531 48 2
288 532 26 8
288 566 13 10
305 306 37 3
305 307 5 3
305 308 28 4
305 309 35 6
305 310 21 3
305 311 30 5
305 312 42 1
305 332 14 8
305 385 44 2
305 425 43 10
305 517 21 5
305 531 6 3
305 566 34 3
306 307 25 6
306 308 17 4
306 309 47 3
306 313 30 5
306 314 19 6
306 315 25 1
306 331 19 8
306 485 16 10
306 486 10 6
306 515 14 3
306 566 45 6
306 581 2 3
307 308 50 1
307 309 5 4
307 316 2 7
307 317 46 4
307 318 21 1
307 319 5 8
307 355 34 5
307 385 2 8
307 445 32 1
307 448 37 3
307 467 26 8
307 583 20 3
308 309 4 3
308 320 5 4
308 321 36 5
308 322 44 5
308 323 2 1
308 324 20 6
308 325 43 8
308 326 49 6
308 327 50 3
308 355 21 2
308 363 5 1
308 392 35 10
308 394 14 3
308 427 37 10
308 466 13 5
308 510 47 3
309 328 34 10
309 329 34 6
309 362 30 2
309 415 13 6
330 331 25 6
330 332 15 3
330 333 1 9
330 334 39 9
330 335 13 4
330 363 24 7
330 385 30 2
330 416 16 2
330 426 26 8
330 467 6 7
330 510 16 8
330 567 18 8
331 332 9 7
331 333 46 4
331 334 30 4
331 336 2 3
331 337 46 6
331 338 34 4
331 339 49 9
331 340 32 7
331 341 26 2
331 393 45 2
331 416 17 8
331 467 4 6
331 510 31 1
331 567 47 1
332 333 30 6
332 334 4 4
332 342 47 9
332 343 45 3
332 344 49 5
332 385 11 9
332 488 14 7
332 581 48 10
332 582 16 10
333 334 38 4
333 345 6 6
333 346 12 6
333 347 37 4
333 348 27 1
333 349 44 6
333 350 49 7
333 447 12 1
333 515 2 3
333 516 3 1
333 533 28 10
334 351 28 4
334 352 26 10
334 353 1 7
334 354 43 4
334 355 3 10
334 360 32 3
334 391 49 3
334 425 8 8
334 446 13 3
334 531 36 3
355 356 37 9
355 357 5 3
355 358 24 10
355 359 37 10
355 363 30 5
355 385 18 6
355 390 27 8
355 393 2 1
355 415 2 2
355 426 44 9
355 427 24 7
355 446 30 4
355 468 29 7
355 486 4 6
355 487 24 8
355 510 44 10
355 517 31 8
355 530 11 4
355 536 23 5
355 565 26 7
355 566 11 6
355 580 13 9
355 582 47 10
360 361 7 4
360 362 46 1
360 363 9 9
360 364 13 6
360 365 14 2
360 366 31 8
360 367 19 2
360 368 49 8
360 369 2 9
360 467 39 9
360 565 12 3
361 362 31 4
361 363 38 9
361 364 50 8
361 370 49 5
361 371 39 1
361 392 39 8
361 416 41 3
361 428 33 8
361 445 36 1
361 510 36 10
361 531 13 4
362 363 40 9
362 364 13 3
362 372 21 7
362 373 15 5
362 374 40 7
362 375 42 3
362 385 34 6
362 510 45 1
362 515 29 3
362 533 21 7
363 364 45 3
363 376 35 3
363 377 17 6
363 378 22 10
363 379 44 3
363 380 18 7
363 381 9 3
363 416 19 9
363 428 10 8
363 485 1 2
363 517 21 2
363 580 12 7
364 382 50 4
364 383 46 4
364 384 43 9
364 393 38 3
364 448 14 2
364 468 4 7
364 487 10 10
364 567 16 10
364 581 28 4
385 386 38 3
385 387 32 4
385 388 12 9
385 389 35 8
385 394 16 9
385 415 6 1
385 416 17 7
385 426 49 3
385 428 25 10
385 445 20 9
385 447 13 6
385 465 22 6
385 468 20 3
385 486 22 4
385 488 11 8
385 510 24 5
385 515 44 2
385 516 35 1
385 532 3 9
385 535 29 3
385 566 22 6
385 580 24 8
390 391 9 3
390 392 46 9
390 393 20 10
390 394 27 2
390 395 1 1
390 396 21 5
390 397 18 1
390 398 11 8
390 416 24 7
390 510 43 4
390 516 31 3
390 517 27 2
390 566 27 1
391 392 50 6
391 393 18 4
391 394 5 2
391 399 24 2
391 400 32 3
391 485 17 4
391 566 36 1
391 581 3 3
392 393 45 6
392 394 5 3
392 401 25 8
392 402 30 8
392 403 17 8
392 404 42 1
392 405 39 5
392 406 19 3
392 425 3 8
392 426 47 4
392 446 39 7
392 466 1 10
392 510 44 8
392 532 18 5
392 582 46 2
393 394 41 3
393 407 16 8
393 408 39 8
393 409 35 8
393 410 41 7
393 411 39 1
393 486 17 9
393 532 50 1
394 412 27 1
394 413 6 9
394 414 18 2
394 416 34 5
394 448 5 10
394 465 43 5
415 416 29 2
415 417 12 8
415 418 4 6
415 419 32 2
415 420 2 3
415 428 36 2
415 466 46 4
415 487 2 8
415 510 29 9
415 515 31 5
415 516 24 9
415 565 39 10
415 583 50 8
416 421 42 10
416 422 36 3
416 423 23 8
416 424 41 8
416 426 15 8
416 446 7 6
416 465 23 3
416 485 47 3
416 530 20 10
416 532 25 5
416 565 16 8
416 582 46 1
425 426 43 3
425 427 19 7
425 428 30 3
425 429 6 9
425 430 18 5
425 431 42 5
425 446 7 8
425 465 33 6
425 530 9 9
425 565 22 8
426 427 42 1
426 428 8 9
426 432 19 2
426 433 49 8
426 434 38 3
426 435 24 4
426 485 6 4
426 510 20 8
427 428 12 1
427 436 20 2
427 510 32 8
427 533 36 1
427 565 23 6
427 580 17 10
428 437 36 3
428 438 28 5
428 439 48 2
428 440 42 4
428 441 42 5
428 442 44 6
428 443 10 2
428 444 43 3
428 447 19 9
428 465 1 10
428 489 4 5
428 515 3 2
428 516 17 3
445 446 48 4
445 447 6 8
445 448 11 6
445 449 20 9
445 450 4 6
445 451 4 5
445 452 42 8
445 453 29 6
445 454 27 3
445 455 37 6
445 515 29 4
445 536 36 5
445 566 11 10
446 447 7 1
446 448 39 1
446 456 14 3
446 457 17 5
446 458 4 10
446 465 36 2
446 485 42 1
446 488 30 3
446 510 50 5
446 566 29 1
446 580 12 5
446 581 27 9
447 448 12 1
447 459 3 2
447 460 38 2
447 468 44 10
447 517 47 4
447 532 31 7
448 461 8 4
448 462 18 3
448 463 36 8
448 464 41 5
465 466 43 6
465 467 15 3
465 468 25 1
465 469 4 6
465 470 13 10
465 536 38 6
466 467 30 7
466 468 15 4
466 471 22 8
466 472 50 7
466 473 31 3
466 531 34 8
466 565 15 10
467 468 24 6
467 474 16 1
467 475 23 5
467 476 18 3
467 477 24 10
467 478 16 3
467 479 11 4
467 485 29 1
467 510 13 1
467 516 16 7
467 580 25 7
468 480 48 1
468 481 17 9
468 482 3 2
468 483 16 3
468 484 35 2
468 486 15 4
468 510 18 1
468 515 31 5
468 565 28 5
468 580 36 10
485 486 39 10
485 487 8 4
485 488 45 4
485 489 35 8
485 490 1 2
486 487 31 3
486 488 17 2
486 489 26 8
486 491 38 3
486 492 42 4
486 493 49 3
486 494 24 6
486 495 13 5
486 535 29 8
486 567 46 8
487 488 23 10
487 489 19 1
487 496 28 8
487 497 28 4
487 498 2 5
487 499 17 5
487 500 9 8
487 517 12 8
487 565 35 2
487 582 33 8
488 489 34 8
488 501 35 1
488 510 2 7
488 516 15 4
488 582 39 8
489 502 29 8
489 503 10 2
489 504 41 1
489 505 23 4
489 506 23 3
489 507 18 2
489 508 3 4
489 509 27 8
489 534 20 9
510 511 12 1
510 512 40 3
510 513 23 8
510 514 4 1
510 515 18 9
510 516 17 10
510 530 39 4
510 533 16 6
510 565 35 8
510 581 24 5
515 516 7 1
515 517 28 5
515 518 42 4
515 519 19 9
515 520 31 6
515 521 11 5
515 530 18 10
515 566 6 1
515 583 6 3
516 517 28 2
516 522 38 3
516 523 15 4
516 524 50 9
516 525 25 10
516 526 24 8
516 536 26 7
517 527 28 9
517 528 46 9
517 529 5 9
530 531 26 10
530 532 12 2
530 533 40 7
530 534 26 9
530 535 10 5
530 536 24 8
530 537 12 6
530 538 3 4
530 539 42 3
530 540 24 4
530 541 49 5
530 542 20 6
530 543 44 4
530 544 10 1
530 565 36 3
531 532 35 5
531 533 47 6
531 534 31 4
531 535 14 1
531 536 27 10
531 545 32 6
531 546 27 6
531 547 19 6
532 533 4 2
532 534 26 3
532 535 4 8
532 536 36 7
532 548 45 5
532 549 22 8
532 550 33 3
532 551 24 10
532 552 22 6
533 534 48 9
533 535 40 5
533 536 1 4
533 553 36 5
533 554 2 7
533 555 1 7
533 556 3 2
533 557 2 7
533 583 14 3
534 535 18 10
534 536 23 9
534 558 21 1
534 559 17 1
534 560 8 2
534 561 21 10
534 562 36 1
534 583 14 7
535 536 25 3
535 563 45 8
535 565 9 3
536 564 39 3
565 566 35 1
565 567 48 10
565 568 17 2
565 569 21 2
565 570 4 1
565 571 17 10
565 572 3 9
565 573 49 3
566 567 12 5
566 574 20 5
566 575 25 5
566 576 24 8
566 577 28 2
567 578 36 10
567 579 33 5
567 580 44 10
574 497 26 4
580 581 41 6
580 582 2 2
580 583 33 5
580 584 40 1
580 585 47 5
580 586 10 6
580 587 9 2
580 588 20 2
580 589 1 2
581 582 35 7
581 583 25 9
581 590 46 7
582 583 43 7
582 591 32 3
582 592 30 9
583 593 36 3
583 594 7 2
583 595 11 6
583 596 18 8
583 597 17 9
583 598 3 6
583 599 17 7

0 50 30
1 141 9
2 419 13
3 224 18
4 557 1
5 418 2
6 318 6
7 171 5
8 83 6
9 138 17
10 420 1
11 170 5
12 388 6
13 243 1
14 527 10
15 297 11
16 46 5
17 127 11
18 259 9
19 460 11
20 507 10
21 21 16
22 290 7
23 411 16
24 120 23
25 48 13
26 368 11
27 365 7
28 54 2
29 99 2
30 525 8
31 429 2
32 10 22
33 484 22
34 317 30
35 546 8
36 554 1
37 320 3
38 225 19
39 338 8
40 382 30
41 353 1
42 367 10
43 190 8
44 315 11
45 124 6
46 27 16
47 119 8
48 473 17
49 163 11
50 461 5
51 528 17
52 87 17
53 336 2
54 376 11
55 410 18
56 472 26
57 574 13
58 134 6
59 359 26
60 164 11
61 289 2
62 455 9
63 482 2
64 498 2
65 74 6
66 28 13
67 62 20
68 547 13
69 575 8
70 109 19
71 181 19
72 438 13
73 344 24
74 422 20
75 381 4
76 221 4
77 349 21
78 271 6
79 474 7
80 242 12
81 95 6
82 263 4
83 578 22
84 387 11
85 241 6
86 369 1
87 240 18
88 122 11
89 160 22
90 97 11
91 522 12
92 88 5
93 494 16
94 182 8
95 495 5
96 250 16
97 342 14
98 239 2
99 432 6
100 41 10
101 85 11
102 491 23
103 192 3
104 481 7
105 24 4
106 269 18
107 238 18
108 568 8
109 194 1
110 324 12
111 63 2
112 328 19
113 12 14
114 499 10
115 396 7
116 55 9
117 43 9
118 502 12
119 278 25
120 220 23
121 277 5
122 437 11
123 293 6
124 11 33
125 469 3
126 496 16
127 571 5
128 497 36
129 267 20
130 56 14
131 408 23
132 552 7
133 435 16
134 524 27
135 3 11
136 386 20
137 441 14
138 335 8
139 343 21
140 52 16
141 113 11
142 111 22
143 555 1
144 121 12
145 518 18
146 209 1
147 314 10
148 112 8
149 561 12
150 464 10
151 257 11
152 219 1
153 490 1
154 82 19
155 282 7
156 462 9
157 587 3
158 270 10
159 509 10
160 599 6
161 26 13
162 253 18
163 294 21
164 4 12
165 115 3
166 31 12
167 191 15
168 9 17
169 560 3
170 519 14
171 301 5
172 478 5
173 25 20
174 506 6
175 573 34
176 326 34
177 526 17
178 492 19
179 76 18
180 14 7
181 84 15
182 81 8
183 174 15
184 291 13
185 395 1
186 444 17
187 453 10
188 483 4
189 537 6
190 319 4
191 53 8
192 325 28
193 149 14
194 414 7
195 431 20
196 40 4
197 399 7
198 430 11
199 379 18
200 406 5
201 44 15
202 159 4
203 118 5
204 193 12
205 340 8
206 439 16
207 456 10
208 545 9
209 92 3
210 569 12
211 377 12
212 176 2
213 402 14
214 236 13
215 423 12
216 593 11
217 30 10
218 107 20
219 549 6
220 106 30
221 389 16
222 598 2
223 354 10
224 538 2
225 371 23
226 436 14
227 564 16
228 556 2
229 94 29
230 421 25
231 211 1
232 463 17
233 29 26
234 480 17
235 471 14
236 302 4
237 591 20
238 576 13
239 268 17
