600 1534 240

0 25 200
1 50 500
2 100 1200
3 150 2800
4 200 4500
5 250 7000

0 1500
1 1500
2 1500
3 1500
4 1500
5 2000
6 1000
7 1000
8 2000
9 2000
10 2000
11 2000
12 1000
13 2000
14 1000
15 2000
16 1000
17 1000
18 1000
19 2000
20 1000
21 1000
22 2000
23 2000
24 1000
25 1500
26 1000
27 1500
28 1500
29 1500
30 2000
31 2000
32 1000
33 2000
34 2000
35 1000
36 1000
37 2000
38 500
39 2000
40 1000
41 1000
42 2000
43 2000
44 1000
45 2000
46 1000
47 1000
48 2000
49 2000
50 1500
51 1500
52 2000
53 1000
54 1000
55 1000
56 1000
57 1000
58 2000
59 2000
60 1500
61 1000
62 1000
63 2000
64 1000
65 1500
66 1000
67 2000
68 2000
69 2000
70 1500
71 1500
72 1500
73 2000
74 2000
75 2000
76 2000
77 2000
78 1000
79 1000
80 2000
81 2000
82 2000
83 2000
84 1000
85 1500
86 2000
87 1000
88 1000
89 1000
90 1500
91 2000
92 1000
93 2000
94 2000
95 1000
96 1000
97 1500
98 1500
99 1500
100 500
101 500
102 500
103 500
104 2000
105 1000
106 1000
107 2000
108 1000
109 1000
110 2000
111 1000
112 1000
113 1000
114 1000
115 1000
116 1000
117 2000
118 1000
119 2000
120 1500
121 1500
122 2000
123 1000
124 1000
125 2000
126 2000
127 2000
128 2000
129 1000
130 1500
131 1500
132 1500
133 1500
134 1500
135 1500
136 1500
137 2000
138 2000
139 2000
140 2000
141 2000
142 2000
143 1000
144 2000
145 2000
146 1000
147 2000
148 1000
149 2000
150 1000
151 2000
152 1000
153 1000
154 2000
155 2000
156 1000
157 1000
158 2000
159 2000
160 1000
161 2000
162 1000
163 1000
164 1000
165 1500
166 1500
167 2000
168 1000
169 2000
170 1000
171 2000
172 2000
173 2000
174 2000
175 1500
176 1500
177 1500
178 1000
179 1000
180 1500
181 1000
182 2000
183 2000
184 1000
185 2000
186 1000
187 1000
188 2000
189 1000
190 2000
191 1000
192 2000
193 2000
194 1000
195 500
196 500
197 500
198 500
199 2000
200 1000
201 1000
202 2000
203 2000
204 1000
205 1500
206 1500
207 1500
208 2000
209 2000
210 1000
211 1000
212 2000
213 2000
214 2000
215 2000
216 1000
217 2000
218 1000
219 1000
220 1500
221 1500
222 1500
223 1500
224 1500
225 1500
226 1500
227 2000
228 1000
229 2000
230 2000
231 1000
232 1000
233 2000
234 2000
235 1000
236 2000
237 2000
238 1000
239 2000
240 1000
241 1000
242 2000
243 2000
244 2000
245 2000
246 1000
247 2000
248 1000
249 2000
250 1000
251 2000
252 1000
253 1000
254 2000
255 1500
256 1500
257 1500
258 1500
259 1000
260 2000
261 1000
262 2000
263 2000
264 1000
265 2000
266 2000
267 2000
268 2000
269 2000
270 1000
271 1000
272 1000
273 2000
274 1000
275 500
276 500
277 500
278 500
279 500
280 1500
281 1500
282 1500
283 1500
284 2000
285 2000
286 2000
287 1000
288 1000
289 2000
290 1000
291 1000
292 1000
293 1000
294 2000
295 2000
296 2000
297 1000
298 2000
299 2000
300 1000
301 1500
302 500
303 500
304 2000
305 1000
306 2000
307 2000
308 2000
309 2000
310 1500
311 1500
312 1000
313 1000
314 2000
315 2000
316 2000
317 2000
318 2000
319 1000
320 1500
321 1000
322 1500
323 1500
324 1500
325 1500
326 1000
327 2000
328 1000
329 2000
330 500
331 2000
332 1000
333 1000
334 1000
335 1000
336 2000
337 1000
338 1000
339 2000
340 1000
341 1000
342 1000
343 1000
344 2000
345 1000
346 2000
347 2000
348 2000
349 2000
350 1500
351 1500
352 1500
353 1500
354 1500
355 1500
356 1500
357 2000
358 1000
359 1000
360 2000
361 2000
362 2000
363 2000
364 1000
365 1000
366 2000
367 2000
368 1000
369 2000
370 2000
371 1000
372 1000
373 2000
374 1000
375 1000
376 1000
377 1000
378 1000
379 2000
380 1000
381 2000
382 2000
383 2000
384 1000
385 1500
386 2000
387 1000
388 2000
389 2000
390 1500
391 1500
392 1500
393 1500
394 1500
395 1000
396 1500
397 1500
398 1000
399 2000
400 1000
401 2000
402 2000
403 2000
404 2000
405 2000
406 1000
407 2000
408 2000
409 2000
410 2000
411 1000
412 2000
413 2000
414 1000
415 500
416 1000
417 1000
418 2000
419 1000
420 1000
421 1000
422 1000
423 2000
424 1000
425 1000
426 2000
427 2000
428 1000
429 1000
430 1500
431 1000
432 1500
433 1500
434 1500
435 2000
436 2000
437 1000
438 500
439 500
440 2000
441 1000
442 2000
443 1000
444 2000
445 2000
446 2000
447 2000
448 1000
449 2000
450 1000
451 2000
452 1000
453 1000
454 2000
455 1500
456 1500
457 1500
458 1500
459 1000
460 2000
461 2000
462 1000
463 1000
464 2000
465 2000
466 1000
467 1000
468 1000
469 1000
470 1000
471 2000
472 2000
473 1000
474 2000
475 1500
476 1500
477 1500
478 1000
479 2000
480 2000
481 1000
482 1000
483 1000
484 2000
485 2000
486 2000
487 2000
488 1000
489 2000
490 1000
491 2000
492 1000
493 500
494 1500
495 1500
496 1500
497 1500
498 2000
499 1000
500 1000
501 1000
502 2000
503 1000
504 1000
505 1000
506 1000
507 2000
508 1000
509 2000
510 1500
511 1500
512 1500
513 1500
514 1500
515 1500
516 1000
517 1000
518 1000
519 1000
520 1000
521 1000
522 1000
523 1000
524 2000
525 1000
526 1000
527 1000
528 2000
529 1000
530 1000
531 2000
532 1000
533 2000
534 2000
535 1000
536 1000
537 1000
538 1000
539 2000
540 1000
541 1000
542 2000
543 2000
544 500
545 1500
546 1000
547 1500
548 1500
549 1500
550 1500
551 1000
552 2000
553 500
554 1000
555 2000
556 1000
557 1000
558 1000
559 1000
560 1000
561 2000
562 1000
563 1000
564 1000
565 2000
566 1000
567 2000
568 2000
569 2000
570 1000
571 2000
572 2000
573 2000
574 1000
575 1500
576 1500
577 1500
578 1500
579 1500
580 2000
581 1000
582 2000
583 2000
584 1000
585 2000
586 1000
587 2000
588 2000
589 2000
590 2000
591 2000
592 1000
593 2000
594 2000
595 2000
596 1000
597 2000
598 2000
599 2000

0 1 9 2
0 2 8 10
0 3 40 3
0 4 2 6
0 5 24 6
0 6 4 10
0 27 50 5
0 131 17 7
0 133 21 1
0 207 9 8
0 255 14 7
0 257 35 3
0 547 36 3
0 575 39 6
1 2 14 5
1 3 2 10
1 4 50 9
1 7 43 6
1 8 47 10
1 9 3 4
1 10 26 8
1 11 26 7
1 65 11 8
1 165 33 7
1 175 11 6
1 225 29 6
1 281 10 4
1 301 29 2
1 310 42 8
1 322 11 2
1 352 34 7
1 475 35 2
1 478 8 1
1 495 5 7
1 496 31 10
1 550 11 9
1 575 37 4
2 3 45 8
2 4 30 10
2 12 33 7
2 13 42 2
2 14 35 8
2 70 38 10
2 95 27 10
2 207 3 10
2 322 17 8
2 385 5 6
2 455 32 4
2 456 1 6
2 514 33 5
3 4 44 8
3 15 36 2
3 16 38 10
3 17 45 2
3 18 7 7
3 19 43 1
3 26 33 10
3 51 9 6
3 60 3 7
3 72 30 4
3 85 47 1
3 121 6 5
3 220 20 9
3 310 14 10
3 385 5 8
3 431 1 3
3 432 41 1
3 514 29 3
4 20 6 9
4 21 18 9
4 22 45 7
4 23 45 7
4 24 25 7
4 51 47 9
4 60 16 9
4 85 14 5
4 90 39 9
4 95 36 6
4 120 38 5
4 166 1 8
4 180 37 5
4 301 5 5
4 355 7 6
4 394 42 1
4 395 47 1
25 26 9 9
25 27 18 6
25 28 34 4
25 29 45 5
25 30 32 1
25 31 23 6
25 32 17 5
25 33 24 4
25 34 50 2
25 35 23 5
25 36 43 3
25 37 5 6
25 60 9 6
25 65 46 10
25 221 20 2
25 323 8 2
25 385 40 3
25 477 40 8
25 495 34 8
26 27 38 6
26 28 19 4
26 29 25 8
26 38 7 9
26 50 34 5
26 65 46 4
26 90 43 2
26 97 7 6
26 256 7 1
26 282 31 1
26 431 5 8
26 458 19 3
26 475 26 7
27 28 23 3
27 29 10 3
27 39 28 4
27 40 11 9
27 41 37 7
27 42 35 10
27 72 29 7
27 90 42 7
27 121 42 8
27 130 29 2
27 166 13 1
27 178 38 3
27 207 49 6
27 300 42 1
27 301 44 4
27 356 45 3
27 394 9 6
27 512 22 6
28 29 25 3
28 43 9 9
28 44 15 9
28 45 26 9
28 46 25 9
28 47 49 2
28 71 20 4
28 133 18 3
28 165 38 1
28 180 39 2
28 206 36 10
28 255 45 6
28 283 38 10
28 311 19 2
28 392 26 9
28 457 7 3
28 548 33 3
28 549 47 3
28 577 5 3
29 48 49 8
29 49 44 8
29 51 7 8
29 85 14 5
29 96 10 6
29 221 19 2
29 324 14 10
29 355 24 4
29 385 20 2
29 430 20 9
29 495 27 10
29 516 1 3
29 576 14 6
50 51 5 4
50 52 50 6
50 53 33 3
50 60 21 4
50 65 13 10
50 71 27 6
50 85 24 8
50 96 36 5
50 99 13 9
50 134 20 2
50 175 50 10
50 206 50 8
50 225 11 9
50 258 11 5
50 259 32 10
50 282 44 4
50 301 36 8
50 310 3 3
50 325 23 9
50 353 12 4
50 354 41 8
50 385 22 6
50 432 8 4
50 456 8 1
50 457 36 2
50 511 6 10
50 549 20 8
50 579 12 7
51 54 26 6
51 55 20 9
51 56 8 7
51 57 43 4
51 58 41 4
51 59 29 9
51 60 15 6
51 71 31 1
51 90 45 6
51 121 46 9
51 132 44 3
51 165 2 7
51 166 10 9
51 177 10 8
51 224 42 5
51 281 13 7
51 301 10 3
51 310 37 8
51 323 45 4
51 385 31 9
51 397 31 7
51 475 13 3
51 478 40 3
51 497 6 7
51 516 31 3
51 550 38 5
51 575 38 9
60 61 19 6
60 62 44 1
60 63 23 9
60 64 9 6
60 65 21 2
60 70 3 6
60 85 27 8
60 90 22 3
60 95 27 5
60 98 6 2
60 121 25 1
60 134 8 1
60 135 23 5
60 166 38 1
60 176 1 3
60 205 35 6
60 222 48 1
60 223 45 7
60 256 49 2
60 257 7 5
60 281 43 5
60 282 32 7
60 300 2 9
60 301 2 7
60 311 45 7
60 320 46 5
60 324 26 9
60 350 49 8
60 356 30 2
60 385 15 10
60 392 33 7
60 396 43 6
60 434 11 5
60 455 30 3
60 456 11 6
60 476 50 4
60 477 19 3
60 495 10 8
60 496 10 8
60 514 10 6
60 516 48 4
60 546 31 10
60 549 24 8
60 577 22 1
60 579 15 1
65 66 47 4
65 67 8 9
65 68 31 2
65 69 36 3
65 71 15 9
65 85 29 1
65 90 28 4
65 99 17 10
65 120 28 10
65 130 8 4
65 131 32 5
65 166 43 1
65 176 32 2
65 177 19 6
65 206 39 9
65 207 13 5
65 223 14 4
65 226 41 7
65 257 16 2
65 259 46 1
65 280 23 5
65 282 36 3
65 300 48 10
65 301 1 8
65 310 47 7
65 311 38 2
65 324 33 1
65 325 49 1
65 351 14 5
65 355 6 5
65 385 25 1
65 395 26 5
65 396 28 8
65 432 23 6
65 434 49 10
65 456 48 8
65 457 20 9
65 475 30 6
65 478 34 9
65 495 47 10
65 496 41 4
65 514 17 5
65 515 32 3
65 545 39 10
65 547 23 1
65 576 12 8
65 577 1 9
70 71 5 2
70 72 34 6
70 73 29 2
70 74 29 1
70 85 17 9
70 132 23 7
70 166 18 9
70 175 20 7
70 179 1 4
70 207 17 9
70 258 12 1
70 259 14 6
70 280 22 9
70 300 17 7
70 311 30 5
70 323 29 7
70 432 33 10
70 458 5 6
70 549 41 1
70 550 34 1
70 576 24 10
71 72 49 4
71 75 7 1
71 76 45 7
71 77 44 1
71 78 34 1
71 79 3 5
71 80 35 7
71 90 50 8
71 99 26 6
71 121 12 5
71 165 5 6
71 207 48 5
71 223 14 7
71 281 14 10
71 301 21 10
71 385 5 4
71 397 49 1
71 456 21 2
71 477 41 6
71 497 31 7
71 514 28 4
71 578 15 9
72 81 41 4
72 82 6 9
72 83 27 1
72 84 49 4
72 85 31 1
72 96 7 7
72 121 26 10
72 136 38 7
72 220 14 3
72 320 27 8
72 350 3 9
72 356 18 1
72 385 10 9
72 395 24 7
72 430 22 5
72 476 25 5
72 497 23 6
72 514 13 9
85 86 45 1
85 87 46 5
85 88 42 3
85 89 9 9
85 90 20 7
85 97 40 4
85 98 1 1
85 121 34 2
85 130 39 6
85 133 26 10
85 165 1 2
85 166 45 3
85 175 17 6
85 180 3 1
85 205 7 4
85 206 44 7
85 220 17 6
85 224 33 10
85 255 31 6
85 256 40 5
85 280 35 8
85 282 17 1
85 300 37 6
85 301 9 4
85 311 2 8
85 324 6 10
85 325 35 4
85 351 22 2
85 356 24 9
85 385 45 5
85 391 13 2
85 392 45 5
85 431 27 6
85 432 49 10
85 455 13 9
85 457 49 2
85 478 36 8
85 495 1 2
85 497 5 6
85 512 3 1
85 514 5 1
85 545 21 10
85 546 24 9
85 577 23 6
85 579 2 5
90 91 46 6
90 92 47 7
90 93 22 6
90 94 41 1
90 95 44 3
90 97 17 1
90 120 19 5
90 131 50 2
90 132 40 9
90 165 2 9
90 166 18 10
90 176 26 6
90 205 25 2
90 220 25 4
90 223 9 9
90 255 16 7
90 257 12 7
90 282 4 6
90 283 29 8
90 300 23 1
90 310 11 8
90 311 32 1
90 321 21 1
90 350 43 6
90 356 14 10
90 385 32 5
90 395 22 5
90 397 12 1
90 430 29 7
90 432 18 4
90 456 32 5
90 458 3 5
90 475 18 4
90 478 39 1
90 495 43 10
90 496 41 6
90 510 25 7
90 511 48 5
90 545 24 2
90 547 16 2
90 577 31 5
90 579 45 3
95 96 44 10
95 97 19 3
95 98 16 8
95 99 39 2
95 100 13 5
95 101 23 5
95 221 48 8
95 396 48 2
95 432 33 9
95 511 13 6
95 512 40 4
96 97 31 2
96 98 5 6
96 99 16 10
96 102 48 2
96 103 22 7
96 120 47 10
96 121 27 8
96 136 31 1
96 166 3 6
96 206 49 2
96 256 44 6
96 310 47 6
96 475 30 2
96 547 18 1
97 98 23 8
97 99 7 9
97 104 38 5
97 105 37 6
97 106 28 5
97 107 22 6
97 108 9 8
97 109 17 6
97 110 1 5
97 165 16 8
97 178 36 6
97 257 48 8
97 281 31 3
97 300 39 5
97 321 38 3
97 322 18 8
97 385 10 6
97 455 23 5
97 497 12 5
97 578 19 3
98 99 27 6
98 111 27 1
98 112 48 1
98 113 40 9
98 114 20 3
98 115 11 7
98 116 31 2
98 117 46 6
98 207 2 5
98 224 16 8
98 351 16 9
98 356 36 3
98 385 41 7
98 431 3 4
98 477 38 4
98 549 48 2
99 118 36 1
99 119 5 4
99 130 50 4
99 180 5 5
99 301 35 7
99 310 35 3
99 395 35 7
99 458 12 1
99 576 27 5
120 121 47 1
120 122 4 10
120 123 31 8
120 124 16 6
120 125 17 9
120 126 24 5
120 134 31 7
120 166 13 7
120 175 14 8
120 178 11 7
120 207 44 4
120 223 34 3
120 258 40 9
120 280 12 8
120 311 47 4
120 321 31 5
120 353 6 9
120 391 8 4
120 396 41 9
120 432 42 3
120 458 7 10
120 475 2 5
120 496 10 7
120 514 25 5
120 545 25 10
120 546 48 10
121 127 40 2
121 128 42 6
121 129 9 7
121 132 27 7
121 166 6 5
121 205 35 5
121 220 1 3
121 257 39 2
121 280 40 8
121 300 42 5
121 301 34 1
121 321 13 8
121 385 28 2
121 433 3 5
121 457 45 7
121 497 11 1
121 515 33 5
121 575 24 7
121 576 5 6
130 131 3 3
130 132 32 1
130 133 44 4
130 134 29 9
130 135 23 7
130 136 12 10
130 137 48 5
130 138 4 4
130 222 2 3
130 458 19 1
130 468 46 1
130 511 7 2
130 575 12 2
131 132 20 9
131 133 42 10
131 134 31 9
131 135 29 1
131 136 38 6
131 139 33 4
131 140 6 1
131 141 10 8
131 166 29 1
131 259 22 4
131 311 24 4
131 354 2 6
131 355 12 6
131 495 35 2
132 133 41 3
132 134 6 10
132 135 3 3
132 136 8 1
132 142 22 4
132 143 6 3
132 144 38 5
132 145 15 9
132 146 3 9
132 205 41 7
132 255 29 7
132 280 3 10
132 394 26 10
132 433 38 7
132 458 35 8
132 475 21 4
133 134 35 9
133 135 15 7
133 136 34 2
133 147 20 3
133 148 24 3
133 149 30 7
133 150 41 4
133 151 14 9
133 152 36 5
133 176 6 5
133 300 11 1
133 301 42 3
133 311 2 5
133 393 20 2
133 515 10 6
134 135 24 8
134 136 24 3
134 153 21 10
134 154 24 6
134 177 28 1
134 478 8 4
134 546 36 3
135 136 20 9
135 155 21 7
135 156 47 8
135 157 31 5
135 323 41 4
135 495 33 9
136 158 31 1
136 159 50 8
136 160 45 1
136 161 20 10
136 162 1 6
136 163 2 7
136 164 50 5
136 165 39 8
136 205 20 4
136 224 38 5
136 281 36 4
136 322 24 6
136 385 32 7
136 433 39 2
136 514 14 3
136 546 42 1
136 575 49 3
165 166 12 3
165 167 17 1
165 168 11 8
165 169 35 3
165 175 12 9
165 206 23 2
165 222 12 5
165 256 32 5
165 280 28 3
165 282 34 9
165 311 9 3
165 385 47 4
165 457 33 8
165 495 21 5
165 516 29 2
166 170 30 3
166 171 11 4
166 172 46 8
166 173 10 10
166 174 45 8
166 180 45 6
166 205 21 7
166 220 29 2
166 256 43 9
166 301 32 5
166 320 5 8
166 324 20 8
166 350 1 3
166 356 28 2
166 391 21 3
166 394 5 1
166 430 48 7
166 431 33 8
166 456 34 9
166 476 2 2
166 478 47 5
166 495 47 7
166 516 48 9
166 545 37 6
166 576 32 4
175 176 32 9
175 177 44 2
175 178 22 10
175 179 9 5
175 180 24 8
175 181 11 4
175 182 33 3
175 183 24 9
175 184 43 2
175 185 48 1
175 186 7 6
175 187 17 6
175 283 42 1
175 310 6 4
175 458 21 8
175 512 35 6
175 550 36 3
176 177 17 7
176 178 7 1
176 179 30 4
176 180 12 8
176 188 36 8
176 189 20 2
176 190 28 2
176 191 47 1
176 205 28 8
176 350 20 3
176 390 9 3
176 430 33 10
176 497 7 8
177 178 43 4
177 179 14 3
177 180 12 5
177 192 13 2
177 193 6 5
177 194 5 1
177 226 50 8
177 255 27 3
177 300 26 5
177 393 29 10
177 431 47 10
177 547 15 8
178 179 22 5
178 180 35 7
178 195 32 2
178 206 19 4
178 221 13 4
178 300 37 6
178 310 5 8
178 325 8 5
178 576 12 10
179 180 13 6
179 196 30 8
179 197 15 10
179 198 19 7
179 280 36 1
179 322 17 9
179 385 13 3
179 458 30 4
179 476 33 2
179 516 20 2
180 199 3 6
180 200 42 5
180 201 31 9
180 202 31 5
180 203 23 4
180 204 28 8
180 255 37 7
180 350 33 6
180 385 3 2
180 478 24 9
180 497 1 1
180 579 42 5
205 206 42 6
205 207 19 9
205 208 24 3
205 209 15 6
205 210 32 6
205 211 42 6
205 212 24 6
205 255 36 6
205 259 7 9
205 281 27 10
205 325 25 7
205 350 39 9
205 458 33 1
205 496 46 4
205 575 1 4
206 207 7 6
206 213 44 3
206 214 20 2
206 215 21 1
206 221 38 2
206 225 49 9
206 283 7 7
206 300 46 1
206 310 19 10
206 311 36 9
206 320 7 5
206 385 38 2
206 391 28 10
206 397 16 3
206 432 17 9
206 475 16 9
206 478 30 2
206 513 33 6
206 550 4 7
207 216 34 10
207 217 36 2
207 218 12 10
207 219 17 4
207 300 46 10
207 350 28 6
207 385 6 5
207 432 22 9
207 458 46 4
207 497 17 3
207 510 32 6
207 547 29 3
207 578 48 3
220 221 15 8
220 222 28 10
220 223 5 6
220 224 1 10
220 225 6 5
220 226 48 6
220 227 28 10
220 228 10 10
220 229 8 6
220 230 5 1
220 257 42 4
220 385 6 4
220 432 42 8
220 456 6 4
221 222 8 9
221 223 11 4
221 224 24 4
221 225 12 9
221 226 5 10
221 231 41 2
221 232 1 8
221 233 22 4
221 234 10 9
221 235 28 7
221 325 42 4
221 351 42 1
221 390 5 2
221 392 15 8
221 497 2 2
221 549 16 3
222 223 42 7
222 224 2 2
222 225 36 6
222 226 31 2
222 236 46 9
222 237 37 6
222 238 6 10
222 310 35 1
222 432 10 5
222 514 30 8
223 224 16 6
223 225 14 5
223 226 9 10
223 239 10 2
223 240 30 9
223 241 23 3
223 256 22 8
223 300 28 4
223 311 34 6
223 475 15 7
223 576 33 5
224 225 32 10
224 226 34 5
224 242 20 2
224 243 35 3
224 244 47 8
224 245 44 6
224 246 6 7
224 280 42 4
224 283 10 2
225 226 18 5
225 247 39 9
225 248 30 2
225 249 25 7
225 300 42 10
225 322 25 1
225 496 50 7
225 515 4 5
226 250 30 10
226 251 23 7
226 252 41 6
226 253 41 10
226 254 12 9
226 350 32 5
226 385 24 8
226 457 49 4
226 476 37 5
226 550 38 7
226 579 21 1
255 256 40 10
255 257 36 3
255 258 7 5
255 259 26 4
255 260 21 8
255 261 49 10
255 262 41 2
255 263 15 7
255 264 17 7
255 265 45 4
255 392 14 2
255 393 43 2
255 431 12 7
255 496 17 10
255 513 11 9
256 257 40 4
256 258 24 9
256 259 28 10
256 266 24 4
256 267 31 3
256 310 5 7
256 385 29 10
256 432 14 3
256 514 22 4
256 547 20 4
256 575 14 9
257 258 26 9
257 259 30 8
257 268 10 10
257 269 44 7
257 270 26 10
257 271 50 5
257 300 39 5
257 325 49 4
258 259 5 7
258 272 48 6
258 273 48 8
258 274 42 9
258 300 32 10
258 310 48 5
258 354 41 6
258 495 48 2
258 550 13 2
258 576 46 9
259 275 48 9
259 276 27 6
259 277 14 4
259 278 45 10
259 279 50 9
259 281 34 5
259 283 16 8
259 323 25 1
259 351 32 7
259 456 38 7
259 458 40 8
259 475 40 9
259 477 49 7
280 281 23 9
280 282 8 9
280 283 35 7
280 284 6 10
280 285 33 3
280 286 9 8
280 300 48 6
280 301 31 3
280 393 1 1
280 458 10 5
280 476 5 5
280 546 31 5
281 282 16 8
281 283 50 5
281 287 20 9
281 288 22 4
281 289 2 2
281 290 7 7
281 324 42 5
281 355 6 3
281 431 10 1
281 478 35 1
281 546 10 10
281 577 41 7
282 283 27 2
282 291 6 1
282 292 4 10
282 293 13 7
282 294 32 2
282 295 40 5
282 310 49 5
282 385 27 10
282 391 6 1
282 496 20 7
282 512 32 10
282 575 28 7
283 296 9 1
283 297 33 7
283 298 29 7
283 299 27 10
283 322 9 1
283 385 2 8
283 431 10 7
283 457 3 9
283 496 22 7
283 510 48 6
300 301 19 10
300 302 47 3
300 303 40 1
300 311 3 3
300 355 2 9
300 430 21 10
300 456 18 8
300 495 34 3
300 576 35 4
301 304 20 10
301 305 24 4
301 306 2 1
301 307 44 4
301 308 37 8
301 309 19 6
301 311 21 4
301 323 4 7
301 355 37 9
301 385 37 3
301 390 48 2
301 396 31 8
301 430 38 4
301 457 49 8
301 477 37 3
301 478 12 1
301 497 3 9
301 510 46 7
301 512 10 2
301 547 47 8
301 550 30 10
301 577 38 7
310 311 30 8
310 312 7 8
310 313 44 1
310 314 11 1
310 315 26 9
310 316 25 4
310 317 28 3
310 324 14 6
310 385 29 10
310 431 46 7
310 458 40 10
310 475 33 6
310 495 16 4
310 497 17 6
310 515 41 2
310 546 15 10
310 549 12 8
310 577 29 8
311 318 3 7
311 319 41 4
311 325 3 6
311 350 17 7
311 385 33 2
311 392 32 1
311 393 14 8
311 434 2 6
311 457 42 4
311 476 14 5
311 511 32 1
311 577 32 3
320 321 30 9
320 322 29 1
320 323 22 5
320 324 20 4
320 325 19 8
320 326 25 5
320 327 19 10
320 328 8 3
320 329 4 8
320 352 2 5
320 550 46 1
320 578 2 3
321 322 25 9
321 323 4 5
321 324 4 6
321 325 36 4
321 330 10 7
321 432 42 6
321 434 25 3
321 456 23 7
321 512 18 9
322 323 3 10
322 324 32 7
322 325 29 5
322 331 10 6
322 332 1 7
322 333 27 10
322 334 37 9
322 385 48 9
322 393 33 6
323 324 40 2
323 325 19 1
323 335 35 7
323 336 13 10
323 337 26 10
323 338 31 5
323 339 34 2
323 340 11 2
323 341 28 7
323 394 5 5
323 495 29 3
324 325 22 7
324 342 7 5
324 343 27 6
324 344 19 6
324 351 40 1
324 385 17 5
324 475 28 10
324 550 37 1
324 578 22 3
325 345 26 7
325 346 9 3
325 347 18 2
325 348 39 6
325 349 6 4
325 457 44 8
325 478 26 4
325 495 37 7
325 515 16 7
350 351 4 1
350 352 30 7
350 353 7 1
350 354 46 9
350 355 9 5
350 356 11 7
350 357 9 2
350 358 40 8
350 359 3 7
350 391 27 9
350 478 41 4
350 550 39 1
350 577 8 7
351 352 20 1
351 353 4 4
351 354 4 7
351 355 24 3
351 356 50 6
351 360 45 10
351 361 7 8
351 362 4 6
351 363 35 2
351 364 33 10
351 365 20 8
351 366 48 5
351 457 27 4
351 496 33 8
351 511 28 6
351 513 6 4
351 576 30 3
352 353 40 8
352 354 44 10
352 355 11 9
352 356 10 9
352 367 25 8
352 385 17 10
352 391 22 2
353 354 9 10
353 355 4 8
353 356 12 2
353 368 1 10
353 369 33 3
353 370 18 7
353 385 22 7
354 355 23 8
354 356 41 9
354 371 31 7
354 372 23 7
354 373 38 9
354 374 47 2
354 478 30 7
355 356 39 2
355 375 29 5
355 376 15 5
355 377 24 6
355 378 35 4
355 379 17 1
355 380 26 10
355 430 49 4
355 432 4 9
356 381 39 9
356 382 2 5
356 383 5 6
356 384 32 6
356 457 11 9
356 545 37 2
385 386 13 1
385 387 43 2
385 388 6 2
385 389 45 10
385 392 43 3
385 397 42 1
385 432 49 2
385 433 50 9
385 455 49 5
385 457 32 5
385 476 47 4
385 477 7 10
385 495 41 9
385 497 23 2
385 514 7 7
385 516 8 4
385 548 30 10
385 549 50 4
385 577 43 5
390 391 23 5
390 392 47 9
390 393 19 4
390 394 14 3
390 395 8 10
390 396 7 6
390 397 26 1
390 398 23 6
390 399 29 4
390 434 19 4
390 550 3 5
391 392 2 3
391 393 20 2
391 394 9 4
391 395 14 5
391 396 22 4
391 397 12 3
391 400 26 7
391 401 17 10
391 402 23 6
391 403 17 4
391 546 21 10
392 393 43 5
392 394 17 6
392 395 13 1
392 396 44 10
392 397 37 2
392 404 18 6
392 405 23 9
392 496 50 8
392 513 42 1
393 394 49 9
393 395 18 1
393 396 11 3
393 397 45 3
393 406 25 6
393 407 26 3
393 408 1 10
393 409 26 2
393 477 26 7
393 497 16 4
393 513 22 6
394 395 41 2
394 396 1 1
394 397 50 8
394 410 27 4
394 411 22 5
394 412 5 5
394 413 26 4
394 414 9 4
394 458 28 7
394 578 34 4
395 396 7 6
395 397 16 9
395 415 6 10
395 455 5 8
396 397 37 2
396 416 16 9
396 417 12 10
396 418 11 3
396 419 11 9
396 420 16 3
396 421 8 7
396 578 30 4
397 422 6 7
397 423 45 9
397 424 38 8
397 425 46 1
397 426 38 4
397 427 33 7
397 428 13 10
397 429 5 9
397 477 2 5
430 431 17 5
430 432 44 4
430 433 26 10
430 434 32 2
430 435 41 9
430 436 41 5
430 437 29 7
430 575 27 7
431 432 36 2
431 433 6 6
431 434 33 5
431 438 31 6
431 439 40 4
431 458 30 2
431 545 50 2
431 578 14 3
432 433 10 10
432 434 40 1
432 440 39 9
432 441 48 7
432 442 8 1
432 443 23 10
432 476 25 1
432 496 4 10
432 515 43 9
433 434 17 9
433 444 25 7
433 445 41 3
433 446 24 3
433 447 6 5
433 448 18 5
433 449 42 8
433 458 30 2
433 478 44 9
433 496 31 7
433 513 40 9
434 450 26 7
434 451 46 2
434 452 33 2
434 453 21 5
434 454 29 7
434 550 33 6
455 456 20 5
455 457 33 7
455 458 20 5
455 459 33 6
455 460 26 2
455 461 43 4
455 510 28 1
455 516 41 2
455 578 20 5
456 457 26 6
456 458 10 1
456 462 15 6
456 463 40 3
456 464 50 3
456 577 5 1
457 458 15 4
457 465 30 2
457 466 8 2
457 467 16 6
457 468 2 2
457 469 22 7
457 477 22 8
458 470 7 9
458 471 46 8
458 472 38 4
458 473 8 7
458 474 22 2
458 478 26 8
458 495 41 6
458 496 14 5
458 545 50 3
458 548 24 9
475 476 35 5
475 477 11 2
475 478 7 1
475 479 11 5
475 480 12 2
475 481 45 10
475 482 41 4
475 483 8 5
476 477 47 1
476 478 45 3
476 484 15 9
476 485 16 1
476 486 41 2
476 487 24 4
476 546 23 10
477 478 1 4
477 488 33 2
477 489 18 10
477 490 30 6
477 491 37 4
477 492 44 7
477 515 35 1
477 545 1 8
477 576 21 5
477 578 40 2
478 493 29 7
478 494 10 5
478 497 16 5
478 514 19 4
495 496 5 1
495 497 24 2
495 498 19 2
495 499 16 10
495 500 24 8
495 501 13 7
495 502 3 6
495 513 23 9
495 578 16 9
496 497 43 8
496 503 49 7
496 504 8 1
496 505 40 10
496 506 26 8
496 507 17 9
496 508 30 9
496 545 12 3
496 578 21 7
497 509 12 3
497 516 3 4
497 550 46 2
510 511 39 2
510 512 46 1
510 513 43 4
510 514 21 4
510 515 21 8
510 516 10 6
510 517 48 4
510 518 30 5
510 519 33 9
510 520 33 9
510 521 42 5
510 522 24 3
510 523 45 9
510 524 2 4
510 525 20 5
510 526 40 9
510 579 6 9
511 512 42 6
511 513 45 2
511 514 22 8
511 515 33 8
511 516 22 1
511 527 2 10
511 528 46 10
511 529 27 1
512 513 29 3
512 514 20 1
512 515 38 5
512 516 9 7
512 530 24 2
512 531 30 1
512 532 16 1
513 514 21 10
513 515 46 3
513 516 1 4
513 533 8 4
513 534 25 10
513 535 17 6
513 536 46 5
513 537 4 5
513 538 29 3
513 576 30 3
514 515 13 10
514 516 50 9
514 539 26 9
514 540 28 10
514 541 25 7
514 548 37 2
515 516 36 6
515 542 4 3
515 543 35 8
515 546 34 3
516 544 37 8
545 546 30 7
545 547 34 10
545 548 49 10
545 549 35 5
545 550 16 3
545 551 23 1
545 552 37 10
545 576 43 3
546 547 23 2
546 548 15 7
546 549 41 6
546 550 15 6
546 553 32 4
547 548 12 3
547 549 36 9
547 550 11 1
547 554 38 8
547 555 15 2
547 556 25 2
547 557 40 5
547 558 23 5
547 559 49 8
548 549 50 8
548 550 38 1
548 560 19 10
548 561 45 5
548 562 36 10
548 563 39 7
548 564 47 3
549 550 44 9
549 565 17 9
549 566 34 3
549 567 12 4
549 568 41 7
549 569 21 3
549 570 16 4
549 577 50 10
550 571 24 6
550 572 6 7
550 573 13 3
550 574 30 4
573 494 48 1
575 576 35 4
575 577 5 4
575 578 33 8
575 579 19 9
575 580 50 1
576 577 33 9
576 578 46 6
576 579 5 8
576 581 38 4
576 582 15 10
576 583 41 8
576 584 19 6
576 585 10 4
576 586 42 3
576 587 49 5
577 578 35 8
577 579 31 2
577 588 5 8
577 589 6 8
577 590 8 7
577 591 35 5
578 579 11 2
578 592 32 9
578 593 47 10
578 594 5 3
578 595 32 7
579 596 19 4
579 597 47 1
579 598 9 5
579 599 31 3

0 37 3
1 348 13
2 383 2
3 381 18
4 263 10
5 230 2
6 594 3
7 139 11
8 585 4
9 142 8
10 447 2
11 539 14
12 104 12
13 67 5
14 460 7
15 298 18
16 144 21
17 316 11
18 8 16
19 273 33
20 245 15
21 307 26
22 212 7
23 362 3
24 349 4
25 573 40
26 94 27
27 239 5
28 531 10
29 185 22
30 346 3
31 140 2
32 110 1
33 454 12
34 15 17
35 68 12
36 128 11
37 91 11
38 161 10
39 227 10
40 260 11
41 588 2
42 367 8
43 474 9
44 555 7
45 155 6
46 597 15
47 43 6
48 595 8
49 498 6
50 382 2
51 405 9
52 444 15
53 446 8
54 33 10
55 141 6
56 11 18
57 569 12
58 125 7
59 13 26
60 472 13
61 299 14
62 295 18
63 159 21
64 137 33
65 591 18
66 158 19
67 289 1
68 237 15
69 59 21
70 265 26
71 486 22
72 82 4
73 571 9
74 407 14
75 154 17
76 491 18
77 58 21
78 485 8
79 408 1
80 370 11
81 389 12
82 487 9
83 366 27
84 242 9
85 19 28
86 542 3
87 188 20
88 528 13
89 435 18
90 404 7
91 217 21
92 294 8
93 5 9
94 229 4
95 373 9
96 192 4
97 93 9
98 52 30
99 449 29
100 151 4
101 369 13
102 347 5
103 509 5
104 567 4
105 23 11
106 254 6
107 401 12
108 507 6
109 214 13
110 107 11
111 183 6
112 552 13
113 249 13
114 379 5
115 479 5
116 357 5
117 202 15
118 315 12
119 173 4
120 209 8
121 534 18
122 423 22
123 296 4
124 244 33
125 77 21
126 174 20
127 304 13
128 193 3
129 568 14
130 440 15
131 167 5
132 318 2
133 80 11
134 30 21
135 243 10
136 262 27
137 465 21
138 309 9
139 445 12
140 451 25
141 63 14
142 403 12
143 69 12
144 561 19
145 45 18
146 399 9
147 127 21
148 484 6
149 117 18
150 336 6
151 172 29
152 171 5
153 285 21
154 83 19
155 464 17
156 22 14
157 317 11
158 251 7
159 203 8
160 122 3
161 589 4
162 426 18
163 410 17
164 418 4
165 34 28
166 543 23
167 344 14
168 388 3
169 583 21
170 402 11
171 308 16
172 361 2
173 86 12
174 10 16
175 31 6
176 9 2
177 572 2
178 314 4
179 461 14
180 565 7
181 145 10
182 413 13
183 266 9
184 119 2
185 39 11
186 331 6
187 524 1
188 480 5
189 599 8
190 306 1
191 409 17
192 327 12
193 48 20
194 208 10
195 598 7
196 533 5
197 74 20
198 49 14
199 81 23
200 412 2
201 267 13
202 75 3
203 247 22
204 593 20
205 587 14
206 582 8
207 363 22
208 213 18
209 286 5
210 190 16
211 236 30
212 427 8
213 360 27
214 138 1
215 126 11
216 436 20
217 471 18
218 269 18
219 234 3
220 182 19
221 147 5
222 268 5
223 489 7
224 284 4
225 76 13
226 590 5
227 73 14
228 42 22
229 329 3
230 502 3
231 580 11
232 199 2
233 169 24
234 442 5
235 215 9
236 233 8
237 149 13
238 386 4
239 339 14
