600 1549 240

0 25 200
1 50 500
2 100 1200
3 150 2800
4 200 4500
5 250 7000

0 1500
1 1500
2 1000
3 2000
4 1000
5 2000
6 1000
7 2000
8 2000
9 1000
10 1500
11 1500
12 1500
13 1500
14 1500
15 1500
16 1000
17 2000
18 1000
19 2000
20 2000
21 1000
22 2000
23 1000
24 1000
25 1000
26 2000
27 1000
28 2000
29 2000
30 1000
31 2000
32 1000
33 2000
34 2000
35 1000
36 1000
37 2000
38 2000
39 2000
40 1000
41 1000
42 2000
43 500
44 500
45 1500
46 1500
47 1500
48 1500
49 1500
50 1500
51 1500
52 2000
53 1000
54 1000
55 2000
56 1000
57 2000
58 1000
59 1000
60 2000
61 2000
62 2000
63 2000
64 2000
65 1000
66 1000
67 2000
68 1000
69 1000
70 2000
71 1000
72 1000
73 2000
74 2000
75 1000
76 2000
77 1000
78 1000
79 1000
80 1500
81 1500
82 1500
83 1500
84 1000
85 1500
86 1500
87 1000
88 2000
89 2000
90 1000
91 2000
92 2000
93 1000
94 1000
95 2000
96 1000
97 2000
98 2000
99 2000
100 2000
101 2000
102 2000
103 500
104 500
105 500
106 2000
107 1000
108 2000
109 1000
110 1000
111 2000
112 1000
113 1000
114 2000
115 1500
116 1500
117 1000
118 1000
119 2000
120 2000
121 2000
122 2000
123 2000
124 2000
125 1500
126 1500
127 1500
128 1500
129 1500
130 1500
131 1500
132 2000
133 2000
134 1000
135 1000
136 1000
137 1000
138 1000
139 2000
140 1000
141 1000
142 2000
143 2000
144 2000
145 1000
146 1000
147 2000
148 1000
149 1000
150 2000
151 2000
152 2000
153 1000
154 1000
155 2000
156 2000
157 2000
158 1000
159 2000
160 1500
161 1500
162 1000
163 1500
164 1000
165 2000
166 1000
167 1000
168 2000
169 2000
170 2000
171 2000
172 1000
173 1000
174 1000
175 500
176 500
177 1000
178 1000
179 2000
180 1500
181 1500
182 1500
183 1500
184 1500
185 1500
186 2000
187 2000
188 1000
189 1000
190 2000
191 1000
192 2000
193 2000
194 2000
195 1000
196 2000
197 2000
198 1000
199 2000
200 1000
201 2000
202 2000
203 2000
204 1000
205 1000
206 1000
207 1000
208 2000
209 2000
210 1000
211 1500
212 500
213 1000
214 2000
215 2000
216 2000
217 1000
218 1000
219 2000
220 1500
221 1500
222 1500
223 1500
224 1000
225 1000
226 2000
227 1000
228 1000
229 1000
230 1000
231 2000
232 2000
233 1000
234 1000
235 2000
236 1000
237 2000
238 2000
239 1000
240 1500
241 1500
242 1500
243 1000
244 2000
245 2000
246 2000
247 1000
248 2000
249 1000
250 2000
251 1000
252 1000
253 1000
254 2000
255 2000
256 500
257 500
258 500
259 500
260 1500
261 1500
262 1000
263 2000
264 1000
265 1000
266 2000
267 1000
268 2000
269 1000
270 1500
271 1500
272 1500
273 1500
274 1500
275 2000
276 2000
277 1000
278 2000
279 2000
280 1000
281 2000
282 1000
283 2000
284 2000
285 1000
286 2000
287 2000
288 2000
289 2000
290 1000
291 2000
292 1000
293 1000
294 1000
295 1500
296 2000
297 2000
298 1000
299 1000
300 1500
301 1000
302 2000
303 2000
304 2000
305 2000
306 2000
307 2000
308 500
309 500
310 1500
311 1500
312 1500
313 1500
314 1500
315 2000
316 2000
317 1000
318 2000
319 1000
320 2000
321 1000
322 2000
323 2000
324 1000
325 1000
326 2000
327 1000
328 2000
329 2000
330 2000
331 2000
332 1000
333 1000
334 2000
335 1500
336 1500
337 2000
338 2000
339 1000
340 2000
341 2000
342 1000
343 1000
344 2000
345 1500
346 2000
347 2000
348 2000
349 2000
350 1500
351 1500
352 1500
353 1500
354 2000
355 2000
356 1000
357 1000
358 1000
359 1000
360 2000
361 1000
362 2000
363 2000
364 2000
365 2000
366 2000
367 2000
368 1000
369 1000
370 1500
371 1500
372 1000
373 1500
374 1500
375 1000
376 2000
377 2000
378 2000
379 2000
380 2000
381 2000
382 2000
383 500
384 500
385 500
386 1000
387 2000
388 1000
389 2000
390 2000
391 1000
392 2000
393 1000
394 1000
395 1500
396 1500
397 1500
398 1500
399 1000
400 1000
401 1000
402 1000
403 1000
404 2000
405 2000
406 2000
407 2000
408 1000
409 1000
410 2000
411 1000
412 2000
413 2000
414 1000
415 1500
416 1000
417 1500
418 1500
419 1500
420 1500
421 1500
422 1000
423 2000
424 500
425 500
426 500
427 500
428 2000
429 2000
430 1000
431 2000
432 1000
433 1000
434 2000
435 1000
436 2000
437 1000
438 1000
439 1000
440 2000
441 2000
442 2000
443 1000
444 1000
445 2000
446 1000
447 1000
448 2000
449 2000
450 1500
451 1500
452 1500
453 1500
454 1500
455 1000
456 2000
457 2000
458 2000
459 2000
460 1000
461 1000
462 2000
463 1000
464 1000
465 2000
466 2000
467 2000
468 2000
469 1000
470 1000
471 2000
472 2000
473 1000
474 1000
475 1000
476 1000
477 2000
478 500
479 500
480 1500
481 1000
482 1000
483 1500
484 1000
485 1000
486 1000
487 1000
488 1000
489 2000
490 500
491 500
492 500
493 1000
494 2000
495 2000
496 1000
497 1000
498 1000
499 2000
500 1000
501 1500
502 500
503 2000
504 1000
505 2000
506 1000
507 1000
508 2000
509 1000
510 1500
511 1500
512 1500
513 2000
514 2000
515 2000
516 1000
517 1000
518 1000
519 2000
520 1000
521 1000
522 1000
523 2000
524 1000
525 1000
526 1500
527 1500
528 500
529 500
530 2000
531 2000
532 1000
533 1000
534 2000
535 2000
536 1000
537 2000
538 1000
539 2000
540 1500
541 1500
542 1500
543 1500
544 1500
545 1500
546 1500
547 2000
548 1000
549 1000
550 1000
551 2000
552 2000
553 2000
554 2000
555 2000
556 2000
557 2000
558 1000
559 1000
560 1000
561 2000
562 1000
563 1000
564 1000
565 1000
566 2000
567 1000
568 2000
569 2000
570 2000
571 1000
572 1000
573 2000
574 1000
575 1500
576 1000
577 2000
578 1000
579 2000
580 1000
581 1500
582 1500
583 1500
584 500
585 500
586 500
587 2000
588 1000
589 2000
590 2000
591 2000
592 1000
593 2000
594 1000
595 2000
596 2000
597 1000
598 1000
599 2000

0 1 46 1
0 2 24 6
0 3 50 2
0 4 2 3
0 5 23 3
0 10 50 6
0 45 20 3
0 46 14 9
0 83 12 5
0 116 35 3
0 125 45 6
0 129 16 10
0 211 14 10
0 240 28 1
0 242 8 2
0 270 44 6
0 301 7 9
0 313 18 3
0 345 35 6
0 374 21 1
0 398 33 9
0 415 9 9
0 416 14 2
0 450 19 6
0 480 34 6
0 510 34 8
0 527 32 6
0 545 23 3
0 575 27 4
1 6 10 5
1 7 40 8
1 8 46 10
1 9 29 10
1 12 25 8
1 80 14 7
1 115 11 4
1 162 4 3
1 163 4 3
1 182 12 5
1 183 41 4
1 210 40 9
1 220 46 2
1 221 28 7
1 260 20 2
1 261 33 2
1 274 3 3
1 295 31 10
1 313 49 3
1 335 4 9
1 336 17 6
1 345 12 9
1 350 32 5
1 353 19 7
1 371 26 2
1 396 13 6
1 455 33 1
1 481 14 3
1 501 36 5
1 511 48 2
1 525 1 3
1 543 20 5
1 575 42 4
1 580 48 7
1 581 44 5
10 11 23 1
10 12 8 7
10 13 14 5
10 14 29 6
10 15 20 6
10 16 48 1
10 17 17 7
10 18 41 3
10 260 16 4
10 295 24 1
10 310 22 1
10 544 3 1
11 12 37 5
11 13 34 3
11 14 9 9
11 15 41 6
11 16 26 3
11 19 5 4
11 20 4 7
11 21 24 3
11 22 22 2
11 115 12 1
11 163 10 8
11 398 21 8
11 511 8 6
11 525 33 8
11 575 30 8
12 13 36 8
12 14 13 7
12 15 26 7
12 16 35 7
12 23 38 1
12 24 27 5
12 25 31 9
12 26 5 4
12 27 4 2
12 28 36 7
12 46 34 8
12 335 50 7
12 345 17 8
12 415 32 1
12 419 2 5
12 483 26 3
13 14 36 1
13 15 2 1
13 16 39 5
13 29 4 4
13 30 39 1
13 31 31 8
13 32 20 8
13 33 21 1
13 220 17 1
13 301 31 7
13 312 17 10
13 352 38 10
13 450 44 6
13 582 9 9
14 15 25 2
14 16 39 3
14 34 14 7
14 35 40 6
14 36 16 8
14 37 4 3
14 38 49 6
14 82 45 9
14 116 7 7
14 161 14 3
14 241 1 9
14 301 38 8
14 396 27 3
14 510 7 6
15 16 8 6
15 39 1 3
15 40 13 8
15 41 37 1
15 42 7 3
15 81 45 4
15 130 28 7
15 182 43 4
15 210 44 9
15 222 44 1
15 261 3 1
15 295 26 9
15 336 37 10
15 353 47 3
15 370 17 5
15 501 30 9
15 575 1 9
16 43 13 9
16 44 23 5
16 51 34 5
16 126 9 2
16 184 35 2
16 241 19 2
16 272 40 3
16 274 26 10
16 345 22 3
16 374 34 8
16 453 40 10
16 482 38 8
16 526 23 5
16 546 13 8
16 583 17 8
45 46 32 6
45 47 21 5
45 48 28 3
45 49 20 8
45 50 6 1
45 51 12 10
45 52 24 4
45 53 50 9
45 54 43 1
45 55 32 8
45 83 40 2
45 116 37 5
45 128 25 3
45 131 4 10
45 295 50 2
45 483 9 4
45 581 36 10
45 583 27 5
46 47 7 3
46 48 46 10
46 49 29 1
46 50 26 10
46 51 32 10
46 56 49 1
46 57 31 2
46 58 15 4
46 59 37 10
46 60 42 10
46 61 18 9
46 210 47 9
46 260 25 3
46 300 34 2
46 353 16 4
46 527 36 5
47 48 45 8
47 49 50 10
47 50 5 7
47 51 34 8
47 62 34 7
47 220 40 5
47 243 3 10
47 270 45 7
47 336 6 7
47 351 48 3
47 397 40 6
48 49 4 8
48 50 4 3
48 51 37 7
48 63 27 1
48 64 42 8
48 65 11 4
48 223 45 1
48 301 50 2
48 313 10 7
48 336 24 6
48 418 9 8
48 512 9 1
48 527 29 3
49 50 48 6
49 51 49 1
49 66 13 1
49 67 50 3
49 68 33 2
49 69 38 2
49 70 49 4
49 86 38 7
49 116 1 1
49 270 47 5
49 313 42 9
49 370 43 4
49 450 18 1
49 541 33 10
49 575 48 6
50 51 38 10
50 71 49 1
50 72 3 9
50 73 2 3
50 74 21 6
50 162 34 7
50 180 38 10
50 181 32 1
50 345 41 7
50 373 25 7
50 398 18 2
50 500 34 1
50 510 8 4
50 540 22 10
50 575 16 9
51 75 46 4
51 76 48 5
51 77 24 9
51 78 40 4
51 79 28 6
51 162 10 9
51 210 22 9
51 241 3 4
51 261 5 10
51 295 25 6
51 419 20 4
51 453 34 7
51 480 40 9
51 500 17 2
80 81 16 8
80 82 24 1
80 83 18 1
80 84 26 1
80 85 25 2
80 86 12 8
80 87 18 6
80 88 36 6
80 89 25 2
80 90 34 7
80 91 23 5
80 92 46 9
80 93 3 6
80 94 44 7
80 116 4 2
80 163 2 2
80 241 8 8
80 270 11 7
80 345 3 8
80 370 45 6
80 512 22 3
81 82 50 5
81 83 45 2
81 84 36 7
81 85 10 5
81 86 2 8
81 95 8 7
81 96 23 1
81 97 37 1
81 98 47 6
81 116 11 5
81 183 6 3
81 221 30 5
81 300 16 8
81 314 45 1
81 336 26 8
81 351 39 10
81 418 1 1
81 544 18 10
81 575 48 4
81 583 20 10
82 83 14 2
82 84 20 10
82 85 27 4
82 86 30 6
82 99 13 3
82 100 3 4
82 101 7 8
82 300 12 7
82 482 42 1
82 512 35 8
82 545 32 3
82 581 36 1
83 84 24 5
83 85 4 5
83 86 50 8
83 102 49 7
83 125 46 7
83 184 25 10
83 210 16 6
83 220 38 7
83 272 5 6
83 295 46 3
83 345 7 3
83 350 29 7
83 452 42 1
83 526 21 3
84 85 16 3
84 86 47 3
84 103 7 4
84 104 22 10
84 105 46 9
84 128 33 2
84 161 3 3
84 260 19 9
84 396 18 9
84 417 32 7
84 455 3 3
85 86 38 2
85 106 24 1
85 107 12 8
85 108 26 5
85 109 49 1
85 261 49 10
85 295 26 8
85 371 36 1
85 501 17 1
85 527 45 5
85 575 16 10
86 110 31 10
86 111 39 2
86 112 28 2
86 113 34 6
86 114 4 1
86 243 19 7
86 311 39 7
86 336 25 1
86 398 50 9
86 480 20 4
86 500 7 8
115 116 21 5
115 117 46 6
115 118 27 10
115 119 17 7
115 126 47 9
115 220 26 2
115 223 32 10
115 241 36 3
115 261 26 5
115 273 12 7
115 274 50 2
115 295 15 8
115 300 50 10
115 345 6 5
115 350 24 6
115 352 38 9
115 370 13 3
115 395 35 1
115 450 1 2
115 455 5 5
115 500 7 7
115 512 46 1
115 525 42 5
115 527 13 5
115 575 40 5
115 583 14 6
116 120 25 9
116 121 8 2
116 122 40 6
116 123 2 8
116 124 7 9
116 130 39 5
116 161 27 1
116 162 21 2
116 184 28 1
116 185 38 4
116 210 5 10
116 211 37 10
116 261 17 6
116 295 10 10
116 300 13 7
116 311 15 7
116 312 26 1
116 335 16 3
116 336 43 10
116 345 32 1
116 372 17 1
116 396 12 2
116 418 17 4
116 419 18 8
116 481 37 5
116 482 6 1
116 501 4 4
116 511 36 1
116 545 39 8
116 546 28 9
116 575 9 2
116 580 34 4
125 126 34 8
125 127 23 7
125 128 50 4
125 129 10 10
125 130 35 5
125 131 30 8
125 132 48 4
125 133 4 2
125 134 48 5
125 220 20 2
125 260 7 6
125 295 5 8
125 300 23 9
125 313 14 1
125 454 11 10
125 481 34 8
125 527 24 7
125 543 9 1
126 127 47 3
126 128 36 4
126 129 5 1
126 130 29 6
126 131 21 3
126 135 13 7
126 136 39 3
126 137 27 2
126 138 5 1
126 139 39 10
126 183 40 4
126 211 4 8
126 270 15 5
126 295 17 10
126 397 33 2
126 581 13 5
127 128 9 2
127 129 47 9
127 130 23 5
127 131 29 10
127 140 46 10
127 141 39 8
127 142 12 5
127 143 9 3
127 144 21 5
127 145 11 5
127 180 26 3
127 335 39 9
127 345 28 1
127 419 39 6
127 454 1 10
127 501 45 1
127 527 5 8
127 575 14 2
128 129 43 7
128 130 21 1
128 131 30 3
128 146 21 10
128 147 43 4
128 223 3 1
128 241 28 10
128 270 14 7
128 345 16 9
128 371 1 10
128 481 44 3
128 511 24 6
128 583 37 7
129 130 43 1
129 131 26 8
129 148 21 4
129 149 29 10
129 150 45 4
129 151 21 10
129 152 43 10
129 153 18 2
129 154 15 9
129 155 23 8
129 156 50 8
129 160 28 8
129 210 44 3
129 312 16 3
129 397 42 2
129 512 16 9
130 131 35 8
130 157 36 9
130 158 23 4
130 242 19 9
130 261 43 4
130 301 36 4
130 540 23 10
130 575 27 4
131 159 2 1
131 160 7 6
131 351 47 6
131 353 6 5
131 372 36 4
131 415 16 9
131 500 17 10
160 161 2 3
160 162 20 10
160 163 19 7
160 164 42 3
160 165 22 8
160 166 36 2
160 167 39 9
160 183 14 6
160 221 24 3
160 241 31 7
160 295 17 5
160 345 9 7
160 483 23 1
160 527 28 6
160 581 24 1
160 582 20 3
161 162 8 6
161 163 31 2
161 168 30 3
161 169 27 6
161 170 25 7
161 171 46 7
161 172 19 2
161 173 7 1
161 174 12 1
161 222 18 6
161 270 28 7
161 274 13 8
161 300 8 5
161 301 23 1
161 314 37 9
161 335 9 10
161 345 47 9
161 372 8 4
161 395 36 7
161 455 16 10
161 481 12 7
161 501 12 10
161 544 2 10
162 163 20 9
162 175 42 7
162 176 44 6
162 211 33 8
162 241 25 2
162 260 33 10
162 314 11 8
162 336 12 8
162 395 14 10
162 420 5 4
162 452 47 2
162 511 8 7
162 512 50 6
162 575 1 7
163 177 9 6
163 178 2 5
163 179 4 2
163 183 43 2
163 261 7 8
163 295 14 2
163 351 8 10
163 374 49 9
163 416 10 8
163 500 39 5
163 540 10 3
163 575 20 1
180 181 50 10
180 182 12 10
180 183 40 10
180 184 10 5
180 185 15 7
180 186 22 5
180 187 33 8
180 188 49 1
180 189 43 8
180 190 6 2
180 191 11 9
180 192 19 1
180 211 49 6
180 221 29 1
180 345 1 4
180 370 34 9
180 373 46 3
180 482 25 5
180 501 46 8
180 525 26 9
180 545 23 6
180 581 32 8
181 182 34 7
181 183 3 2
181 184 3 5
181 185 12 4
181 193 10 1
181 194 7 5
181 195 12 2
181 417 48 9
182 183 12 1
182 184 5 5
182 185 45 2
182 196 36 7
182 197 3 2
182 198 49 6
182 270 22 5
182 301 29 7
182 352 11 3
182 419 22 4
182 575 3 6
183 184 30 8
183 185 34 10
183 199 17 1
183 200 40 3
183 201 1 2
183 202 26 7
183 241 21 3
183 274 13 10
183 295 22 4
183 335 8 6
183 452 6 2
184 185 43 8
184 203 14 10
184 204 12 8
184 205 13 6
184 206 36 6
184 207 42 6
184 314 11 2
184 397 32 3
184 482 13 5
184 500 18 1
184 511 26 9
184 527 24 9
185 208 46 6
185 209 25 9
185 222 33 10
185 260 24 9
185 295 3 4
185 301 21 5
185 313 11 4
185 336 44 3
185 350 35 1
185 395 24 1
185 450 19 3
185 511 14 4
185 540 42 5
185 582 48 8
210 211 29 10
210 212 49 1
210 221 6 1
210 240 7 5
210 274 47 10
210 295 12 5
210 300 45 8
210 311 50 9
210 351 11 6
210 396 10 8
210 419 14 7
210 452 38 9
210 453 41 2
210 483 1 9
210 527 19 3
210 575 42 1
210 582 38 2
211 213 12 4
211 214 3 6
211 215 43 5
211 216 35 8
211 217 16 7
211 218 37 7
211 219 28 9
211 222 31 3
211 243 26 6
211 260 20 1
211 261 31 5
211 273 50 8
211 295 36 1
211 300 25 6
211 310 46 9
211 335 15 6
211 336 37 10
211 345 15 7
211 353 33 5
211 371 6 6
211 373 9 9
211 397 33 1
211 417 13 4
211 481 44 5
211 500 24 6
211 501 15 10
211 511 18 5
211 512 41 6
211 527 31 3
211 541 21 1
211 546 40 9
211 583 9 7
220 221 4 9
220 222 37 10
220 223 14 7
220 224 38 7
220 225 16 4
220 226 47 6
220 227 19 7
220 295 15 8
220 301 5 3
220 314 14 2
220 336 46 7
220 397 29 2
220 418 17 7
220 482 20 9
220 511 7 3
220 512 10 9
220 525 8 3
220 575 22 6
221 222 50 8
221 223 40 5
221 228 30 4
221 229 41 9
221 230 38 6
221 231 5 3
221 232 4 4
221 260 7 4
221 261 12 3
221 301 12 6
221 350 18 6
221 353 50 5
221 421 30 3
221 455 13 6
221 546 42 5
221 582 6 6
222 223 47 1
222 233 40 1
222 234 29 8
222 235 8 10
222 236 11 7
222 237 22 9
222 272 33 2
222 273 4 9
222 336 13 8
222 345 21 4
222 372 17 5
222 373 8 3
222 480 24 7
222 542 5 9
222 575 25 6
222 582 48 4
223 238 29 3
223 239 18 6
223 240 35 10
223 243 6 8
223 314 2 10
223 345 26 9
223 396 24 7
223 450 5 4
223 500 41 6
223 501 3 1
223 526 4 8
240 241 18 3
240 242 42 2
240 243 16 6
240 244 34 6
240 245 33 6
240 261 19 1
240 314 17 8
240 374 1 1
240 395 19 3
240 417 29 5
240 451 24 1
240 454 39 5
240 480 22 1
240 575 36 4
240 583 20 3
241 242 39 2
241 243 1 9
241 246 5 8
241 247 16 2
241 248 23 9
241 249 49 9
241 260 31 8
241 295 22 2
241 300 8 9
241 335 16 10
241 345 38 10
241 351 48 10
241 395 10 4
241 482 15 7
241 500 26 2
241 526 40 4
241 544 13 6
242 243 33 5
242 250 16 10
242 251 3 2
242 252 30 7
242 253 36 5
242 254 46 1
242 255 49 10
242 295 41 6
242 301 15 10
242 335 1 8
242 345 36 1
242 512 32 4
242 526 28 10
243 256 1 8
243 257 34 3
243 258 6 6
243 259 1 1
243 270 17 4
243 272 30 3
243 312 37 9
243 353 30 6
243 370 15 7
243 416 29 2
243 500 14 10
243 511 49 8
243 540 10 7
243 575 18 10
243 583 7 6
260 261 7 10
260 262 19 5
260 263 49 5
260 264 46 6
260 270 8 10
260 271 13 9
260 295 4 9
260 313 34 10
260 336 31 3
260 345 41 7
260 370 40 2
260 395 25 1
260 419 17 6
260 455 20 10
260 483 38 3
260 500 48 8
260 510 10 4
260 526 48 10
260 546 9 9
260 575 6 2
260 580 46 5
260 581 37 10
261 265 23 6
261 266 27 2
261 267 29 10
261 268 7 4
261 269 34 10
261 295 32 2
261 300 3 8
261 301 31 5
261 314 42 10
261 336 23 6
261 345 1 2
261 350 50 8
261 351 10 5
261 373 36 2
261 421 36 7
261 453 9 7
261 482 12 10
261 510 33 4
261 546 27 9
261 575 2 1
270 271 22 6
270 272 34 7
270 273 35 8
270 274 29 2
270 275 20 4
270 276 24 5
270 277 34 1
270 278 15 10
270 295 19 7
270 336 37 10
270 350 8 4
270 541 18 9
270 575 14 4
270 581 48 4
271 272 20 9
271 273 27 3
271 274 17 9
271 279 39 1
271 280 15 3
271 281 39 5
271 282 32 6
271 301 1 4
271 335 14 5
271 415 39 4
271 500 36 4
271 510 21 1
271 575 10 8
272 273 16 5
272 274 19 7
272 283 40 9
272 284 24 3
272 285 7 2
272 295 21 3
272 345 3 10
272 371 49 2
272 416 22 4
272 454 34 10
272 481 48 1
273 274 18 3
273 286 46 4
273 311 13 10
273 398 34 2
273 501 1 1
273 527 11 4
273 583 5 6
274 287 10 9
274 288 50 1
274 289 50 5
274 290 23 2
274 291 2 2
274 292 13 9
274 293 11 4
274 294 32 6
274 301 8 6
274 313 11 10
274 345 46 5
274 351 12 7
274 373 50 4
274 395 48 7
274 454 4 4
274 480 28 10
274 512 16 3
274 526 25 10
274 542 17 2
295 296 29 6
295 297 6 6
295 298 13 5
295 299 22 3
295 300 7 6
295 301 23 2
295 311 16 3
295 335 50 7
295 336 11 1
295 345 39 5
295 350 38 7
295 352 35 2
295 372 22 6
295 373 10 1
295 396 44 7
295 416 48 8
295 420 42 5
295 451 17 7
295 453 23 1
295 480 27 9
295 481 31 4
295 501 33 9
295 510 44 1
295 512 35 7
295 526 21 5
295 540 5 1
295 544 4 3
295 575 49 9
295 582 34 1
295 583 27 6
300 301 48 4
300 302 33 5
300 303 43 4
300 304 17 10
300 305 37 6
300 306 14 7
300 307 22 8
300 311 27 9
300 336 13 3
300 345 25 9
300 351 5 4
300 353 25 2
300 373 23 5
300 396 39 2
300 421 30 8
300 481 33 8
300 482 48 8
300 510 15 5
300 511 41 10
300 527 38 2
300 541 19 7
300 545 50 7
300 575 35 4
301 308 44 6
301 309 44 1
301 312 33 1
301 336 43 7
301 345 48 9
301 372 33 3
301 396 5 1
301 418 7 9
301 452 24 9
301 455 3 1
301 500 47 4
301 501 33 4
301 527 16 2
301 575 41 2
301 580 14 8
301 583 6 6
310 311 10 4
310 312 6 1
310 313 37 8
310 314 47 5
310 315 50 9
310 316 29 6
310 317 35 4
310 318 43 9
310 319 44 3
310 320 7 3
310 398 49 4
310 421 25 3
310 450 10 5
310 481 23 9
310 500 26 1
310 525 17 4
310 527 1 6
310 545 31 4
310 575 16 10
310 580 24 6
310 581 5 10
311 312 24 9
311 313 16 1
311 314 24 9
311 321 2 4
311 322 48 8
311 323 3 10
311 454 32 5
311 545 5 4
311 575 31 1
312 313 8 2
312 314 43 1
312 324 26 5
312 325 35 7
312 326 19 7
312 327 19 7
312 328 20 10
312 350 15 7
312 371 5 3
312 374 30 2
312 482 43 3
312 511 27 1
313 314 29 2
313 329 7 1
313 330 18 7
313 331 50 6
313 332 3 5
313 345 10 3
313 510 38 7
314 333 10 6
314 334 22 1
314 335 19 7
314 336 16 3
314 345 8 8
314 353 47 9
314 395 48 3
314 421 27 10
335 336 21 8
335 337 19 8
335 338 2 9
335 339 16 9
335 345 20 9
335 370 40 3
335 417 19 5
335 482 37 1
335 512 12 5
335 527 47 8
335 546 22 4
335 580 19 5
336 340 34 6
336 341 30 7
336 342 16 3
336 343 41 7
336 344 19 4
336 345 12 6
336 351 10 3
336 353 12 7
336 371 1 4
336 397 16 10
336 450 27 2
336 483 31 3
336 500 24 3
336 501 38 1
336 510 19 8
336 546 39 10
336 575 11 5
336 581 17 7
345 346 27 3
345 347 18 2
345 348 36 3
345 349 25 8
345 350 2 5
345 351 49 10
345 371 49 4
345 372 35 4
345 396 13 6
345 397 47 8
345 420 18 9
345 421 46 10
345 452 17 5
345 454 4 2
345 482 1 6
345 483 50 2
345 500 7 8
345 501 38 3
345 511 25 4
345 512 9 7
345 527 5 1
345 545 27 9
345 575 36 10
345 581 22 5
345 582 39 3
350 351 24 1
350 352 41 4
350 353 32 8
350 354 47 4
350 355 21 7
350 356 41 4
350 357 21 8
350 358 1 7
350 397 46 3
350 452 9 4
350 481 30 3
350 542 34 7
351 352 4 1
351 353 21 1
351 359 27 3
351 360 19 1
351 361 34 6
351 362 35 10
351 363 40 9
351 364 36 10
351 370 23 8
351 416 35 9
351 483 49 7
351 525 22 2
351 527 17 5
351 575 11 7
351 581 44 9
351 582 18 7
352 353 35 3
352 365 24 3
352 374 14 1
352 420 4 8
352 469 8 2
352 501 8 5
352 510 41 8
352 511 48 10
352 542 3 8
352 575 7 1
353 366 37 10
353 367 3 5
353 368 29 1
353 369 32 9
353 454 12 3
353 500 47 10
370 371 1 9
370 372 13 3
370 373 43 6
370 374 2 6
370 375 31 10
370 376 26 3
370 377 26 10
370 378 23 3
370 397 13 10
370 415 24 8
370 480 47 4
370 500 18 5
370 511 34 8
370 542 6 9
371 372 37 7
371 373 10 7
371 374 14 10
371 379 33 1
371 380 37 10
371 381 34 3
371 382 47 6
371 501 12 5
371 582 44 8
372 373 3 10
372 374 23 2
372 383 35 6
372 384 2 10
372 385 8 5
372 420 48 10
372 482 33 4
372 510 27 9
373 374 6 5
373 386 43 4
373 387 46 8
373 388 34 2
373 453 8 6
373 527 30 8
374 389 14 2
374 390 17 8
374 391 35 6
374 392 22 8
374 393 36 8
374 394 21 3
374 453 20 6
374 526 16 6
374 544 41 1
374 575 19 10
374 583 37 3
395 396 49 2
395 397 33 2
395 398 1 5
395 399 9 8
395 400 13 10
395 401 42 2
395 402 13 1
395 403 23 10
395 404 18 1
395 405 14 5
395 406 22 4
395 407 28 9
395 408 41 9
395 451 9 9
395 501 18 8
395 510 39 9
395 527 5 10
395 541 4 4
395 544 25 2
395 575 16 7
396 397 12 9
396 398 37 8
396 409 11 8
396 410 40 10
396 451 46 1
396 482 35 1
396 501 32 9
396 575 42 3
397 398 16 1
397 411 4 9
397 412 6 5
397 483 10 6
397 581 40 2
398 413 32 1
398 414 32 2
398 419 19 3
398 421 21 1
398 526 40 1
398 583 34 4
415 416 13 5
415 417 28 10
415 418 18 1
415 419 12 7
415 420 34 2
415 421 17 8
415 422 18 6
415 423 20 8
415 500 14 8
415 580 6 6
416 417 20 7
416 418 47 1
416 419 26 10
416 420 26 3
416 421 20 3
416 424 40 5
416 425 27 5
416 426 24 6
416 427 27 5
416 511 5 10
417 418 44 4
417 419 23 5
417 420 35 7
417 421 25 2
417 428 36 9
417 429 14 7
417 510 41 9
417 525 30 10
417 575 45 10
417 583 22 4
418 419 44 5
418 420 7 5
418 421 46 1
418 430 19 8
418 431 20 8
418 432 20 6
418 433 41 3
418 434 13 6
418 435 13 8
418 525 47 5
418 543 32 3
418 544 30 2
419 420 2 9
419 421 32 5
419 436 47 6
419 437 39 8
419 438 17 3
419 439 50 2
419 440 5 3
419 441 4 10
419 442 17 1
419 443 22 6
419 453 24 4
419 483 12 2
419 501 27 10
420 421 41 10
420 444 30 9
420 445 50 9
420 446 18 6
420 447 15 2
420 448 1 3
420 575 42 4
421 449 25 4
421 455 21 4
421 482 49 3
450 451 21 8
450 452 1 3
450 453 19 4
450 454 17 10
450 455 45 1
450 456 7 7
450 457 13 1
450 458 1 1
450 526 38 7
450 541 30 4
450 582 7 1
451 452 2 2
451 453 26 4
451 454 21 4
451 455 29 1
451 459 7 7
451 460 30 8
451 461 48 3
451 462 34 3
451 463 1 4
451 464 7 9
451 575 14 1
452 453 12 2
452 454 15 3
452 455 3 2
452 465 5 10
452 466 49 8
452 467 25 10
452 481 7 2
453 454 23 9
453 455 33 4
453 468 24 1
453 469 47 9
453 470 45 4
453 471 6 6
453 472 46 9
453 473 27 8
453 481 18 1
453 526 16 3
454 455 47 5
454 474 1 6
454 475 22 9
454 476 22 5
454 477 2 7
454 501 16 10
454 511 47 8
454 583 42 4
455 352 24 3
455 478 38 8
455 479 21 7
455 500 28 3
455 510 1 8
455 542 6 2
455 575 3 9
480 481 24 5
480 482 30 3
480 483 44 10
480 484 23 10
480 485 22 6
480 486 13 8
480 487 43 8
480 488 49 4
480 489 42 1
480 500 27 8
480 510 21 9
480 512 25 3
480 527 20 6
480 575 5 9
480 580 50 6
481 482 23 2
481 483 13 7
481 490 11 10
481 491 21 7
481 526 28 9
481 542 50 1
481 582 50 7
482 483 5 4
482 492 35 7
482 501 36 5
483 493 2 1
483 494 36 4
483 495 48 8
483 496 11 9
483 497 2 5
483 498 15 2
483 499 14 8
483 543 18 4
483 575 23 10
500 501 32 2
500 502 1 1
500 510 44 4
500 525 32 5
500 542 39 2
500 546 9 7
500 575 31 2
500 580 45 2
500 583 15 1
501 503 21 4
501 504 22 3
501 505 37 4
501 506 49 9
501 507 16 6
501 508 19 3
501 509 15 10
501 510 8 10
501 525 25 9
501 575 24 3
510 511 41 5
510 512 24 2
510 513 24 4
510 514 44 4
510 540 34 7
510 545 26 6
510 575 44 2
510 580 28 8
511 512 30 7
511 515 31 4
511 516 23 2
511 517 50 5
511 518 9 10
511 519 28 5
512 520 39 7
512 521 24 7
512 522 26 6
512 523 36 9
512 524 42 2
512 525 24 9
512 526 45 7
525 526 26 5
525 527 9 7
525 528 8 4
525 529 35 3
525 541 16 3
525 582 33 10
526 527 36 7
526 530 1 4
526 531 27 10
527 532 49 2
527 533 49 3
527 534 50 9
527 535 20 9
527 536 39 9
527 537 9 10
527 538 38 3
527 539 41 8
527 541 12 1
527 575 43 4
527 580 36 5
540 541 23 7
540 542 42 7
540 543 31 5
540 544 31 4
540 545 35 6
540 546 6 2
540 547 45 8
540 548 40 9
540 549 50 10
541 542 42 3
541 543 45 9
541 544 35 6
541 545 9 1
541 546 9 6
541 550 37 5
541 551 25 6
541 552 4 1
541 581 27 6
542 543 28 10
542 544 14 9
542 545 3 2
542 546 39 7
542 553 23 7
542 554 18 1
542 555 2 6
542 556 29 4
542 575 47 1
542 583 37 3
543 544 23 5
543 545 47 3
543 546 44 7
543 557 21 4
544 545 45 8
544 546 44 4
544 558 44 8
544 559 36 10
544 560 39 9
544 561 18 1
544 562 4 1
544 575 6 4
545 546 49 6
545 563 1 2
545 564 3 5
545 565 18 7
545 566 49 9
545 567 20 3
546 568 11 6
546 569 20 10
546 570 47 2
546 571 21 10
546 572 6 1
546 573 4 5
546 574 21 10
573 495 10 9
575 576 15 6
575 577 36 7
575 578 10 3
575 579 6 2
575 581 26 7
575 583 4 1
580 581 43 9
580 582 20 10
580 583 10 10
580 584 29 6
580 585 34 7
580 586 35 1
581 582 26 4
581 583 11 10
581 587 49 1
581 588 9 1
581 589 3 9
582 583 33 4
582 590 17 7
582 591 32 1
582 592 8 10
582 593 1 2
582 594 19 4
582 595 8 6
582 596 34 6
582 597 9 8
582 598 15 4
583 599 41 2

0 360 12
1 366 9
2 599 19
3 505 11
4 31 8
5 245 17
6 436 16
7 147 26
8 151 11
9 573 8
10 246 4
11 238 9
12 467 13
13 22 6
14 91 13
15 250 4
16 20 2
17 276 8
18 316 12
19 219 10
20 133 2
21 355 14
22 42 3
23 445 33
24 165 7
25 283 9
26 337 7
27 508 11
28 407 19
29 367 2
30 302 9
31 465 2
32 123 1
33 168 16
34 307 13
35 26 2
36 196 13
37 556 9
38 515 10
39 179 3
40 98 19
41 263 13
42 67 32
43 555 2
44 57 20
45 297 4
46 523 20
47 570 18
48 449 11
49 202 10
50 17 7
51 39 1
52 74 10
53 235 3
54 63 14
55 97 25
56 255 17
57 268 5
58 390 7
59 7 14
60 288 13
61 281 23
62 477 1
63 19 2
64 199 5
65 289 31
66 197 2
67 534 15
68 552 2
69 326 13
70 377 13
71 70 20
72 457 6
73 203 10
74 382 14
75 365 10
76 64 26
77 3 34
78 503 5
79 381 20
80 305 10
81 232 3
82 596 14
83 8 20
84 215 12
85 237 8
86 340 23
87 376 9
88 392 15
89 557 11
90 561 7
91 519 17
92 61 9
93 306 8
94 122 23
95 144 9
96 494 15
97 514 28
98 190 4
99 489 27
100 362 14
101 413 20
102 429 7
103 442 5
104 566 29
105 214 1
106 531 10
107 155 12
108 287 7
109 186 8
110 143 3
111 304 10
112 192 7
113 328 5
114 208 16
115 334 8
116 279 9
117 535 6
118 291 1
119 577 19
120 341 11
121 254 16
122 114 2
123 387 30
124 73 1
125 108 11
126 404 8
127 5 10
128 278 7
129 315 33
130 441 2
131 201 1
132 170 16
133 156 16
134 303 26
135 537 4
136 139 16
137 88 18
138 378 6
139 60 22
140 322 25
141 468 15
142 499 7
143 38 11
144 52 13
145 194 5
146 379 11
147 587 20
148 33 6
149 569 5
150 554 8
151 266 11
152 412 3
153 120 14
154 169 12
155 216 8
156 275 11
157 329 3
158 513 6
159 157 11
160 171 17
161 348 11
162 364 18
163 99 6
164 363 24
165 37 3
166 142 8
167 323 2
168 152 25
169 590 7
170 320 4
171 547 31
172 248 8
173 226 19
174 318 26
175 331 25
176 296 9
177 459 5
178 187 9
179 349 6
180 530 1
181 448 1
182 423 14
183 428 8
184 29 2
185 209 15
186 55 9
187 406 11
188 579 4
189 458 1
190 431 9
191 159 1
192 440 2
193 124 4
194 132 25
195 330 11
196 462 17
197 119 7
198 89 11
199 244 13
200 568 4
201 101 5
202 347 8
203 28 8
204 100 2
205 102 15
206 471 3
207 150 22
208 551 11
209 76 34
210 595 5
211 62 15
212 344 10
213 106 16
214 193 6
215 121 6
216 591 18
217 472 32
218 92 21
219 389 10
220 111 12
221 346 9
222 434 7
223 286 15
224 284 14
225 354 32
226 593 1
227 95 6
228 466 29
229 34 6
230 589 1
231 495 40
232 338 2
233 539 23
234 231 3
235 380 24
236 553 16
237 405 10
238 410 24
239 456 5
