300 806 120

0 30 200
1 60 400
2 120 1000
3 180 1600
4 240 2400
5 300 3000

0 1500
1 1500
2 1500
3 1500
4 2000
5 1500
6 1500
7 2000
8 2000
9 1000
10 2000
11 1500
12 2000
13 1000
14 1500
15 2000
16 2000
17 1500
18 2000
19 1500
20 1500
21 1500
22 1500
23 1500
24 1500
25 1000
26 2000
27 2000
28 1000
29 2000
30 1000
31 2000
32 2000
33 1000
34 2000
35 2000
36 1000
37 2000
38 1500
39 2000
40 1500
41 1500
42 1000
43 2000
44 2000
45 1500
46 1500
47 1000
48 1500
49 1500
50 1500
51 2000
52 1000
53 2000
54 1000
55 2000
56 2000
57 2000
58 2000
59 2000
60 1000
61 1500
62 1500
63 1000
64 1500
65 500
66 1000
67 2000
68 1000
69 2000
70 1000
71 1000
72 2000
73 2000
74 1500
75 1500
76 1500
77 1500
78 1500
79 1500
80 1500
81 1500
82 1500
83 2000
84 2000
85 1500
86 1500
87 1000
88 2000
89 1500
90 2000
91 1000
92 1000
93 1000
94 2000
95 2000
96 2000
97 2000
98 1500
99 1000
100 2000
101 1500
102 1000
103 2000
104 2000
105 1000
106 1000
107 2000
108 2000
109 2000
110 2000
111 2000
112 2000
113 1500
114 2000
115 1000
116 1500
117 1500
118 1500
119 1500
120 2000
121 1500
122 1000
123 1500
124 2000
125 1000
126 2000
127 1000
128 2000
129 1000
130 1500
131 1500
132 1500
133 1000
134 1500
135 1000
136 2000
137 1500
138 1500
139 2000
140 1500
141 1000
142 1500
143 1000
144 1000
145 2000
146 2000
147 2000
148 1500
149 500
150 1000
151 1000
152 1500
153 1500
154 2000
155 2000
156 2000
157 1000
158 500
159 1000
160 1500
161 1500
162 1500
163 2000
164 2000
165 1500
166 1500
167 1500
168 1500
169 2000
170 1000
171 1000
172 2000
173 2000
174 1000
175 2000
176 2000
177 2000
178 2000
179 2000
180 2000
181 2000
182 1000
183 2000
184 2000
185 1500
186 1500
187 1500
188 1500
189 2000
190 1500
191 2000
192 2000
193 2000
194 2000
195 1000
196 1500
197 1500
198 1500
199 2000
200 1000
201 2000
202 1500
203 2000
204 1000
205 1500
206 1500
207 1500
208 2000
209 2000
210 1000
211 2000
212 1500
213 2000
214 1000
215 2000
216 1000
217 2000
218 1500
219 1000
220 1500
221 1500
222 1500
223 1500
224 1500
225 1500
226 2000
227 1000
228 2000
229 1000
230 1000
231 2000
232 1500
233 2000
234 2000
235 1000
236 2000
237 1500
238 2000
239 1500
240 1000
241 2000
242 1000
243 2000
244 1500
245 1500
246 2000
247 2000
248 1000
249 1000
250 1500
251 1500
252 1500
253 1500
254 2000
255 2000
256 1000
257 2000
258 2000
259 2000
260 2000
261 1500
262 2000
263 2000
264 2000
265 2000
266 2000
267 2000
268 1000
269 1000
270 1500
271 1500
272 1500
273 2000
274 2000
275 2000
276 1000
277 1000
278 1500
279 1000
280 1000
281 1500
282 2000
283 2000
284 1000
285 1500
286 1500
287 1500
288 2000
289 2000
290 1500
291 1000
292 2000
293 1500
294 1000
295 1000
296 1000
297 1500
298 1500
299 2000

0 1 44 4
0 2 11 3
0 3 29 4
0 4 43 1
0 76 22 10
0 128 31 9
0 207 32 5
0 208 38 9
0 250 15 6
0 256 44 3
0 264 2 2
0 285 21 3
1 2 47 3
1 3 7 2
1 5 6 8
1 6 22 1
1 7 43 6
1 22 29 9
1 49 8 1
1 115 40 4
1 213 4 8
1 272 5 2
2 3 36 7
2 8 42 4
2 9 27 5
2 132 2 6
2 134 7 2
2 160 14 10
2 167 14 1
2 188 46 4
2 195 29 8
2 206 6 8
2 208 46 8
2 245 32 5
2 286 35 10
3 10 34 6
3 11 47 3
3 12 20 4
3 13 50 8
3 14 10 5
3 15 5 6
3 16 34 4
3 17 5 6
3 18 24 3
3 19 36 7
3 22 18 4
3 49 14 1
3 115 11 2
3 168 1 4
3 188 19 7
3 223 18 7
3 224 31 9
3 235 17 7
3 245 31 5
3 253 36 6
3 272 33 3
4 10 29 9
5 138 23 4
5 165 31 9
5 260 4 9
6 209 41 1
7 124 16 4
7 224 23 8
7 244 13 8
8 24 19 3
8 130 47 4
9 206 33 3
10 84 15 4
10 220 13 7
10 285 44 7
11 47 36 3
11 193 6 6
11 297 6 2
12 123 43 4
13 122 21 3
13 166 25 4
14 130 17 9
14 156 27 8
15 278 27 2
17 74 36 2
17 124 17 3
17 188 10 3
17 210 39 7
17 250 39 8
18 95 25 7
18 128 28 9
18 132 27 8
18 222 19 3
18 225 11 3
19 203 23 3
20 21 32 10
20 22 26 2
20 23 43 6
20 24 11 10
20 25 21 8
20 26 38 4
20 27 18 1
20 28 3 4
20 29 37 4
20 30 49 4
20 31 39 1
20 32 18 7
20 80 3 2
20 131 47 4
20 188 38 10
20 207 47 6
20 252 33 2
20 270 9 9
20 272 50 5
21 22 30 4
21 23 8 10
21 24 26 1
21 33 20 3
21 34 3 9
21 79 46 6
21 179 42 2
21 188 14 5
21 252 10 2
22 23 14 1
22 24 41 3
22 35 19 9
22 36 37 5
22 37 30 6
22 38 33 5
22 39 27 6
22 47 19 9
22 135 7 1
22 145 21 2
22 160 30 4
22 181 47 10
22 223 23 3
22 226 30 10
22 285 25 10
22 287 29 6
22 299 17 2
23 24 10 1
23 40 19 4
23 41 4 3
23 42 25 10
23 73 2 6
23 78 19 5
23 97 19 8
23 116 43 1
23 166 19 4
23 168 5 8
23 197 49 4
23 206 7 6
23 245 29 4
24 43 23 6
24 44 21 7
24 47 20 5
24 116 4 3
24 127 25 7
24 160 50 6
24 221 41 5
24 245 32 7
24 264 32 6
25 36 41 10
25 101 5 5
26 202 4 7
27 108 6 5
27 116 3 9
29 112 48 6
29 167 18 3
29 265 5 10
29 285 39 5
30 46 27 2
30 74 29 1
30 131 49 8
30 153 17 7
30 284 4 5
31 121 42 9
31 206 24 1
32 160 30 1
33 159 19 4
33 245 6 5
33 248 49 9
34 138 19 7
34 166 42 5
35 114 44 8
35 166 30 8
37 118 42 5
37 162 18 1
38 98 30 4
38 164 50 2
38 250 36 2
38 269 13 1
39 85 37 6
39 228 16 4
40 86 18 7
40 114 10 1
40 135 15 10
40 229 45 1
41 145 29 4
44 275 29 2
45 46 36 8
45 47 36 5
45 48 45 1
45 49 6 7
45 50 34 4
45 51 13 1
45 52 3 7
45 53 22 4
45 54 21 9
45 55 7 5
45 56 38 9
45 57 11 7
45 76 30 1
45 116 11 3
45 207 26 8
45 270 45 3
45 272 2 10
46 47 26 10
46 48 20 9
46 49 48 7
46 50 23 7
46 58 42 3
46 59 45 7
46 60 39 5
46 61 2 4
47 48 19 4
47 49 21 8
47 50 6 4
47 62 20 9
47 63 16 7
47 64 9 8
47 65 32 10
47 131 47 10
47 160 17 3
47 245 40 1
47 252 24 5
48 49 16 10
48 50 36 4
48 66 39 9
48 67 20 2
48 68 4 3
48 69 50 7
48 77 6 7
48 157 17 2
48 160 50 8
48 185 14 7
48 188 36 1
48 247 9 3
48 286 26 1
49 50 37 8
49 70 49 1
49 71 3 3
49 168 23 6
49 199 16 5
49 206 47 8
49 219 45 6
49 222 25 7
49 285 15 7
50 72 33 7
50 73 3 10
50 74 27 7
50 115 5 7
50 134 38 9
50 168 11 10
50 208 13 6
50 220 40 1
50 245 2 9
50 250 3 5
51 74 44 1
51 111 22 2
51 117 47 7
51 245 2 10
51 275 16 2
53 104 3 6
53 199 46 4
56 193 10 1
56 198 49 6
56 225 26 3
56 253 32 9
57 298 27 10
58 253 32 9
58 286 3 10
58 290 30 7
59 140 41 6
59 209 43 6
60 214 46 10
61 216 41 3
61 265 50 7
62 146 50 4
62 165 34 6
63 132 40 6
64 126 9 8
66 89 50 4
67 197 36 9
69 131 20 3
71 250 26 1
72 207 44 8
73 98 25 7
73 167 11 4
73 292 46 9
74 116 16 8
74 189 26 2
74 245 1 4
75 76 21 2
75 77 27 5
75 78 8 1
75 79 45 4
75 80 13 6
75 81 25 7
75 82 38 6
75 83 21 2
75 84 24 3
75 85 49 9
75 86 16 2
75 87 11 10
75 88 32 8
75 160 4 3
76 77 14 1
76 78 48 8
76 79 19 2
76 80 44 9
76 81 6 8
76 82 31 8
76 89 45 6
76 90 8 9
76 91 3 5
76 133 35 2
76 135 48 3
76 171 43 9
76 221 43 10
76 245 44 10
77 78 50 6
77 79 49 6
77 80 23 3
77 81 1 7
77 82 45 5
77 92 3 6
77 93 50 8
77 94 8 1
77 95 21 5
77 96 27 7
77 97 13 5
77 285 19 7
78 79 49 6
78 80 22 3
78 81 23 7
78 82 49 9
78 98 3 10
78 99 7 2
78 100 29 8
78 101 30 7
78 102 21 9
78 285 50 9
79 80 46 7
79 81 27 5
79 82 4 6
79 102 44 5
79 103 7 6
79 104 24 9
79 105 35 5
79 106 15 7
79 186 9 1
79 207 7 9
79 215 3 7
79 224 25 9
80 81 1 7
80 82 37 6
80 107 22 3
80 108 36 2
80 166 28 4
80 167 47 5
80 187 26 6
80 207 24 3
80 251 26 1
80 272 11 9
81 82 12 1
81 99 33 1
81 109 33 9
81 116 31 3
81 245 13 10
81 270 42 8
82 110 49 6
82 111 21 3
82 112 19 6
82 113 45 8
82 114 38 7
82 145 29 7
82 160 45 1
82 250 35 3
83 120 42 5
85 142 30 10
85 168 13 1
86 258 19 8
88 132 17 2
88 168 50 1
88 245 49 2
89 162 24 5
89 213 5 10
91 272 27 10
93 170 30 10
94 112 23 4
94 292 6 5
94 293 48 8
95 148 27 4
97 169 9 8
98 103 42 8
99 279 44 2
100 231 19 10
101 110 1 9
101 232 9 4
102 225 3 3
103 119 14 3
104 238 40 5
106 206 44 1
107 145 36 4
108 192 18 9
110 155 41 1
111 160 12 1
112 140 40 9
112 153 8 8
113 134 14 5
113 146 11 5
115 116 23 3
115 117 12 9
115 118 45 3
115 160 22 4
115 186 36 8
115 207 46 5
115 245 50 8
115 250 9 3
115 251 10 7
116 117 4 9
116 119 5 5
116 120 44 10
116 121 22 10
116 122 45 5
116 123 3 3
116 130 14 1
116 160 16 10
116 205 44 4
116 224 32 6
116 271 32 3
116 272 27 5
116 287 19 4
117 124 23 7
117 125 12 9
117 126 38 9
117 127 27 9
117 128 37 6
117 129 20 3
117 133 18 7
117 165 14 7
117 168 43 9
117 187 34 8
117 220 20 7
117 286 30 7
119 145 3 7
119 176 18 8
122 166 41 5
123 168 10 8
124 179 29 6
124 282 37 10
125 166 21 3
127 248 48 7
130 131 37 10
130 132 18 6
130 133 26 2
130 134 17 3
130 135 10 2
130 136 17 7
130 137 37 7
130 138 36 7
130 187 45 6
130 205 48 5
130 245 3 6
130 285 3 3
131 132 6 4
131 133 26 1
131 134 14 2
131 135 33 6
131 139 19 7
131 140 2 4
131 141 12 10
131 245 7 5
131 271 46 9
131 276 22 4
132 133 40 3
132 134 41 8
132 135 2 1
132 142 35 5
132 143 10 8
132 144 3 6
132 145 42 5
132 146 36 6
132 147 14 8
132 148 19 9
132 160 17 4
132 166 46 8
132 207 2 5
132 272 22 8
133 134 37 10
133 135 23 4
133 149 35 3
133 150 35 8
133 160 14 4
133 210 37 5
133 220 10 7
134 135 43 7
134 151 35 2
134 152 48 6
134 153 14 5
134 154 21 8
134 155 3 10
134 156 35 2
134 165 42 2
134 171 2 5
134 188 49 4
134 250 15 7
134 285 25 1
135 157 21 4
135 158 8 5
135 159 15 8
135 170 36 8
135 220 38 9
135 290 32 2
135 297 18 6
136 152 14 7
137 267 35 10
141 207 21 9
142 238 40 9
143 224 31 1
146 285 29 2
147 245 33 1
148 209 40 4
150 224 22 7
151 245 3 5
153 252 12 2
154 187 49 9
154 205 50 4
154 218 27 7
154 245 36 1
154 274 31 9
159 249 7 2
159 272 14 5
160 161 38 9
160 162 21 1
160 163 26 8
160 164 7 1
160 167 32 3
160 168 45 4
160 176 29 9
160 180 22 6
160 186 38 9
160 188 7 4
160 206 7 3
160 220 27 7
160 221 33 4
160 236 45 5
160 240 8 5
160 245 50 6
160 250 5 10
160 253 24 8
160 261 6 4
160 270 38 3
160 272 5 9
160 286 50 1
160 287 29 8
161 265 16 10
164 186 31 9
165 166 34 7
165 167 3 10
165 168 24 2
165 169 15 2
165 170 18 8
165 171 4 5
165 172 21 5
165 173 29 5
165 195 20 9
165 205 5 2
165 221 50 6
165 269 8 10
166 167 21 3
166 168 49 9
166 174 5 6
166 175 23 5
166 176 45 5
166 177 12 5
166 224 11 7
166 252 48 8
166 286 36 8
167 168 50 3
167 178 44 4
167 179 18 9
167 180 47 7
167 186 41 7
167 187 17 3
167 245 3 2
167 250 14 3
167 297 4 3
168 181 42 7
168 182 21 6
168 183 26 3
168 184 11 1
168 207 36 1
168 228 13 5
168 270 5 3
168 271 17 3
168 278 36 5
168 285 34 10
169 223 4 7
172 232 31 6
175 297 31 1
179 228 18 10
180 212 40 1
181 193 41 10
182 278 2 9
184 237 22 5
185 186 34 4
185 187 41 4
185 188 20 9
185 189 2 9
185 207 1 4
185 245 43 9
185 285 37 1
186 187 8 5
186 188 3 3
186 190 36 1
186 191 27 1
186 192 31 10
186 193 19 2
186 194 31 8
186 195 10 4
186 205 33 8
186 220 39 7
186 250 17 6
187 188 6 3
187 196 19 10
187 197 7 9
187 285 19 7
188 198 40 2
188 199 49 3
188 200 29 8
188 201 50 2
188 202 11 10
188 203 36 7
188 204 29 10
188 223 10 8
188 245 24 2
188 252 33 3
188 270 41 2
189 207 6 8
190 205 23 2
190 273 48 6
191 286 30 6
193 218 4 2
199 260 28 4
203 251 28 9
205 206 32 10
205 207 47 2
205 208 31 10
205 209 48 7
205 210 49 6
205 217 7 9
205 220 21 1
205 242 1 1
205 271 1 10
205 287 28 10
206 207 38 5
206 211 40 1
206 212 33 8
206 213 49 6
207 214 24 6
207 215 31 9
207 216 28 4
207 217 35 4
207 218 46 7
207 219 3 1
207 220 3 3
207 245 17 6
207 250 4 3
207 252 31 8
207 272 36 4
207 285 32 5
215 261 7 3
218 226 46 9
218 274 49 4
220 221 2 3
220 222 4 10
220 223 22 8
220 224 39 9
220 225 42 8
220 226 38 3
220 227 14 8
220 228 37 1
220 245 41 6
221 222 50 4
221 223 3 8
221 224 7 10
221 229 47 2
221 230 22 4
221 231 5 1
221 232 2 7
221 233 17 4
221 234 31 10
221 235 39 4
221 266 45 8
221 287 49 8
222 223 49 2
222 224 35 5
222 236 31 9
222 237 42 10
222 238 2 10
222 239 14 6
222 240 43 5
222 253 22 8
222 270 19 4
223 224 35 3
223 241 6 1
223 245 7 9
223 251 29 1
224 242 19 9
224 243 20 9
224 244 43 1
224 272 46 10
224 285 4 5
225 244 7 5
226 234 41 5
232 257 48 10
237 258 28 4
239 282 29 5
241 250 11 5
245 246 27 6
245 247 3 4
245 248 7 3
245 249 28 8
245 251 2 5
245 252 16 7
245 259 21 8
245 271 18 1
245 272 17 10
245 286 6 5
245 287 25 9
245 297 41 10
246 255 37 6
248 252 18 2
250 251 47 8
250 252 1 10
250 253 38 7
250 254 9 5
250 286 19 10
250 298 48 7
251 252 23 6
251 253 30 5
251 255 19 5
251 256 12 6
251 257 27 6
251 258 6 5
251 259 20 10
251 260 13 8
251 261 45 2
251 272 33 4
252 253 45 5
252 262 49 6
252 263 6 5
252 272 11 3
252 285 19 8
253 264 28 4
253 265 36 10
253 266 28 4
253 267 38 2
253 268 7 3
253 269 17 10
253 289 22 2
268 281 9 9
270 271 5 6
270 272 15 6
270 273 2 1
270 274 21 5
270 287 46 6
271 272 5 6
271 275 10 10
271 276 47 7
271 277 8 3
271 278 14 5
271 279 11 10
271 285 5 2
272 280 7 9
272 281 16 5
272 282 6 3
272 283 4 8
272 284 10 6
273 275 12 3
275 196 15 10
281 282 12 6
285 286 16 9
285 287 12 9
285 288 5 10
285 289 19 1
285 290 46 7
285 291 29 4
285 292 49 2
285 293 15 2
285 294 48 1
285 295 14 9
285 296 47 10
285 297 23 1
286 287 48 8
286 298 49 1
287 290 3 3
287 299 9 4
290 296 5 7

0 97 9
1 53 42
2 100 16
3 169 17
4 8 32
5 163 14
6 110 62
7 57 22
8 136 17
9 173 19
10 181 75
11 273 25
12 172 30
13 32 24
14 183 10
15 111 18
16 37 34
17 146 63
18 233 6
19 67 23
20 31 34
21 114 56
22 154 53
23 213 36
24 107 40
25 282 30
26 155 11
27 12 35
28 275 36
29 178 16
30 73 53
31 283 3
32 175 18
33 69 49
34 126 26
35 10 66
36 217 17
37 194 11
38 288 3
39 267 30
40 234 19
41 258 19
42 58 26
43 199 35
44 208 51
45 274 40
46 266 34
47 236 43
48 203 28
49 201 20
50 55 5
51 184 18
52 16 13
53 191 21
54 15 11
55 7 45
56 108 27
57 243 7
58 95 42
59 262 11
60 264 20
61 192 12
62 34 26
63 289 29
64 109 22
65 96 13
66 51 64
67 193 47
68 189 18
69 72 25
70 259 18
71 176 33
72 83 18
73 263 2
74 88 63
75 238 31
76 147 14
77 299 11
78 35 62
79 247 6
80 211 23
81 29 55
82 209 100
83 164 57
84 156 31
85 43 15
86 177 5
87 128 43
88 112 96
89 103 36
90 255 34
91 241 6
92 56 63
93 4 37
94 226 89
95 18 44
96 179 63
97 27 15
98 84 22
99 292 28
100 94 19
101 120 55
102 257 52
103 44 14
104 59 71
105 265 56
106 104 32
107 246 41
108 260 25
109 39 21
110 228 20
111 124 81
112 26 9
113 145 77
114 254 6
115 215 27
116 180 28
117 231 15
118 90 2
119 139 6
