300 804 120

0 30 200
1 60 400
2 120 1000
3 180 1600
4 240 2400
5 300 3000

0 1500
1 1500
2 2000
3 2000
4 2000
5 2000
6 1000
7 1500
8 2000
9 1000
10 1500
11 1500
12 1500
13 1500
14 2000
15 2000
16 1000
17 1000
18 2000
19 1500
20 1500
21 1500
22 1500
23 1500
24 1500
25 2000
26 2000
27 1000
28 2000
29 1000
30 1000
31 2000
32 2000
33 1500
34 2000
35 2000
36 2000
37 2000
38 2000
39 1000
40 2000
41 2000
42 1500
43 2000
44 2000
45 1500
46 1500
47 1500
48 1500
49 1000
50 2000
51 2000
52 1000
53 1500
54 1500
55 2000
56 2000
57 1500
58 2000
59 2000
60 2000
61 1500
62 1000
63 1000
64 2000
65 1500
66 1500
67 1500
68 1000
69 1500
70 2000
71 1000
72 2000
73 1500
74 2000
75 1500
76 1500
77 1000
78 1500
79 1500
80 1000
81 2000
82 2000
83 1500
84 1500
85 1500
86 500
87 1500
88 500
89 2000
90 1500
91 1500
92 1500
93 1500
94 2000
95 1500
96 1000
97 2000
98 1000
99 2000
100 2000
101 1000
102 1000
103 1500
104 1500
105 1000
106 2000
107 2000
108 2000
109 2000
110 1500
111 1500
112 1500
113 1000
114 1500
115 1000
116 1500
117 1000
118 2000
119 2000
120 1500
121 1000
122 1000
123 2000
124 2000
125 2000
126 1000
127 1500
128 1000
129 2000
130 1000
131 1000
132 1500
133 1000
134 2000
135 2000
136 1000
137 2000
138 500
139 1500
140 1500
141 1500
142 1500
143 1000
144 1500
145 1500
146 2000
147 2000
148 1000
149 2000
150 1000
151 2000
152 1000
153 2000
154 2000
155 1000
156 1500
157 1500
158 1000
159 1000
160 1000
161 2000
162 1500
163 2000
164 1500
165 1500
166 1500
167 1500
168 1500
169 1500
170 1500
171 2000
172 2000
173 2000
174 2000
175 1500
176 1000
177 2000
178 1500
179 1500
180 1000
181 1000
182 2000
183 1500
184 1500
185 2000
186 2000
187 1000
188 1500
189 2000
190 1000
191 1500
192 500
193 1000
194 500
195 1500
196 1500
197 2000
198 1000
199 2000
200 1500
201 1500
202 2000
203 1000
204 2000
205 2000
206 2000
207 2000
208 1500
209 1500
210 1500
211 1500
212 1500
213 1500
214 1000
215 2000
216 1000
217 1500
218 2000
219 2000
220 2000
221 2000
222 2000
223 2000
224 1000
225 1500
226 2000
227 1000
228 1000
229 1500
230 1500
231 1500
232 1500
233 1500
234 1500
235 1500
236 2000
237 1000
238 1000
239 2000
240 2000
241 1500
242 2000
243 1000
244 2000
245 2000
246 2000
247 1000
248 2000
249 2000
250 2000
251 1000
252 1000
253 2000
254 2000
255 2000
256 2000
257 2000
258 2000
259 1000
260 1500
261 1500
262 1500
263 2000
264 2000
265 2000
266 1500
267 2000
268 1000
269 2000
270 1000
271 1500
272 2000
273 2000
274 2000
275 1500
276 1500
277 1500
278 1500
279 1500
280 1000
281 2000
282 1500
283 2000
284 1000
285 1500
286 2000
287 2000
288 2000
289 2000
290 2000
291 2000
292 1000
293 1000
294 1000
295 1000
296 2000
297 1500
298 2000
299 2000

0 1 38 6
0 2 33 1
0 3 32 1
0 4 9 10
0 5 24 8
0 10 26 2
0 20 16 9
0 46 3 3
0 54 16 8
0 66 27 1
0 75 16 3
0 82 10 1
0 92 27 7
0 112 40 6
0 148 1 2
0 166 12 4
0 200 42 1
0 224 34 7
0 226 21 8
0 230 23 5
0 262 20 7
0 278 23 7
1 6 16 4
1 7 47 6
1 8 40 7
1 9 21 5
1 11 43 10
1 23 38 9
1 48 37 8
1 68 24 2
1 91 21 10
1 113 1 1
1 144 37 5
1 169 46 4
1 176 49 2
1 190 6 7
1 191 34 1
1 200 49 10
1 212 10 9
1 213 14 4
1 232 22 9
1 262 42 6
2 90 49 5
4 209 41 8
5 271 43 2
6 115 39 4
6 200 25 4
7 185 22 7
10 11 19 10
10 12 44 10
10 13 48 7
10 14 21 6
10 24 7 4
10 45 25 6
10 56 4 7
10 65 5 10
10 73 36 8
10 90 44 7
10 110 33 4
10 112 17 7
10 142 26 7
10 166 29 2
10 176 48 7
10 190 3 8
10 191 21 1
10 210 11 10
10 212 19 8
10 232 38 7
10 260 9 5
10 261 24 4
10 279 18 7
10 292 19 6
11 15 38 10
11 16 3 8
11 17 1 4
11 18 32 6
11 19 20 6
11 24 38 3
11 38 49 10
11 44 26 10
11 46 38 8
11 69 2 6
11 90 12 4
11 144 23 8
11 147 46 3
11 166 4 5
11 200 27 2
11 230 35 9
11 276 43 3
12 55 48 4
12 249 27 1
12 260 32 3
13 137 13 5
13 156 32 4
13 195 50 5
13 241 5 10
14 282 1 10
15 254 27 10
17 39 30 9
17 145 40 3
18 225 1 3
18 283 2 8
19 235 20 8
19 256 42 9
20 21 16 6
20 22 17 8
20 23 16 7
20 24 26 7
20 25 50 5
20 26 42 9
20 27 35 2
20 45 1 5
20 158 10 7
20 165 45 5
20 168 36 5
20 200 43 6
20 213 20 5
20 235 47 2
20 261 41 2
21 22 7 1
21 23 5 8
21 24 4 10
21 28 13 9
21 29 20 8
21 30 35 9
21 63 34 7
21 112 16 5
21 195 49 7
21 259 32 5
21 262 33 7
21 268 41 10
21 288 50 9
22 23 4 9
22 24 11 7
22 31 21 4
22 57 50 1
22 68 46 6
22 69 42 5
22 91 13 9
22 103 36 6
22 111 5 4
22 235 31 8
22 276 11 9
22 277 29 7
23 24 28 6
23 32 48 9
23 33 5 7
23 34 47 10
23 35 20 8
23 36 1 4
23 37 25 10
23 38 49 9
23 140 26 6
23 200 40 2
23 210 45 7
23 249 20 10
24 27 49 10
24 39 37 6
24 40 34 6
24 41 26 4
24 42 8 1
24 43 2 8
24 44 26 10
24 46 48 4
24 91 5 2
24 140 24 7
24 190 17 5
24 191 45 3
27 180 9 7
29 175 49 1
29 252 34 7
31 195 23 10
32 84 6 8
32 85 32 2
33 35 2 4
33 107 35 5
34 40 5 4
34 90 10 1
34 260 33 7
36 184 20 10
36 196 9 7
36 278 13 7
38 46 32 3
38 53 25 1
39 48 34 9
39 234 50 4
39 238 8 3
40 92 41 1
40 162 8 3
41 233 18 6
41 283 9 9
42 217 32 5
42 274 24 4
42 279 47 10
45 46 3 5
45 47 31 5
45 48 50 7
45 49 12 6
45 50 26 8
45 93 25 7
45 111 11 9
45 183 28 7
45 188 32 2
45 191 10 6
45 211 4 1
45 234 30 4
46 47 37 1
46 48 6 7
46 51 20 4
46 52 43 2
46 53 31 1
46 142 35 10
46 164 20 6
46 166 19 5
46 195 23 10
46 199 7 5
46 201 2 9
46 210 34 2
46 260 50 8
46 276 10 10
47 48 12 7
47 54 1 4
47 55 11 4
47 56 45 4
47 57 42 2
47 58 13 8
47 59 18 8
47 67 11 2
47 166 48 7
47 231 32 7
47 243 45 8
47 266 24 8
47 276 43 1
47 283 19 8
48 60 11 6
48 61 21 4
48 62 10 9
48 63 33 2
48 64 15 9
48 65 4 4
48 114 22 2
48 191 14 9
48 200 16 7
48 218 45 8
48 251 14 10
48 262 44 3
50 200 19 3
50 231 5 8
51 109 25 6
51 254 15 7
53 58 42 9
54 169 44 6
54 201 28 7
54 258 37 7
55 225 32 7
56 178 2 2
57 63 24 4
57 240 34 6
60 199 48 6
61 269 40 4
62 98 1 4
62 102 21 7
63 213 21 6
64 93 9 4
65 66 2 7
65 67 8 4
65 68 45 3
65 69 36 10
65 70 4 4
65 71 46 4
65 72 45 3
65 73 37 4
65 74 5 8
65 75 21 5
65 76 40 7
65 77 28 5
65 92 45 10
65 110 23 5
65 148 15 6
65 200 19 5
65 237 35 8
65 276 43 2
65 283 27 6
66 67 47 10
66 68 11 10
66 69 14 3
66 78 22 1
66 79 26 9
66 80 3 9
66 81 28 9
66 141 5 5
66 260 14 9
67 68 9 4
67 69 20 8
67 82 34 4
67 83 14 3
67 114 28 3
67 141 31 6
67 211 22 10
67 292 38 9
68 69 43 5
68 84 28 5
68 85 32 1
68 86 3 3
68 87 31 1
68 88 47 6
68 90 12 10
68 176 40 2
68 190 36 7
68 213 33 2
68 233 22 3
69 89 20 9
69 165 31 10
69 167 8 6
69 191 11 5
69 223 25 3
69 233 27 9
69 261 6 6
69 278 29 2
70 262 25 3
70 287 39 4
71 157 49 1
73 95 9 5
73 177 33 10
73 189 48 1
74 81 47 2
75 128 26 9
75 153 39 8
75 201 3 8
76 118 4 3
76 137 10 5
76 178 3 7
78 97 34 10
79 296 34 10
79 297 16 5
80 148 24 2
81 217 34 10
82 274 21 4
83 149 8 2
84 217 36 3
85 191 43 3
85 276 4 4
87 161 33 6
87 239 34 3
88 138 4 4
89 112 46 8
89 157 26 10
89 200 9 6
89 276 34 3
90 91 43 7
90 92 11 2
90 93 28 2
90 94 13 3
90 95 8 5
90 96 26 4
90 97 3 5
90 166 8 3
90 169 31 2
90 260 7 10
91 92 1 2
91 93 23 10
91 98 17 5
91 99 14 4
91 100 39 8
91 101 28 7
91 191 12 1
91 201 2 9
91 212 24 7
91 233 11 10
91 238 1 2
91 262 18 7
92 93 5 2
92 102 35 5
92 103 35 1
92 104 47 7
92 105 24 4
92 115 27 3
92 128 27 4
92 142 47 1
92 230 38 4
92 287 21 7
93 106 16 10
93 107 44 8
93 108 3 7
93 109 2 9
93 114 15 10
93 144 29 10
93 200 36 4
93 213 43 1
93 278 40 2
93 279 35 1
94 173 45 5
94 256 9 3
94 288 45 7
95 264 35 3
99 185 36 10
99 240 34 3
103 173 23 9
103 203 12 10
103 253 45 8
104 238 17 10
104 283 29 2
104 286 38 5
105 126 33 5
105 179 13 5
106 111 48 7
108 283 42 3
109 208 49 9
110 111 50 9
110 112 24 5
110 113 14 8
110 114 36 6
110 115 46 2
110 116 28 6
110 117 18 4
110 118 1 8
110 119 47 2
110 120 7 7
110 210 45 5
110 215 46 10
110 275 27 5
111 112 34 2
111 113 50 10
111 114 19 6
111 115 35 7
111 121 45 7
111 122 42 5
111 123 7 6
111 124 24 5
111 125 11 10
111 143 17 5
111 200 14 7
111 211 40 10
111 234 50 10
111 260 26 6
111 289 29 8
112 113 43 2
112 114 11 8
112 115 1 1
112 126 36 9
112 127 20 5
112 128 40 5
112 129 40 10
112 130 29 2
112 131 46 2
112 165 35 4
112 262 11 1
113 114 18 6
113 115 15 5
113 131 14 5
114 115 22 2
114 132 39 6
114 133 24 9
114 134 44 1
114 135 21 1
114 136 42 7
114 137 47 9
114 146 3 2
114 167 31 9
114 190 16 10
114 230 46 4
115 138 46 8
115 139 7 3
115 143 10 1
115 191 5 5
115 200 1 4
115 278 22 8
116 190 41 1
116 204 5 1
118 225 10 2
119 170 17 7
119 183 38 3
119 276 12 8
120 253 12 7
121 276 27 3
122 167 11 8
123 127 17 3
123 139 6 7
123 171 24 8
123 225 29 1
123 240 15 6
123 265 42 9
124 199 17 4
124 241 1 4
124 246 12 10
125 179 10 10
127 191 37 4
129 145 7 6
129 162 24 4
129 253 40 10
131 132 31 5
131 159 49 7
132 140 38 3
132 288 28 1
134 257 44 7
137 156 39 5
137 230 17 10
137 273 17 9
139 244 26 8
140 141 27 6
140 142 9 5
140 143 41 8
140 144 9 8
140 145 15 10
140 146 4 4
140 147 2 8
140 148 18 3
140 149 5 10
140 190 11 8
140 212 2 10
140 261 38 7
140 277 24 9
141 142 17 10
141 143 14 9
141 144 11 5
141 150 6 9
141 168 1 6
141 181 46 1
141 219 4 3
141 260 35 3
142 143 21 6
142 144 23 4
142 151 34 8
142 152 3 1
142 153 17 7
142 154 17 10
142 155 11 6
142 200 29 6
142 213 8 10
142 223 27 1
142 230 9 3
143 144 39 4
143 156 37 4
143 157 9 10
143 158 12 2
143 159 10 7
143 166 21 10
143 233 14 5
144 160 34 4
144 161 10 2
144 162 21 8
144 163 14 3
144 164 47 10
144 191 3 9
144 200 1 5
144 276 8 3
144 280 12 9
145 207 37 9
145 281 25 2
146 175 32 8
146 183 37 6
147 188 24 9
147 191 1 3
153 178 45 6
154 188 30 1
157 163 27 3
157 264 47 4
158 196 21 9
159 260 28 9
162 249 29 2
163 191 27 4
164 291 8 8
165 166 16 10
165 167 16 6
165 168 39 6
165 169 28 10
165 170 47 6
165 171 43 1
165 172 16 9
165 173 36 7
165 174 35 5
165 191 16 1
165 277 10 9
166 167 20 1
166 168 2 6
166 169 6 7
166 175 36 9
166 176 46 9
166 177 46 1
166 178 28 10
166 179 31 5
166 230 40 2
166 235 15 9
166 261 7 10
167 168 36 10
167 169 33 5
167 177 31 3
167 180 17 9
167 181 10 5
167 182 48 5
167 191 49 1
167 193 50 5
168 169 34 8
168 183 30 1
168 184 8 6
168 185 44 5
168 200 46 7
168 211 38 5
168 261 22 5
168 279 13 4
169 186 12 10
169 187 2 5
169 188 40 2
169 189 16 4
169 197 34 8
169 200 29 8
169 210 46 1
172 241 37 5
174 276 20 2
176 213 30 3
177 186 39 4
180 191 37 9
182 184 33 8
183 209 19 9
188 233 35 5
190 191 37 6
190 192 27 5
190 193 26 1
190 194 22 2
190 195 11 4
190 213 31 5
190 232 30 9
190 261 39 8
190 279 10 9
191 196 1 2
191 197 32 4
191 198 49 8
191 199 11 4
191 200 41 5
191 233 49 4
191 261 21 8
191 279 11 4
196 274 37 2
196 277 41 4
197 230 3 6
200 201 42 1
200 202 1 2
200 203 16 2
200 204 18 1
200 205 45 9
200 211 46 1
200 214 19 2
200 260 11 6
201 206 48 10
201 207 44 4
201 208 2 7
201 209 24 1
201 213 4 10
201 217 37 1
201 231 33 7
201 238 36 7
201 239 31 9
201 248 28 6
201 260 9 8
201 275 25 9
201 277 43 1
202 232 39 1
204 232 37 5
204 298 1 6
209 264 42 8
210 211 39 2
210 212 24 7
210 213 14 3
210 214 2 1
210 215 46 5
210 216 9 1
210 226 48 10
210 299 15 2
211 212 19 6
211 213 5 1
211 217 8 7
211 218 10 10
211 219 49 10
211 276 17 5
212 213 32 3
212 220 20 8
212 221 17 10
212 222 46 7
212 235 15 5
212 261 16 6
212 276 14 8
213 223 18 5
213 224 49 1
213 225 43 1
213 226 48 10
213 227 43 10
213 228 23 10
213 229 23 10
213 231 20 1
213 262 14 7
213 286 45 8
214 271 48 4
215 297 6 9
220 265 2 1
221 277 49 2
225 233 33 5
225 243 40 9
229 281 26 4
230 231 21 10
230 232 12 7
230 233 6 3
230 234 2 2
230 235 45 6
230 236 26 3
230 237 20 9
230 250 19 7
230 260 2 1
231 232 34 4
231 233 15 1
231 234 26 8
231 235 5 9
231 238 7 2
231 239 50 4
231 240 43 7
231 241 15 5
231 242 9 10
231 262 33 4
232 233 29 4
232 234 19 5
232 235 10 8
232 243 3 3
232 244 37 8
232 245 43 2
232 246 39 5
233 234 49 3
233 235 18 3
233 247 19 1
233 248 16 6
233 249 46 4
233 250 40 2
233 251 24 6
234 235 3 10
234 252 35 8
234 253 14 5
234 254 47 10
234 264 25 5
234 278 27 3
235 255 37 7
235 256 1 5
235 257 32 10
235 258 47 9
235 259 15 10
235 274 30 5
235 278 31 2
241 261 31 1
241 275 28 1
243 266 9 1
248 277 14 3
249 266 46 10
249 276 23 4
252 271 25 10
260 261 21 6
260 262 24 2
260 263 21 6
260 264 23 2
261 262 19 5
261 265 32 2
261 266 18 8
261 267 45 4
261 268 12 1
261 269 49 5
261 270 5 5
261 276 8 10
262 267 43 9
262 271 17 7
262 272 10 10
262 273 37 5
262 274 17 2
262 277 42 10
272 285 46 9
273 195 32 4
275 276 17 3
275 277 6 10
275 278 8 9
275 279 41 8
275 280 23 6
275 281 14 4
275 282 26 1
275 283 27 6
275 284 27 4
276 277 27 7
276 278 44 8
276 279 27 3
276 285 46 2
276 286 27 7
276 287 3 5
276 288 29 10
276 289 5 9
276 290 31 1
276 291 33 4
277 278 29 7
277 279 35 7
277 292 15 2
277 293 1 7
277 294 36 9
278 171 2 7
278 230 17 9
278 279 1 7
278 295 27 4
278 296 41 4
278 297 9 9
279 282 37 1
279 298 18 7
279 299 12 1

0 82 20
1 106 44
2 81 58
3 8 11
4 56 17
5 236 15
6 134 53
7 119 61
8 37 16
9 14 6
10 108 16
11 253 43
12 283 70
13 265 35
14 215 46
15 94 72
16 186 16
17 72 30
18 149 9
19 51 24
20 109 49
21 107 51
22 250 39
23 174 24
24 26 9
25 36 30
26 124 30
27 226 39
28 100 25
29 70 33
30 137 67
31 74 14
32 207 35
33 244 24
34 43 2
35 256 21
36 163 24
37 161 24
38 18 13
39 220 7
40 264 58
41 246 35
42 240 38
43 273 34
44 290 7
45 218 29
46 2 36
47 55 22
48 154 30
49 258 58
50 4 31
51 129 62
52 222 10
53 41 13
54 125 5
55 3 17
56 263 15
57 288 53
58 255 20
59 257 52
60 245 13
61 38 57
62 135 5
63 15 18
64 99 47
65 289 8
66 219 34
67 205 29
68 242 3
69 50 23
70 199 24
71 59 9
72 44 14
73 151 21
74 64 10
75 89 89
76 171 32
77 146 37
78 182 29
79 291 9
80 202 28
81 25 11
82 267 21
83 239 79
84 5 43
85 35 10
86 296 37
87 223 39
88 189 20
89 34 58
90 173 22
91 123 84
92 206 31
93 204 14
94 32 58
95 118 6
96 58 30
97 97 18
98 153 62
99 249 46
100 248 30
101 177 82
102 272 17
103 197 28
104 274 41
105 31 29
106 28 8
107 221 15
108 40 42
109 299 7
110 172 26
111 185 57
112 254 45
113 269 45
114 281 22
115 298 11
116 147 43
117 287 44
118 286 43
119 60 22
