300 806 120

0 30 200
1 60 400
2 120 1000
3 180 1600
4 240 2400
5 300 3000

0 1500
1 1500
2 1500
3 1500
4 1500
5 2000
6 2000
7 2000
8 2000
9 1500
10 2000
11 1000
12 2000
13 1500
14 1000
15 2000
16 2000
17 2000
18 1500
19 2000
20 2000
21 2000
22 1500
23 1500
24 2000
25 1500
26 1500
27 1000
28 2000
29 2000
30 2000
31 1000
32 2000
33 2000
34 2000
35 1500
36 1500
37 1500
38 2000
39 2000
40 2000
41 1500
42 2000
43 1000
44 1500
45 1500
46 1500
47 1500
48 2000
49 1500
50 1500
51 1500
52 1500
53 1500
54 1500
55 1500
56 1500
57 2000
58 1000
59 2000
60 1000
61 1000
62 1000
63 2000
64 1500
65 1500
66 2000
67 2000
68 2000
69 2000
70 2000
71 1000
72 1500
73 1000
74 2000
75 1500
76 1500
77 1500
78 1500
79 1500
80 1500
81 1500
82 1500
83 2000
84 1500
85 2000
86 1500
87 2000
88 2000
89 1000
90 2000
91 1000
92 1000
93 2000
94 2000
95 1000
96 1000
97 1500
98 1000
99 1000
100 1500
101 2000
102 1000
103 1500
104 2000
105 1500
106 1000
107 2000
108 2000
109 1000
110 2000
111 1000
112 1000
113 1000
114 2000
115 1500
116 1500
117 1500
118 1500
119 1500
120 2000
121 1000
122 1000
123 1000
124 1000
125 2000
126 1000
127 2000
128 2000
129 2000
130 2000
131 2000
132 2000
133 2000
134 2000
135 1500
136 1000
137 2000
138 1000
139 1500
140 1500
141 1500
142 1500
143 2000
144 2000
145 1500
146 1000
147 2000
148 1500
149 1000
150 1500
151 1500
152 1000
153 2000
154 2000
155 2000
156 2000
157 2000
158 1000
159 1000
160 1000
161 1500
162 1500
163 1500
164 1500
165 1500
166 1500
167 500
168 1000
169 1000
170 1000
171 1000
172 2000
173 2000
174 2000
175 2000
176 2000
177 1000
178 1500
179 2000
180 2000
181 2000
182 2000
183 1500
184 2000
185 1500
186 2000
187 2000
188 2000
189 2000
190 1000
191 1000
192 1500
193 2000
194 2000
195 1500
196 1500
197 1500
198 1500
199 2000
200 1500
201 2000
202 1000
203 2000
204 2000
205 1500
206 2000
207 2000
208 2000
209 2000
210 1500
211 2000
212 1000
213 1000
214 1000
215 1000
216 1000
217 1500
218 1500
219 1500
220 1500
221 1000
222 1000
223 2000
224 1500
225 1000
226 1000
227 2000
228 2000
229 1500
230 1500
231 1500
232 2000
233 1000
234 2000
235 1000
236 2000
237 1000
238 1000
239 2000
240 1500
241 1500
242 1500
243 1500
244 2000
245 2000
246 1000
247 2000
248 1500
249 1000
250 2000
251 2000
252 2000
253 1500
254 1000
255 1000
256 2000
257 1500
258 1500
259 2000
260 1500
261 1500
262 1500
263 1000
264 1000
265 1000
266 2000
267 1500
268 2000
269 1000
270 1500
271 1000
272 2000
273 1500
274 2000
275 1500
276 1500
277 1500
278 1500
279 1500
280 2000
281 2000
282 2000
283 1500
284 1000
285 2000
286 2000
287 2000
288 1500
289 1000
290 1000
291 1500
292 2000
293 2000
294 2000
295 1500
296 2000
297 1000
298 2000
299 1000

0 1 33 5
0 2 19 1
0 3 47 9
0 4 30 9
0 5 2 6
0 25 26 7
0 26 26 4
0 75 5 7
0 140 19 5
0 150 29 1
0 198 29 1
0 224 10 8
0 241 26 10
0 260 20 6
0 261 17 10
1 2 50 4
1 3 3 4
1 4 36 1
1 6 3 2
1 7 33 4
1 8 3 7
1 9 49 6
1 10 50 6
1 11 22 9
1 12 27 10
1 30 36 8
1 73 40 8
1 111 19 8
1 116 28 1
1 119 30 9
1 194 5 1
1 219 39 7
1 241 34 3
1 270 17 9
1 277 38 9
2 3 46 3
2 4 38 8
2 13 50 4
2 14 32 10
2 15 34 1
2 16 24 3
2 17 49 1
2 51 41 3
2 114 39 7
2 160 42 3
2 161 45 8
2 219 14 2
2 253 47 6
3 4 16 2
3 18 3 3
3 19 45 10
3 20 42 10
3 21 40 10
3 23 30 8
3 81 8 3
3 142 3 3
3 195 5 9
3 270 9 2
3 279 47 7
3 290 43 10
4 22 4 2
4 23 1 5
4 24 18 2
4 36 31 5
4 37 34 10
4 50 21 4
4 141 2 7
4 151 29 10
4 193 10 1
4 294 28 8
6 178 28 5
6 200 11 5
7 75 12 4
9 87 25 5
9 163 49 4
9 202 32 10
10 72 45 9
12 217 4 7
13 42 45 1
14 41 33 4
15 220 15 1
17 253 45 5
17 260 12 6
18 38 21 10
18 68 3 8
18 173 42 2
18 270 47 1
19 48 17 10
19 165 48 5
20 175 7 6
20 288 15 8
21 53 3 3
21 218 41 6
22 137 18 7
22 150 48 10
23 245 22 6
24 148 27 4
24 206 48 5
24 286 6 6
25 26 19 9
25 27 41 1
25 28 7 2
25 29 19 9
25 30 19 9
25 31 49 1
25 32 43 1
25 33 24 5
25 35 35 7
25 47 5 7
25 51 37 3
25 57 45 6
25 116 34 7
25 161 38 7
25 163 37 9
25 197 12 1
25 201 3 10
25 210 23 8
25 260 3 6
25 261 11 5
25 270 45 3
25 295 7 3
26 32 44 6
26 34 21 2
26 37 14 10
26 47 20 3
26 54 27 3
26 75 39 10
26 81 13 5
26 91 44 8
26 118 20 6
26 140 49 8
26 141 50 3
26 150 3 3
26 151 46 5
26 195 4 7
26 216 2 7
26 217 49 3
26 240 8 1
26 243 36 3
26 270 7 7
26 275 7 1
26 277 13 9
27 119 5 8
28 49 19 3
28 130 17 9
29 55 14 8
29 164 3 2
30 172 27 9
31 177 46 3
32 64 7 3
32 201 25 10
33 90 14 5
33 279 30 5
34 145 4 2
34 176 19 1
34 185 9 6
35 36 11 10
35 37 29 8
35 38 7 10
35 39 40 10
35 40 43 4
35 41 35 3
35 54 5 5
35 81 37 5
35 119 38 5
35 128 36 9
35 140 40 6
35 144 23 3
35 151 7 1
35 195 24 6
35 241 32 8
35 246 42 7
35 279 42 4
35 284 5 4
36 37 35 8
36 42 43 7
36 43 25 7
36 44 47 1
36 45 10 4
36 46 11 7
36 82 38 9
36 117 6 4
36 218 33 5
36 237 6 3
36 261 41 7
36 270 16 9
36 278 28 10
37 47 31 3
37 48 4 1
37 49 34 3
37 54 33 4
37 93 27 2
37 141 7 5
37 150 26 2
37 163 29 1
37 165 6 6
37 168 22 9
37 198 29 1
37 216 27 3
37 261 25 1
37 267 6 9
38 267 26 6
40 257 41 7
40 280 2 4
41 193 19 7
42 131 47 1
42 141 22 6
42 151 31 7
42 278 20 6
43 164 49 8
43 183 28 6
44 57 46 9
44 266 14 8
44 274 36 8
45 151 35 2
45 157 27 7
46 280 24 3
47 125 33 1
47 214 17 5
48 65 12 4
49 78 28 6
49 198 26 1
49 241 40 10
50 51 50 1
50 52 10 2
50 53 36 5
50 54 10 7
50 55 11 5
50 56 32 10
50 57 41 10
50 58 3 8
50 59 32 6
50 116 42 6
50 118 34 9
50 140 1 10
50 150 48 10
50 161 50 6
50 179 43 1
50 197 16 5
50 215 6 1
50 270 21 4
51 52 6 2
51 53 6 3
51 54 49 5
51 60 44 10
51 61 26 10
51 62 5 2
51 63 22 1
51 105 26 1
51 116 43 8
51 128 5 5
51 172 3 4
51 215 22 1
51 242 47 2
51 261 39 8
51 276 40 1
52 53 49 8
52 54 15 8
52 64 28 8
52 65 50 2
52 66 7 6
52 67 29 1
52 68 36 10
52 195 15 5
52 237 14 5
52 261 16 6
53 54 19 6
53 69 13 4
53 70 20 10
53 71 12 8
53 72 21 6
53 73 33 9
53 80 29 6
53 126 20 4
53 227 23 9
53 270 25 3
53 276 32 4
54 74 26 2
54 82 31 1
54 141 23 3
54 150 18 7
54 162 46 2
54 243 44 7
54 267 14 2
55 103 33 4
56 69 25 8
57 262 24 9
59 84 9 8
59 148 22 7
59 172 19 6
61 160 43 3
62 111 20 4
62 213 35 3
64 218 47 1
65 222 23 6
66 70 31 1
66 267 32 9
67 229 22 3
69 205 18 1
70 140 2 6
72 160 18 1
72 259 10 5
72 296 3 8
73 116 40 1
75 76 41 7
75 77 31 4
75 78 12 4
75 79 16 9
75 80 47 4
75 81 12 7
75 82 9 10
75 83 23 1
75 84 38 1
75 85 7 7
75 161 16 3
75 216 7 7
75 270 12 9
75 275 50 8
76 77 8 3
76 78 50 9
76 79 31 5
76 80 24 1
76 81 8 3
76 82 47 9
76 86 35 2
76 87 17 5
76 88 44 10
76 89 14 1
76 90 27 6
76 91 20 8
76 92 16 10
76 171 48 7
76 270 22 10
77 78 23 10
77 79 47 5
77 80 7 9
77 81 50 9
77 82 28 5
77 93 44 6
77 94 23 1
77 95 36 5
77 116 7 9
77 198 17 10
77 260 2 4
77 263 32 1
78 79 39 5
78 80 20 8
78 81 33 4
78 82 18 7
78 96 31 9
78 97 11 2
78 98 35 7
78 118 19 3
78 141 23 8
78 156 38 7
78 297 31 10
79 80 40 8
79 81 33 9
79 82 21 2
79 99 3 7
79 100 17 5
79 101 29 10
79 121 33 1
79 150 12 8
79 260 31 3
80 81 6 7
80 82 40 5
80 102 23 4
80 103 20 5
80 104 44 1
80 105 8 1
80 151 26 6
80 195 45 3
80 216 34 7
80 243 27 8
81 82 46 10
81 106 33 4
81 107 48 8
81 108 22 4
81 109 32 1
81 110 21 9
81 160 30 6
81 240 7 1
81 278 29 9
81 289 9 5
82 111 42 7
82 112 42 3
82 113 6 3
82 114 14 2
82 141 6 9
83 93 10 3
83 240 2 7
83 295 7 3
84 102 16 5
84 126 24 8
84 186 29 1
85 153 6 7
86 104 25 3
90 141 1 3
93 224 31 8
93 295 1 3
95 246 11 9
95 278 9 5
97 256 47 10
99 138 34 6
99 243 36 1
100 182 24 6
101 148 31 6
101 261 8 10
102 150 48 7
102 191 15 8
103 106 4 2
103 187 46 4
105 294 40 4
106 270 37 5
107 256 25 6
109 183 28 7
110 178 17 9
111 118 21 6
113 237 3 4
115 116 15 3
115 117 3 2
115 118 29 3
115 119 14 9
115 120 20 10
115 121 20 5
115 122 6 9
115 150 42 3
115 215 24 9
116 117 13 5
116 118 6 6
116 119 43 2
116 123 29 6
116 124 1 10
116 125 25 8
116 126 5 8
116 136 50 10
116 164 33 8
116 196 8 4
116 217 27 6
116 270 28 7
117 118 3 2
117 119 41 9
117 127 50 4
117 128 50 9
117 140 1 10
117 141 8 2
117 151 19 9
117 196 17 9
117 261 41 7
117 275 41 1
118 119 8 7
118 129 37 10
118 130 40 2
118 131 38 2
118 132 46 1
118 133 15 4
118 134 4 6
118 160 15 9
118 260 38 8
118 278 32 9
119 135 44 5
119 136 25 5
119 137 44 3
119 138 10 1
119 139 33 9
119 243 4 4
119 270 18 6
119 272 28 2
120 142 19 10
120 150 39 6
122 195 30 2
122 225 30 4
126 267 4 9
127 181 6 7
129 194 17 7
129 196 2 4
130 283 20 9
131 176 37 9
131 248 35 5
132 234 49 9
133 135 30 10
134 163 40 9
135 145 19 7
136 198 43 8
136 273 9 3
138 269 8 2
139 199 30 9
139 267 47 6
140 141 28 10
140 142 35 7
140 143 31 1
140 144 48 2
140 151 49 3
140 162 8 10
140 163 45 5
140 181 17 10
140 217 22 1
140 240 3 1
140 242 29 2
140 251 13 9
140 260 36 4
140 270 11 8
140 292 9 7
141 145 41 2
141 146 42 5
141 147 22 7
141 148 13 3
141 149 4 3
141 158 6 9
141 195 27 3
141 197 42 4
141 218 23 6
141 260 23 1
141 270 20 7
141 276 49 4
141 291 47 2
144 283 42 9
145 242 16 4
147 166 38 9
150 151 21 6
150 152 14 5
150 153 35 5
150 154 20 7
150 157 11 7
150 217 18 10
150 242 3 2
150 260 12 4
150 261 16 8
150 264 36 2
150 275 48 2
151 155 9 4
151 156 32 10
151 157 50 4
151 158 20 5
151 159 48 8
151 160 34 5
151 165 8 9
151 171 28 2
151 195 26 10
151 216 38 6
151 229 45 1
151 242 28 1
151 270 24 2
151 279 23 2
152 165 33 7
154 206 16 9
154 228 16 4
154 270 5 3
157 196 3 6
158 278 25 9
160 161 49 7
160 162 24 9
160 163 11 2
160 164 45 10
160 165 43 1
160 166 20 3
160 167 5 9
160 196 8 4
160 278 34 8
161 162 36 9
161 163 6 10
161 164 1 5
161 165 29 10
161 166 3 9
161 168 8 5
161 169 21 4
161 170 3 10
161 171 32 9
161 172 2 9
161 173 20 5
161 174 39 9
161 175 17 2
161 176 4 7
161 241 11 9
161 299 26 7
162 163 46 6
162 164 18 8
162 165 8 5
162 166 47 7
162 177 46 6
162 178 8 1
162 179 46 10
162 180 32 7
162 218 37 10
162 270 9 4
162 292 19 7
163 164 42 9
163 165 32 9
163 166 43 2
163 181 6 3
164 165 28 3
164 166 13 9
164 182 8 3
164 183 44 4
164 184 8 2
164 185 36 8
165 166 46 4
165 186 14 6
165 187 26 4
165 188 23 2
165 189 34 4
165 190 15 3
165 215 24 8
165 260 40 2
165 270 35 6
166 191 46 3
166 192 46 6
166 193 1 10
166 194 49 1
166 198 27 9
166 241 50 8
166 277 14 3
166 284 30 1
169 210 3 10
172 243 20 2
179 183 49 9
180 204 2 8
185 242 27 3
186 257 37 10
186 266 30 1
189 192 8 5
189 260 12 5
192 204 40 2
193 288 28 3
194 258 45 1
195 196 7 10
195 197 32 3
195 198 40 1
195 199 37 7
195 200 4 3
195 201 27 1
195 202 12 4
195 215 45 4
195 233 3 7
195 240 33 10
195 260 47 10
195 277 12 3
196 197 43 9
196 198 41 3
196 203 33 4
196 204 47 6
196 205 27 8
196 270 4 8
196 293 18 9
197 198 19 4
197 206 5 6
197 217 25 7
197 282 22 4
198 207 29 1
198 208 10 9
198 209 18 3
198 210 17 8
198 211 12 6
198 212 24 8
198 213 32 8
198 214 32 3
198 243 15 3
198 261 40 4
198 270 41 3
198 275 13 10
199 224 14 2
200 221 19 5
203 293 42 2
204 270 8 8
205 250 6 8
207 261 24 7
209 217 7 6
210 244 30 6
210 270 31 10
211 293 5 2
213 243 20 2
215 216 43 8
215 217 40 10
215 218 21 10
215 219 43 7
215 220 42 1
215 240 42 8
215 261 46 1
216 217 39 3
216 218 4 6
216 219 30 5
216 221 44 3
216 222 25 2
216 279 43 9
217 218 28 8
217 219 18 4
217 223 5 9
217 224 14 2
217 225 49 3
217 226 22 4
217 240 40 7
217 278 22 10
218 219 22 3
218 227 47 7
218 228 30 2
218 229 13 9
218 230 44 7
218 231 16 9
218 232 9 5
218 270 36 7
219 233 26 8
219 234 9 2
219 235 13 1
219 236 38 3
219 237 33 8
219 238 4 1
219 239 20 5
219 261 39 9
219 270 41 10
220 248 34 7
222 284 19 8
224 277 14 9
228 231 6 8
228 294 27 3
230 243 47 4
230 246 31 2
230 287 22 8
240 241 21 8
240 242 21 7
240 243 3 5
240 244 8 10
240 245 5 1
240 246 7 3
240 247 21 6
240 270 42 1
241 242 10 2
241 243 1 4
241 248 18 5
241 249 15 10
241 250 4 7
241 251 46 5
241 260 24 4
241 270 13 8
241 277 8 8
242 243 41 2
242 252 45 9
242 253 26 10
242 254 18 3
242 255 17 2
242 256 27 1
242 257 2 6
242 261 16 9
242 262 13 8
242 278 10 2
243 256 17 8
243 258 42 4
243 259 37 6
247 291 30 3
256 292 23 9
260 261 22 4
260 262 8 3
260 263 42 4
260 264 2 4
260 265 8 3
260 270 24 6
260 278 25 7
260 279 37 5
260 282 3 7
261 266 43 5
261 267 49 10
261 268 47 6
261 269 37 3
261 270 23 3
265 271 21 8
270 271 4 8
270 272 44 6
270 273 14 2
270 274 36 9
270 275 5 6
270 276 16 8
270 282 38 9
272 278 14 9
273 194 12 6
275 276 18 1
275 277 13 8
275 278 43 9
275 279 15 2
275 280 22 2
275 281 18 8
275 282 2 3
275 283 31 2
275 284 40 2
276 277 47 4
276 278 3 7
276 279 25 7
276 285 48 7
276 286 17 1
276 287 6 9
277 278 16 2
277 279 45 6
277 287 41 10
277 288 5 6
277 289 18 3
277 290 10 4
277 291 40 2
277 292 40 1
277 293 5 5
277 298 13 6
278 279 22 3
278 294 14 2
278 295 40 10
278 296 2 1
279 297 4 8
279 298 10 3
279 299 14 10

0 21 20
1 251 27
2 244 18
3 155 3
4 114 29
5 204 25
6 40 57
7 24 36
8 184 5
9 16 9
10 156 33
11 90 14
12 176 23
13 7 10
14 128 19
15 120 25
16 203 43
17 207 33
18 88 23
19 296 3
20 34 13
21 252 23
22 74 6
23 29 12
24 143 7
25 234 16
26 188 9
27 266 49
28 42 119
29 194 76
30 293 46
31 130 19
32 209 6
33 134 29
34 67 14
35 59 41
36 157 57
37 181 7
38 174 18
39 228 39
40 282 38
41 63 14
42 250 5
43 292 58
44 39 16
45 8 2
46 285 30
47 175 17
48 274 32
49 281 7
50 32 79
51 268 24
52 298 15
53 236 23
54 256 97
55 172 45
56 187 35
57 38 37
58 28 20
59 186 41
60 66 26
61 15 13
62 108 13
63 180 15
64 68 12
65 12 8
66 129 15
67 48 20
68 6 9
69 272 53
70 247 25
71 133 28
72 201 36
73 189 36
74 10 42
75 154 19
76 5 2
77 199 23
78 33 47
79 182 23
80 93 64
81 294 45
82 137 20
83 193 22
84 70 33
85 104 33
86 69 12
87 232 4
88 85 5
89 153 19
90 245 18
91 101 20
92 173 38
93 132 24
94 127 19
95 57 47
96 287 26
97 110 15
98 19 28
99 20 37
100 30 58
101 144 74
102 125 37
103 286 12
104 239 12
105 208 6
106 131 91
107 227 16
108 206 32
109 211 9
110 94 5
111 87 15
112 107 35
113 17 53
114 83 28
115 147 25
116 179 77
117 223 3
118 259 22
119 280 31
