300 805 120

0 30 200
1 60 400
2 120 1000
3 180 1600
4 240 2400
5 300 3000

0 1500
1 1500
2 1500
3 1500
4 1500
5 2000
6 2000
7 1500
8 2000
9 2000
10 1500
11 2000
12 2000
13 1000
14 1000
15 2000
16 1500
17 1500
18 2000
19 2000
20 2000
21 2000
22 1000
23 2000
24 2000
25 1500
26 1500
27 1500
28 1500
29 1000
30 1500
31 1500
32 1500
33 1500
34 1500
35 1500
36 1500
37 2000
38 2000
39 2000
40 1000
41 1500
42 2000
43 1000
44 1000
45 1000
46 2000
47 2000
48 2000
49 1000
50 2000
51 1000
52 2000
53 1500
54 1000
55 1000
56 2000
57 1000
58 1500
59 2000
60 1000
61 2000
62 1000
63 2000
64 1500
65 1500
66 1500
67 1500
68 1500
69 1000
70 1000
71 2000
72 2000
73 1500
74 2000
75 1500
76 1000
77 1000
78 1000
79 2000
80 2000
81 1000
82 1000
83 2000
84 2000
85 1500
86 1500
87 1000
88 1500
89 1500
90 1500
91 1500
92 1500
93 2000
94 1000
95 2000
96 2000
97 1000
98 1000
99 1500
100 500
101 1500
102 1500
103 1000
104 1500
105 1500
106 1500
107 2000
108 2000
109 2000
110 1500
111 1000
112 2000
113 1000
114 2000
115 2000
116 1000
117 2000
118 2000
119 2000
120 2000
121 1000
122 2000
123 1500
124 1000
125 1500
126 1500
127 1000
128 1500
129 1000
130 2000
131 1000
132 1500
133 2000
134 2000
135 1500
136 1500
137 1500
138 2000
139 2000
140 1500
141 2000
142 2000
143 1500
144 2000
145 1000
146 1000
147 1000
148 1000
149 2000
150 1500
151 1500
152 1500
153 1500
154 1500
155 2000
156 2000
157 1500
158 2000
159 1000
160 2000
161 2000
162 1000
163 1500
164 2000
165 2000
166 2000
167 1000
168 1000
169 2000
170 1500
171 2000
172 1500
173 2000
174 1000
175 1500
176 1500
177 1500
178 1500
179 1500
180 2000
181 1000
182 1000
183 2000
184 2000
185 1000
186 2000
187 1500
188 1500
189 1000
190 2000
191 2000
192 1000
193 2000
194 1500
195 2000
196 1500
197 2000
198 2000
199 2000
200 1500
201 1000
202 1500
203 2000
204 2000
205 1000
206 2000
207 1000
208 2000
209 500
210 1500
211 1000
212 1000
213 1000
214 1000
215 1500
216 1500
217 2000
218 1000
219 1000
220 2000
221 2000
222 1000
223 2000
224 1000
225 1500
226 1500
227 1500
228 1500
229 2000
230 2000
231 1000
232 1500
233 1000
234 2000
235 2000
236 1000
237 2000
238 1500
239 2000
240 1000
241 2000
242 2000
243 2000
244 2000
245 1000
246 1500
247 1500
248 1500
249 1500
250 1500
251 1000
252 1000
253 1500
254 2000
255 2000
256 1000
257 1000
258 1000
259 2000
260 2000
261 1500
262 1000
263 2000
264 1000
265 2000
266 1500
267 1500
268 1000
269 2000
270 2000
271 2000
272 1000
273 1000
274 1500
275 2000
276 2000
277 2000
278 2000
279 1500
280 1500
281 1500
282 1500
283 1500
284 1500
285 2000
286 2000
287 2000
288 2000
289 2000
290 2000
291 1000
292 2000
293 1000
294 2000
295 2000
296 1500
297 2000
298 2000
299 1500

0 1 29 2
0 2 39 10
0 3 49 9
0 4 48 3
0 5 29 2
0 6 50 2
0 7 7 8
0 8 16 7
0 12 6 9
0 24 50 6
0 26 46 4
0 54 39 2
0 61 3 7
0 125 16 7
0 165 29 10
0 170 30 7
0 182 39 8
1 2 9 7
1 3 18 9
1 4 5 4
1 9 18 1
1 10 17 3
1 11 18 8
1 12 47 8
1 13 26 7
1 14 20 7
1 15 1 2
1 16 7 4
1 17 17 6
1 25 21 2
1 36 33 5
1 126 7 2
1 216 28 1
2 3 14 4
2 4 31 3
2 18 34 6
2 19 16 3
2 48 15 10
2 68 21 3
2 135 42 10
2 148 49 2
2 177 14 3
2 201 36 1
2 216 16 2
2 283 50 5
3 4 16 5
3 20 38 10
3 21 7 2
3 65 19 10
3 91 26 1
3 136 39 6
3 228 24 4
3 251 7 10
3 282 37 10
4 22 25 3
4 23 30 10
4 24 26 1
4 25 1 6
4 35 36 6
4 44 48 9
4 87 4 7
4 150 13 4
4 152 33 2
4 170 26 4
4 172 25 4
4 202 8 7
4 226 2 1
4 242 12 6
5 23 3 8
5 261 9 4
6 88 37 10
6 234 3 3
6 288 8 6
7 9 29 9
8 114 23 1
10 73 15 5
10 99 29 7
10 235 8 9
10 278 39 10
11 15 33 4
11 25 28 8
11 172 6 7
12 119 27 1
12 279 30 8
14 225 38 6
14 249 4 2
16 48 34 4
17 138 36 9
18 120 36 4
18 254 39 2
20 154 31 10
20 202 44 7
22 135 2 2
22 170 42 10
24 105 30 2
24 135 38 5
24 198 41 5
25 26 20 3
25 27 14 6
25 28 46 4
25 29 23 1
25 30 38 8
25 36 13 7
25 57 46 10
25 58 22 6
25 65 44 5
25 68 17 9
25 88 27 5
25 90 29 2
25 96 40 10
25 125 38 3
25 136 23 8
25 137 16 6
25 151 5 10
25 152 45 6
25 170 33 3
25 178 10 5
25 179 1 8
25 198 40 1
25 202 11 2
25 216 29 8
25 225 12 4
25 227 24 1
25 236 31 4
25 248 36 1
25 251 9 1
25 279 9 2
25 280 15 10
25 283 22 10
25 293 16 1
26 120 12 4
26 133 23 9
27 183 36 4
27 272 8 1
27 290 19 8
28 265 32 2
28 295 48 6
30 31 44 5
30 32 23 6
30 33 8 8
30 34 6 6
30 35 15 9
30 36 23 6
30 37 7 3
30 38 47 1
30 39 32 9
30 40 21 8
30 41 7 7
30 67 6 5
30 83 17 6
30 269 34 3
31 32 37 2
31 33 13 8
31 34 46 2
31 35 19 8
31 36 49 5
31 42 9 10
31 43 42 7
31 44 44 5
31 45 21 3
31 164 38 3
31 227 37 2
32 33 9 7
32 34 7 9
32 35 25 7
32 36 5 7
32 46 1 3
32 47 39 6
32 48 45 1
32 49 18 5
32 50 25 5
32 51 44 3
32 65 43 7
32 125 23 10
32 136 37 4
32 200 21 4
32 248 32 7
32 282 43 2
33 34 6 7
33 35 25 7
33 36 8 8
33 52 28 8
33 53 26 4
33 54 30 5
33 57 3 10
33 136 37 9
33 215 29 5
34 35 49 9
34 36 29 1
34 55 13 7
34 56 26 10
34 57 20 4
34 58 37 9
34 85 19 7
34 89 5 4
34 153 49 5
34 197 32 4
34 202 2 6
34 216 1 3
34 272 44 8
35 36 49 6
35 59 32 8
35 179 48 2
35 226 47 5
35 248 9 8
35 282 36 7
36 60 29 6
36 61 32 10
36 62 14 7
36 63 13 10
36 64 36 4
36 125 32 3
36 170 44 3
36 175 38 1
37 139 10 2
37 191 15 4
37 243 6 10
38 71 44 2
38 196 9 5
38 286 39 7
39 198 44 5
39 200 29 1
39 261 18 7
39 267 2 8
41 168 40 6
41 269 23 7
41 283 13 2
42 176 5 5
43 137 30 2
43 179 1 7
44 280 16 8
46 56 32 7
46 266 28 10
47 161 15 3
48 56 48 5
48 125 41 5
48 188 35 8
50 170 22 4
51 73 29 8
52 160 12 2
53 158 30 1
54 121 42 7
55 140 20 7
56 99 13 9
56 132 34 7
56 165 19 10
56 260 29 7
58 91 14 7
58 158 4 8
60 200 29 7
61 86 26 2
64 265 4 4
64 290 13 6
65 66 5 1
65 67 20 1
65 68 41 10
65 69 39 1
65 70 18 5
65 125 35 4
65 153 38 7
65 175 45 1
65 215 4 9
65 226 49 4
65 239 44 10
66 67 24 5
66 68 6 3
66 71 11 10
66 90 2 6
66 139 33 10
66 293 15 2
67 68 38 3
67 72 46 5
67 73 44 3
67 74 28 5
67 75 5 9
67 76 38 5
67 77 6 5
67 92 27 3
67 115 27 1
67 126 35 5
67 137 20 9
67 170 15 5
67 202 2 3
67 212 42 8
67 226 28 2
67 283 18 1
68 78 37 9
68 79 10 6
68 80 33 4
68 81 38 1
68 82 43 8
68 83 45 7
68 84 32 9
68 135 34 4
68 152 10 3
68 170 29 9
68 201 11 1
68 216 25 8
68 248 27 6
68 249 23 8
68 282 18 5
69 94 15 7
69 202 1 1
70 248 44 6
71 267 48 1
72 90 6 10
72 216 10 5
73 139 16 9
74 177 13 1
75 136 48 10
75 225 50 5
75 276 40 10
75 297 27 3
76 205 14 9
76 256 16 2
80 280 31 9
81 124 7 9
81 238 43 10
81 293 12 8
82 126 35 10
84 238 38 4
85 86 14 6
85 87 13 1
85 88 17 9
85 89 41 3
85 90 33 9
85 91 2 6
85 92 31 10
85 93 25 4
85 94 18 6
85 95 8 3
85 96 46 4
85 170 39 4
85 176 22 7
85 266 50 5
86 87 29 9
86 88 18 3
86 89 7 8
86 90 17 3
86 91 16 10
86 92 48 10
86 95 50 8
86 97 5 6
86 160 25 4
86 170 26 7
86 176 24 7
86 216 7 3
86 220 25 7
87 88 1 5
87 89 4 3
87 90 40 10
87 91 31 5
87 92 38 3
87 98 36 10
87 99 27 6
87 100 6 10
87 101 21 5
87 125 44 9
87 150 14 6
87 167 3 3
87 227 33 8
87 248 48 9
87 283 4 7
88 89 22 8
88 90 38 9
88 91 20 5
88 92 35 10
88 102 32 1
88 103 22 10
88 104 23 9
88 105 43 1
88 106 32 6
88 137 4 5
88 202 2 6
88 249 42 6
88 256 32 10
89 90 3 2
89 91 18 9
89 92 2 2
89 107 22 2
89 108 33 9
89 109 20 6
89 110 16 1
89 111 41 6
89 112 33 6
90 91 50 3
90 92 9 5
90 104 5 4
90 113 9 4
90 114 45 7
90 115 3 7
90 116 24 9
90 117 44 2
90 118 29 2
90 137 37 7
90 189 48 5
91 92 47 7
91 119 25 5
91 120 20 1
91 126 47 9
91 216 10 3
91 283 37 1
92 121 7 9
92 122 44 5
92 123 11 4
92 124 27 8
92 140 35 2
92 151 28 10
92 201 22 3
92 226 6 1
93 151 8 7
94 267 8 8
96 102 35 9
97 202 37 5
98 104 10 4
98 152 18 9
99 146 3 1
101 108 18 6
101 149 25 9
104 220 38 5
104 245 19 8
104 282 6 9
105 273 49 2
106 197 40 6
108 125 16 2
108 163 24 7
108 183 36 4
108 234 27 1
110 134 13 6
111 162 42 10
112 150 3 1
112 194 11 9
112 226 25 2
113 218 26 3
113 284 50 6
115 292 20 1
121 125 20 2
122 143 33 9
123 221 25 9
125 126 37 7
125 127 6 6
125 128 47 10
125 129 27 4
125 136 40 1
125 150 40 4
125 153 1 2
125 170 5 2
125 176 4 3
125 201 11 5
125 245 29 5
125 246 50 10
125 260 26 6
125 280 37 3
125 281 14 4
125 291 11 6
126 130 36 7
126 131 28 3
126 132 39 1
126 133 33 2
126 134 31 10
126 137 31 10
126 170 41 10
126 179 14 5
126 200 21 1
126 216 43 3
126 226 1 5
126 227 41 3
126 252 28 6
126 272 2 5
127 148 22 3
127 152 10 7
128 270 29 7
129 200 19 1
134 199 3 7
135 136 48 3
135 137 6 3
135 138 32 1
135 139 29 2
135 140 40 8
135 141 40 8
135 142 19 9
135 153 40 7
135 175 13 6
135 191 41 5
135 216 44 2
135 225 41 6
135 250 18 5
135 283 41 4
135 289 41 3
135 294 7 10
136 137 38 3
136 143 27 8
136 156 25 5
136 176 40 8
136 215 41 9
136 226 42 2
137 144 10 9
137 145 22 9
137 146 19 9
137 147 35 6
137 148 46 10
137 149 29 10
137 153 37 7
137 170 32 8
137 200 8 8
137 202 35 10
137 249 40 8
137 256 5 5
137 282 7 10
138 225 43 1
140 178 34 3
140 180 17 4
143 150 43 2
149 267 18 6
150 151 4 4
150 152 24 3
150 153 7 4
150 154 15 2
150 155 48 1
150 156 47 10
150 157 23 1
150 158 50 4
150 202 16 9
150 204 29 8
150 211 4 10
151 36 30 9
151 152 47 3
151 153 12 8
151 159 40 3
151 160 24 8
151 161 39 6
151 162 36 6
151 163 2 9
151 167 11 3
151 170 13 5
151 204 18 6
151 215 10 3
151 218 36 10
151 227 21 9
151 247 22 5
151 251 2 5
152 153 45 4
152 164 28 3
152 176 46 1
152 219 35 9
152 227 15 5
153 165 45 7
153 166 15 4
153 167 8 5
153 168 2 4
153 169 6 8
153 202 27 3
153 215 11 4
153 266 17 3
153 281 47 8
153 283 4 8
154 216 50 7
154 243 22 9
155 261 8 4
156 274 17 2
157 208 9 1
158 191 11 1
158 235 46 3
159 232 10 6
161 232 21 3
163 253 36 1
164 277 48 4
165 271 1 3
166 210 2 9
168 227 45 8
170 171 42 9
170 172 5 5
170 173 7 9
170 174 21 9
170 175 31 3
170 179 18 10
170 199 23 3
170 200 15 5
170 215 46 1
170 216 28 7
170 217 31 8
170 225 20 4
170 227 9 4
170 250 23 10
170 251 36 7
170 281 22 8
170 283 40 10
170 285 9 3
171 225 29 5
172 267 11 7
175 176 13 3
175 177 30 1
175 178 22 6
175 179 31 9
175 180 14 10
175 181 11 3
175 182 40 4
175 200 37 1
175 216 38 10
175 282 16 2
175 298 6 2
176 177 6 6
176 178 21 7
176 179 11 1
176 183 36 2
176 184 18 4
176 185 29 4
176 186 42 2
176 187 23 5
176 227 47 8
177 178 1 3
177 179 44 8
177 188 36 6
177 189 25 10
177 190 43 2
177 191 28 5
177 192 37 5
177 193 37 3
177 215 28 2
177 225 39 8
177 245 7 6
177 283 3 2
178 179 13 8
178 194 25 4
178 195 12 1
178 196 41 7
178 197 8 7
178 249 8 8
178 252 25 3
178 287 50 5
179 194 30 5
179 198 26 3
179 199 37 7
183 228 48 2
184 253 28 9
185 187 41 9
185 192 35 3
187 242 29 5
193 237 45 4
194 268 34 1
200 201 50 8
200 202 39 6
200 203 7 9
200 204 2 3
200 205 8 1
200 206 7 6
200 207 19 1
200 208 33 10
200 216 21 4
200 225 11 2
200 251 20 4
200 270 44 3
200 282 19 3
201 202 8 8
201 209 12 7
201 210 46 6
201 211 19 9
201 215 21 1
201 226 44 1
201 245 5 5
202 203 16 7
202 212 46 5
202 213 38 5
202 214 14 5
202 278 1 9
202 283 8 3
205 216 1 8
210 216 40 2
210 217 16 7
211 247 49 4
213 215 30 5
215 216 15 4
215 217 47 6
215 226 37 8
215 235 21 9
215 251 31 4
215 281 48 5
216 218 48 2
216 219 21 3
216 220 1 6
216 221 33 9
216 222 27 3
216 223 36 6
216 224 15 5
216 226 24 10
216 247 45 9
217 235 38 2
220 276 32 6
225 226 8 4
225 227 40 9
225 228 15 1
225 229 16 5
225 282 50 6
226 227 41 3
226 228 31 8
226 230 8 7
226 231 25 5
226 232 24 7
226 233 19 6
226 234 11 1
226 235 1 2
226 236 39 2
226 237 14 9
226 280 13 5
227 228 40 3
227 238 49 10
227 239 24 10
227 240 37 8
227 241 24 1
227 243 38 6
227 250 15 1
228 242 10 9
228 243 30 5
228 244 9 3
228 250 18 6
229 299 4 1
235 274 25 4
235 277 4 9
239 284 44 10
243 286 37 2
245 246 6 4
245 247 25 10
245 248 14 1
245 249 30 9
245 250 15 9
245 251 45 10
245 252 8 7
245 253 14 9
245 281 25 8
246 247 49 4
246 248 2 7
246 249 15 7
246 250 38 5
246 251 48 9
246 254 33 7
246 255 16 10
246 297 24 1
247 248 14 1
247 249 6 2
247 250 14 10
247 251 8 9
247 256 32 1
247 257 39 10
247 258 20 1
247 287 23 2
248 249 3 3
248 250 40 9
248 251 29 3
248 257 14 9
248 259 46 9
248 260 10 9
248 261 14 2
248 262 17 9
248 263 9 4
248 264 17 2
248 265 16 7
248 267 50 6
249 250 20 3
249 251 24 7
249 266 17 10
249 267 46 4
249 268 44 9
249 269 1 3
249 270 38 6
249 271 50 9
249 272 4 9
249 273 21 9
249 283 18 3
250 251 45 8
250 274 20 2
250 275 7 2
250 276 35 5
250 277 15 4
250 278 36 9
251 279 42 6
259 269 32 8
259 279 28 2
259 286 31 9
261 274 1 6
262 268 21 7
263 294 48 5
274 195 21 2
280 281 15 10
280 282 9 2
280 283 4 2
280 284 45 3
280 285 48 6
280 286 48 2
280 287 47 10
281 282 17 10
281 283 5 7
281 288 14 2
281 289 47 3
281 290 41 2
281 291 23 4
282 283 21 9
282 292 9 10
282 293 20 10
283 294 7 5
283 295 3 7
283 296 20 1
283 297 33 6
283 298 9 8
283 299 30 6
288 296 44 10

0 38 98
1 108 94
2 166 5
3 290 51
4 9 29
5 6 47
6 263 30
7 254 45
8 15 22
9 294 26
10 286 91
11 20 43
12 169 3
13 195 9
14 118 13
15 142 5
16 120 26
17 72 23
18 234 15
19 93 23
20 243 63
21 223 25
22 156 39
23 237 18
24 277 33
25 56 69
26 149 19
27 39 82
28 130 23
29 107 9
30 8 18
31 5 11
32 221 15
33 96 71
34 122 19
35 295 19
36 161 25
37 217 62
38 197 28
39 74 9
40 242 29
41 204 29
42 265 21
43 18 72
44 144 7
45 23 16
46 275 2
47 289 21
48 276 23
49 19 11
50 141 13
51 229 12
52 63 8
53 48 72
54 184 29
55 59 8
56 206 2
57 80 14
58 259 45
59 260 17
60 208 17
61 186 20
62 190 22
63 203 15
64 171 20
65 241 17
66 42 4
67 278 48
68 235 35
69 61 37
70 230 4
71 298 10
72 199 19
73 180 21
74 79 5
75 11 39
76 21 2
77 109 7
78 193 29
79 164 69
80 160 25
81 155 16
82 112 23
83 83 43
84 285 18
85 191 26
86 24 56
87 115 32
88 173 4
89 47 28
90 270 67
91 297 57
92 119 35
93 134 22
94 288 43
95 37 16
96 198 90
97 292 9
98 183 103
99 165 50
100 52 14
101 133 35
102 114 48
103 46 40
104 158 44
105 138 64
106 71 47
107 12 55
108 255 5
109 271 22
110 239 64
111 269 49
112 117 28
113 244 3
114 50 33
115 95 39
116 220 39
117 139 25
118 287 59
119 84 30
