300 822 120

0 30 200
1 60 400
2 120 1000
3 180 1600
4 240 2400
5 300 3000

0 1500
1 1500
2 1500
3 2000
4 1000
5 2000
6 2000
7 1500
8 2000
9 2000
10 1000
11 2000
12 1000
13 1500
14 2000
15 1500
16 1000
17 1000
18 2000
19 2000
20 1500
21 1500
22 1500
23 1500
24 1500
25 1500
26 2000
27 1500
28 1500
29 1000
30 1500
31 2000
32 2000
33 2000
34 1000
35 1000
36 2000
37 2000
38 1500
39 2000
40 1000
41 1000
42 2000
43 1500
44 1000
45 1000
46 2000
47 2000
48 2000
49 1500
50 1500
51 1500
52 1500
53 2000
54 1000
55 1000
56 1000
57 2000
58 2000
59 1000
60 1500
61 1500
62 1500
63 1500
64 1000
65 1000
66 1000
67 2000
68 1500
69 1000
70 2000
71 2000
72 2000
73 2000
74 2000
75 1500
76 1500
77 1000
78 2000
79 1500
80 1500
81 1000
82 2000
83 1000
84 2000
85 1500
86 1500
87 1500
88 1500
89 1500
90 1500
91 1500
92 2000
93 1500
94 1000
95 2000
96 2000
97 1000
98 1000
99 2000
100 1500
101 1000
102 1000
103 2000
104 2000
105 2000
106 1000
107 2000
108 2000
109 1500
110 2000
111 1000
112 2000
113 2000
114 1000
115 1500
116 1500
117 1500
118 1500
119 1500
120 2000
121 1500
122 2000
123 2000
124 1000
125 2000
126 1500
127 2000
128 2000
129 2000
130 2000
131 2000
132 2000
133 1500
134 1500
135 2000
136 1500
137 2000
138 2000
139 1000
140 1500
141 1500
142 1500
143 1500
144 1500
145 1500
146 1500
147 1500
148 1500
149 1000
150 2000
151 2000
152 1000
153 2000
154 1000
155 2000
156 1500
157 1500
158 1000
159 2000
160 1000
161 1500
162 2000
163 1500
164 2000
165 2000
166 1000
167 1500
168 2000
169 2000
170 2000
171 1500
172 1000
173 1000
174 1000
175 2000
176 1000
177 1000
178 2000
179 2000
180 1500
181 1500
182 1000
183 1500
184 1500
185 1500
186 1500
187 1500
188 1500
189 1500
190 1500
191 2000
192 2000
193 1000
194 2000
195 1000
196 2000
197 1000
198 2000
199 2000
200 2000
201 2000
202 1500
203 1500
204 2000
205 1000
206 2000
207 1500
208 1500
209 2000
210 2000
211 1000
212 2000
213 1500
214 1500
215 1500
216 1500
217 1500
218 1500
219 1000
220 1500
221 1500
222 1000
223 2000
224 2000
225 1000
226 2000
227 2000
228 2000
229 2000
230 1500
231 2000
232 2000
233 1000
234 2000
235 1000
236 1000
237 2000
238 2000
239 1500
240 1000
241 2000
242 1500
243 2000
244 1500
245 1500
246 2000
247 1500
248 2000
249 1000
250 2000
251 2000
252 2000
253 1500
254 1500
255 1500
256 1500
257 2000
258 1000
259 2000
260 1000
261 1500
262 1000
263 2000
264 2000
265 1500
266 1000
267 1500
268 2000
269 2000
270 1500
271 1500
272 1500
273 1500
274 1500
275 1500
276 2000
277 1000
278 1500
279 2000
280 2000
281 1000
282 1000
283 1000
284 2000
285 2000
286 2000
287 1000
288 1000
289 1500
290 1500
291 2000
292 2000
293 1500
294 2000
295 1000
296 2000
297 1000
298 2000
299 2000

0 1 13 1
0 2 3 9
0 3 27 6
0 4 48 6
0 5 19 2
0 6 19 4
0 7 7 4
0 8 43 1
0 9 25 8
0 23 13 5
0 51 44 9
0 75 31 3
0 86 12 5
0 148 37 7
0 177 16 10
0 204 50 2
0 271 43 3
0 272 4 7
1 2 24 10
1 10 43 8
1 15 46 10
1 50 8 9
1 62 40 2
1 80 45 10
1 90 31 5
1 189 37 7
1 190 45 5
1 217 21 3
1 218 45 1
1 256 22 1
1 263 14 7
1 265 34 6
2 7 31 4
2 11 13 9
2 12 10 7
2 13 20 6
2 14 35 2
2 20 23 9
2 62 46 8
2 75 18 1
2 80 20 9
2 119 6 5
2 255 13 7
2 265 6 4
3 131 41 6
5 51 19 6
5 153 8 4
5 275 42 8
6 292 29 3
7 165 17 6
8 82 31 8
8 148 30 4
8 290 34 4
9 73 37 7
9 247 5 1
11 79 48 6
13 22 11 6
13 68 37 9
13 90 47 9
13 268 38 5
14 50 36 7
14 100 40 9
14 109 50 8
15 16 39 8
15 17 34 1
15 18 27 8
15 19 7 3
15 21 20 3
15 22 46 9
15 26 10 4
15 28 29 7
15 51 38 5
15 60 2 4
15 61 20 10
15 75 35 8
15 77 16 1
15 80 14 3
15 85 27 6
15 88 49 1
15 117 4 10
15 119 5 7
15 141 15 8
15 144 19 2
15 153 44 7
15 189 37 1
15 190 27 4
15 219 20 3
15 222 24 5
15 242 24 6
15 246 14 8
15 255 9 2
15 265 29 8
15 271 48 10
15 273 17 2
15 279 46 9
15 295 19 7
16 258 7 9
17 51 10 2
17 115 32 3
17 177 46 5
19 228 22 1
20 21 26 7
20 22 48 1
20 23 50 1
20 24 50 2
20 25 46 4
20 26 6 8
20 27 1 4
20 28 8 8
20 29 47 6
20 60 9 7
20 61 27 3
20 75 25 6
20 246 22 8
20 255 40 2
21 22 42 4
21 23 20 8
21 24 8 6
21 25 8 5
21 30 1 4
21 31 19 6
21 32 16 8
21 33 13 10
21 80 34 1
21 140 21 3
21 194 44 6
21 245 2 4
21 273 13 9
22 23 6 7
22 24 21 10
22 25 41 8
22 34 15 5
22 35 27 4
22 36 41 6
22 37 27 1
22 38 1 10
22 39 3 8
22 51 36 8
22 142 6 1
22 189 46 4
23 24 49 5
23 25 13 3
23 40 33 1
23 41 14 10
23 42 4 6
23 53 9 6
23 138 24 8
23 265 17 5
23 296 45 4
24 25 26 7
24 43 44 2
24 44 17 3
24 45 21 3
24 46 18 8
24 47 49 2
24 51 48 1
24 80 21 8
24 131 13 5
24 220 25 9
24 221 7 10
25 48 19 2
25 49 48 8
25 75 16 3
25 85 37 6
25 87 22 2
25 109 25 10
25 118 25 7
25 119 49 8
25 160 12 1
25 186 36 2
25 228 28 7
25 255 17 7
25 273 19 3
27 57 40 1
28 192 33 2
29 49 18 6
30 115 9 10
30 175 9 3
30 185 42 9
30 243 35 2
31 88 41 7
33 251 46 8
33 254 20 3
35 146 30 3
37 223 17 5
38 251 32 9
39 43 27 10
39 46 35 6
39 80 50 8
39 119 5 8
41 118 43 10
41 146 19 2
42 93 1 8
43 62 47 2
43 78 14 2
43 94 5 9
43 210 30 7
43 247 14 2
44 75 33 2
45 278 19 4
46 75 31 5
46 196 45 8
47 253 21 10
49 231 32 8
50 51 34 4
50 52 24 1
50 53 31 7
50 54 13 8
50 55 50 9
50 64 28 1
50 75 47 10
50 80 24 8
50 88 13 6
50 117 3 9
50 144 23 9
50 148 38 1
50 161 50 10
50 183 8 7
50 186 17 10
50 234 36 5
50 256 40 8
50 265 30 9
50 272 21 9
51 56 42 7
51 57 32 5
51 58 43 9
51 59 31 2
51 60 29 5
51 62 42 8
51 75 17 8
51 80 42 9
51 88 2 4
51 116 22 9
51 185 38 4
51 219 9 7
51 265 40 4
51 271 19 5
52 238 12 5
53 126 34 4
53 261 22 1
54 77 1 9
57 85 5 7
57 244 11 1
58 60 6 6
58 133 6 3
58 181 20 9
60 61 2 7
60 62 42 3
60 63 22 4
60 82 1 9
60 155 14 1
60 187 33 4
60 191 15 7
60 256 41 2
60 270 16 9
60 292 24 10
61 62 2 3
61 64 34 6
61 65 4 10
61 66 26 5
61 67 18 5
61 68 4 5
61 80 5 8
61 88 40 10
61 90 5 2
61 119 30 2
61 141 40 4
61 143 34 7
61 217 20 6
61 265 33 8
62 69 49 5
62 70 39 3
62 71 46 4
62 72 43 10
62 73 12 3
62 74 33 7
62 75 35 6
62 80 8 8
62 107 13 10
62 189 48 4
62 212 47 7
62 217 32 4
62 255 24 9
62 265 12 5
62 271 48 8
63 135 3 2
64 267 4 10
65 225 24 10
67 208 17 9
67 218 16 10
67 267 39 1
68 119 5 4
68 128 44 5
68 134 48 5
68 139 28 10
70 91 43 2
70 171 48 9
71 192 16 3
71 259 13 7
71 264 4 5
73 136 33 5
75 76 12 8
75 77 8 1
75 78 10 10
75 79 8 8
75 80 2 9
75 88 2 1
75 89 31 3
75 115 43 2
75 118 41 5
75 138 45 9
75 142 42 8
75 148 10 8
75 180 48 9
75 185 30 8
75 218 24 3
75 220 26 10
75 255 10 5
75 265 5 10
75 270 25 4
75 273 2 3
76 210 8 7
78 256 22 8
79 141 3 5
80 81 50 6
80 82 39 2
80 83 33 8
80 84 48 10
80 88 50 1
80 89 50 6
80 94 4 9
80 116 31 1
80 119 6 1
80 120 47 4
80 141 37 10
80 146 50 3
80 158 4 10
80 183 27 8
80 186 49 1
80 190 34 3
80 191 2 5
80 194 11 6
80 201 41 9
80 218 48 10
80 221 44 10
80 226 36 3
80 255 27 6
80 265 44 5
80 271 26 9
80 284 2 8
83 256 3 5
84 227 48 7
85 86 13 1
85 87 35 1
85 88 22 4
85 89 14 10
85 90 19 1
85 91 44 2
85 146 23 6
85 222 37 4
85 256 21 1
85 265 23 2
85 271 21 8
86 87 44 8
86 88 10 4
86 89 34 3
86 90 31 5
86 92 3 5
86 93 39 3
86 94 36 4
86 95 16 10
86 96 12 10
86 115 46 5
86 215 11 1
86 256 38 5
87 88 49 9
87 89 11 6
87 90 37 4
87 97 39 10
87 98 27 6
87 99 32 4
87 100 11 7
87 265 24 6
87 288 23 10
88 89 9 8
88 90 20 8
88 100 10 7
88 101 25 2
88 102 43 3
88 186 36 4
88 294 47 8
89 90 22 9
89 103 21 1
89 104 39 3
89 105 14 9
89 106 23 8
89 107 28 5
89 108 35 3
89 144 34 9
89 275 6 3
90 108 27 4
90 109 15 7
90 110 16 9
90 111 22 6
90 112 9 4
90 113 35 3
90 114 35 1
90 115 26 3
90 186 29 2
91 241 17 7
93 173 16 1
93 225 33 3
93 233 24 7
93 248 1 8
95 180 16 4
96 175 15 1
96 224 50 8
99 189 42 7
101 117 1 10
101 139 20 4
102 186 35 5
102 267 38 8
103 153 17 9
103 255 37 6
103 265 42 4
104 187 50 9
104 241 7 2
104 251 19 1
105 122 17 5
106 221 25 10
108 171 31 2
109 231 2 5
109 240 5 1
110 170 16 4
110 275 33 5
114 265 43 1
114 267 42 4
115 116 26 7
115 117 38 5
115 118 20 9
115 119 15 5
115 120 24 6
115 121 22 3
115 122 13 4
115 123 5 10
115 124 6 7
115 125 40 6
115 222 36 10
115 256 10 10
115 265 9 9
115 273 41 5
116 117 13 4
116 118 28 10
116 119 36 6
116 126 43 3
116 268 31 5
117 118 26 9
117 119 44 8
117 127 32 4
117 128 21 1
117 143 21 3
117 215 35 3
118 119 35 5
118 121 22 1
118 129 35 6
118 130 45 5
118 131 18 7
118 132 7 5
118 133 32 1
118 134 11 8
118 135 35 3
118 190 15 1
118 265 23 7
118 274 31 3
119 136 25 10
119 137 3 5
119 138 30 8
119 139 44 2
119 148 43 7
119 185 5 8
119 256 18 5
120 285 25 4
121 299 11 2
122 252 19 9
123 125 39 10
123 141 48 2
125 265 11 3
126 151 5 9
126 194 15 6
126 244 14 7
127 161 37 4
128 242 26 7
129 157 35 6
130 298 23 2
132 289 5 10
134 142 4 7
134 164 24 10
136 157 37 3
136 196 19 4
136 216 15 4
138 140 2 7
138 167 3 9
139 171 4 7
139 183 16 9
139 233 9 7
140 141 32 1
140 142 1 3
140 143 25 7
140 144 42 10
140 145 48 4
140 146 22 1
140 147 25 10
140 148 4 5
140 149 29 9
140 150 15 8
140 151 43 4
140 152 42 7
140 153 37 10
140 154 23 2
141 142 36 8
141 143 11 4
141 144 12 5
141 145 20 9
141 146 47 1
141 147 27 3
141 148 46 6
141 155 44 5
141 156 5 1
141 245 11 5
142 143 15 5
142 144 22 4
142 145 36 1
142 146 38 5
142 147 21 2
142 148 19 10
142 157 33 2
142 158 37 5
142 159 37 8
142 160 19 1
142 161 47 6
142 271 43 10
143 144 26 8
143 145 41 9
143 146 10 2
143 147 34 3
143 148 45 3
143 162 32 5
143 163 7 8
143 164 49 4
144 85 49 1
144 145 23 9
144 146 41 4
144 147 14 10
144 148 21 3
144 152 6 6
144 165 29 9
144 166 33 8
144 167 42 9
144 168 40 6
144 170 40 8
144 186 47 6
144 256 18 6
145 146 39 2
145 147 44 5
145 148 10 10
145 169 31 8
145 170 12 7
145 171 47 8
145 172 33 5
145 173 30 2
145 186 43 9
145 218 28 1
145 222 8 3
145 242 34 9
146 147 24 8
146 148 44 6
146 174 29 5
146 175 16 4
146 271 5 5
147 148 4 2
147 155 49 6
147 176 3 7
147 177 33 9
147 256 16 5
147 265 12 1
148 178 18 10
148 179 45 6
148 180 7 10
148 181 39 4
148 182 7 6
148 183 20 5
148 184 46 1
148 237 27 9
148 265 42 4
149 265 42 3
150 161 14 10
154 281 36 8
155 271 45 9
156 226 1 6
157 284 6 7
158 202 26 8
160 256 2 6
161 269 15 8
163 246 24 5
163 299 19 6
167 206 43 7
169 204 25 8
169 256 46 10
171 201 35 10
179 209 6 10
179 239 37 6
181 210 1 8
183 231 44 6
184 232 20 7
184 243 13 2
185 186 41 1
185 187 9 1
185 188 10 4
185 189 39 3
185 190 49 7
185 191 36 6
185 192 39 6
185 272 14 10
186 187 29 2
186 188 17 5
186 189 23 10
186 190 30 5
186 193 10 7
186 194 35 7
186 195 28 2
186 196 16 1
186 197 14 2
186 251 8 4
186 273 31 5
187 188 39 7
187 189 27 8
187 190 32 3
187 198 26 10
187 199 41 2
187 200 26 8
187 201 32 1
187 202 10 2
187 203 4 5
187 249 16 10
187 265 36 1
187 269 2 7
188 189 41 6
188 190 43 9
188 204 32 1
189 190 30 9
189 205 26 6
189 206 12 2
189 207 50 3
189 208 30 8
189 209 20 9
189 216 35 5
189 269 34 5
189 290 34 7
190 210 21 1
190 211 1 10
190 212 17 8
190 213 8 4
190 214 37 7
190 222 26 2
190 255 33 5
190 256 39 1
190 265 22 8
192 256 23 1
194 207 17 7
198 255 13 6
200 293 20 3
202 243 36 8
202 255 21 3
203 296 7 5
203 299 37 6
205 265 48 4
206 256 45 5
210 213 16 4
210 238 24 4
210 256 8 4
214 280 22 1
215 216 31 1
215 217 33 10
215 218 8 3
215 219 34 4
215 220 23 9
215 221 33 5
215 222 17 1
215 223 3 6
215 224 29 1
215 225 19 7
215 226 40 5
215 227 29 9
215 228 41 7
215 270 7 5
216 217 27 8
216 218 39 5
216 219 38 4
216 220 27 1
216 221 45 5
216 222 47 10
216 229 28 4
216 230 7 8
216 231 27 7
216 232 12 3
216 233 26 4
216 234 21 2
216 272 16 5
216 284 46 2
217 218 37 6
217 219 40 3
217 220 10 1
217 221 9 2
217 222 13 1
217 235 43 3
217 236 26 6
217 237 15 7
217 238 37 2
217 255 24 9
218 219 32 1
218 220 34 4
218 221 15 7
218 222 25 8
218 239 26 3
218 240 16 2
218 241 2 5
218 255 42 7
218 265 47 3
218 277 47 7
219 220 25 10
219 221 28 10
219 222 26 1
219 242 46 6
219 244 32 2
220 221 9 8
220 222 11 5
220 243 27 1
220 244 44 8
220 245 9 9
220 246 42 6
220 247 26 10
221 222 32 9
221 248 25 3
221 249 15 1
221 250 43 3
221 251 25 10
221 252 35 1
221 265 50 4
222 253 43 2
222 254 47 10
224 289 26 5
226 230 7 7
229 292 7 2
232 245 30 1
232 254 46 10
232 268 22 8
236 273 23 10
238 267 17 3
242 265 6 1
243 265 23 10
246 299 14 3
254 265 32 7
255 256 11 8
255 257 47 1
255 258 46 9
255 259 7 7
255 260 1 9
255 261 16 4
255 265 33 6
255 275 9 9
256 262 3 4
256 263 17 8
256 264 36 4
256 271 49 1
256 283 28 2
265 266 15 1
265 267 13 8
265 268 8 2
265 269 30 1
265 270 33 9
265 271 48 4
265 287 17 7
270 271 42 6
270 272 8 5
270 273 8 6
270 274 8 2
270 275 19 7
270 276 38 3
270 277 34 4
271 272 1 1
271 273 24 9
271 274 6 3
271 275 14 1
271 278 48 1
271 279 18 9
271 280 36 6
271 281 47 7
271 282 48 5
272 273 49 4
272 274 42 9
272 275 44 5
272 283 26 4
272 284 50 1
272 285 13 7
272 286 26 5
272 287 49 4
272 288 46 10
272 289 9 2
273 274 11 8
273 275 4 9
273 290 38 7
273 291 34 8
273 292 21 6
273 293 4 5
274 275 45 5
274 294 46 1
274 295 18 2
274 296 33 4
274 297 5 1
274 298 6 10
275 299 37 4
278 198 30 7

0 36 10
1 104 53
2 150 8
3 228 39
4 252 34
5 84 27
6 200 11
7 110 15
8 46 40
9 73 40
10 264 13
11 132 6
12 6 26
13 164 29
14 231 69
15 209 19
16 259 7
17 178 4
18 269 52
19 47 18
20 241 15
21 296 30
22 39 55
23 294 53
24 67 28
25 137 2
26 103 29
27 191 32
28 99 18
29 123 63
30 5 52
31 57 26
32 11 23
33 48 9
34 113 19
35 108 61
36 292 36
37 92 2
38 284 33
39 210 65
40 280 27
41 285 23
42 229 22
43 246 28
44 206 45
45 199 27
46 232 64
47 9 24
48 268 45
49 165 22
50 72 23
51 169 45
52 237 19
53 33 50
54 194 30
55 179 40
56 130 17
57 155 95
58 257 32
59 212 25
60 226 26
61 70 41
62 32 12
63 120 41
64 14 52
65 31 27
66 96 26
67 125 55
68 58 31
69 286 7
70 224 24
71 107 25
72 78 15
73 112 3
74 159 14
75 175 16
76 131 24
77 279 20
78 276 20
79 298 16
80 129 45
81 168 9
82 192 39
83 82 48
84 151 31
85 135 13
86 291 21
87 223 13
88 299 54
89 170 33
90 204 38
91 3 28
92 19 9
93 243 42
94 263 21
95 71 45
96 8 32
97 227 43
98 26 5
99 196 35
100 238 48
101 53 27
102 251 90
103 198 37
104 105 8
105 201 66
106 128 42
107 18 17
108 162 20
109 234 39
110 42 2
111 95 20
112 37 16
113 250 10
114 122 29
115 138 57
116 74 21
117 127 28
118 153 64
119 248 10
