300 826 120

0 30 200
1 60 400
2 120 1000
3 180 1600
4 240 2400
5 300 3000

0 1500
1 1500
2 1500
3 1500
4 1000
5 2000
6 1000
7 1000
8 1500
9 2000
10 1000
11 2000
12 1500
13 2000
14 1000
15 2000
16 1500
17 2000
18 2000
19 1000
20 1500
21 1500
22 1500
23 1500
24 1500
25 1000
26 1000
27 1500
28 2000
29 2000
30 1500
31 2000
32 2000
33 1000
34 2000
35 2000
36 2000
37 1500
38 2000
39 2000
40 2000
41 1000
42 1500
43 1000
44 2000
45 1500
46 1500
47 2000
48 1000
49 1500
50 2000
51 2000
52 2000
53 1000
54 1500
55 1500
56 1500
57 1000
58 2000
59 1500
60 2000
61 2000
62 2000
63 2000
64 1000
65 1500
66 1500
67 1500
68 1000
69 1500
70 1000
71 2000
72 2000
73 2000
74 1500
75 2000
76 1000
77 1000
78 2000
79 1500
80 1500
81 1500
82 1500
83 1500
84 1500
85 1000
86 2000
87 2000
88 1500
89 2000
90 1000
91 2000
92 2000
93 2000
94 1000
95 2000
96 2000
97 1500
98 2000
99 2000
100 1500
101 2000
102 1500
103 2000
104 1000
105 1500
106 1500
107 1500
108 1500
109 1500
110 1000
111 1000
112 1500
113 1000
114 2000
115 2000
116 1500
117 2000
118 1000
119 2000
120 2000
121 1000
122 2000
123 2000
124 1500
125 2000
126 1500
127 2000
128 2000
129 1500
130 1500
131 1500
132 1500
133 1500
134 1500
135 1500
136 1500
137 1500
138 2000
139 2000
140 2000
141 2000
142 1500
143 1500
144 2000
145 1000
146 2000
147 1500
148 1000
149 2000
150 1000
151 1000
152 1000
153 2000
154 1000
155 1000
156 2000
157 2000
158 2000
159 2000
160 2000
161 1500
162 2000
163 2000
164 1000
165 1000
166 1000
167 1000
168 2000
169 1500
170 1500
171 1500
172 1500
173 1500
174 1500
175 1500
176 2000
177 1500
178 1000
179 1000
180 1000
181 2000
182 1500
183 1000
184 2000
185 2000
186 2000
187 1000
188 1000
189 2000
190 1000
191 1500
192 1000
193 1500
194 2000
195 1500
196 1500
197 1500
198 1000
199 2000
200 2000
201 1500
202 2000
203 1500
204 2000
205 2000
206 1500
207 2000
208 1000
209 2000
210 1500
211 1500
212 1500
213 1500
214 1500
215 1500
216 1000
217 2000
218 1000
219 1500
220 2000
221 2000
222 2000
223 1500
224 1500
225 2000
226 1000
227 2000
228 1500
229 1000
230 2000
231 2000
232 2000
233 1000
234 1000
235 1000
236 1500
237 2000
238 2000
239 2000
240 1500
241 1500
242 1500
243 1500
244 1500
245 1500
246 1500
247 1500
248 1500
249 2000
250 1000
251 1000
252 2000
253 2000
254 1000
255 2000
256 1000
257 2000
258 2000
259 1000
260 1500
261 2000
262 1000
263 2000
264 2000
265 2000
266 1000
267 1000
268 2000
269 1000
270 1500
271 1000
272 2000
273 1000
274 2000
275 1000
276 1000
277 2000
278 2000
279 2000
280 1500
281 1500
282 2000
283 1500
284 1500
285 1500
286 1500
287 1500
288 2000
289 1000
290 2000
291 1500
292 2000
293 2000
294 2000
295 1000
296 1000
297 2000
298 1000
299 2000

0 1 15 8
0 2 48 9
0 3 39 10
0 4 31 3
0 5 36 9
0 6 30 3
0 23 8 7
0 45 11 9
0 54 24 9
0 66 26 5
0 67 34 3
0 103 18 4
0 106 7 2
0 130 42 3
0 195 38 4
0 196 21 5
0 271 15 4
1 2 16 7
1 3 14 3
1 7 13 2
1 25 28 10
1 26 32 5
1 56 47 2
1 135 19 2
1 151 21 2
1 230 15 7
1 287 44 8
2 3 48 10
2 8 50 4
2 9 8 1
2 10 40 10
2 24 18 9
2 83 6 7
2 100 19 3
2 105 48 4
2 174 48 9
2 212 33 10
2 247 4 10
2 280 7 5
2 291 39 2
2 296 37 2
3 11 41 10
3 12 35 10
3 13 7 5
3 14 33 7
3 15 47 8
3 16 39 7
3 17 35 3
3 18 45 8
3 19 29 5
3 45 25 5
3 49 25 1
3 81 38 6
3 173 14 4
3 215 36 5
3 246 36 4
3 280 36 10
3 286 32 5
4 100 9 10
5 108 10 3
5 232 11 2
6 109 37 10
6 250 31 10
7 280 15 3
8 141 3 10
8 212 34 1
8 218 9 5
9 46 8 4
10 42 44 7
10 286 5 1
11 174 22 6
12 38 15 4
12 150 46 4
12 165 38 4
12 236 24 10
13 116 1 4
13 177 38 3
13 248 2 1
15 143 8 10
15 210 47 6
16 139 48 7
16 270 33 4
17 223 35 6
18 278 17 10
19 218 27 9
20 21 41 9
20 22 8 9
20 23 33 3
20 24 36 1
20 25 43 10
20 26 43 6
20 27 28 5
20 28 26 1
20 29 4 1
20 30 17 8
20 31 37 6
20 134 15 2
20 136 2 3
20 170 1 9
20 196 15 5
20 230 32 1
21 22 46 7
21 23 23 5
21 24 16 6
21 32 45 8
21 33 33 5
21 34 41 2
21 35 35 5
21 45 21 10
21 56 31 10
21 65 39 7
21 106 44 7
21 197 50 9
21 214 10 7
21 239 10 10
21 243 31 6
21 285 42 9
22 23 41 10
22 24 10 7
22 36 15 3
22 37 10 6
22 55 43 7
22 65 4 4
22 82 17 7
22 210 43 6
22 245 18 7
23 24 11 2
23 38 22 3
23 39 38 8
23 40 28 7
23 45 25 2
23 86 33 9
23 139 20 6
23 170 18 6
23 285 10 9
24 41 11 7
24 42 35 9
24 43 4 1
24 44 32 5
24 71 4 2
24 81 4 4
24 100 49 7
24 105 9 1
24 119 34 2
24 221 48 1
24 261 11 5
24 280 41 7
26 223 38 1
26 271 8 3
27 99 13 3
29 211 40 5
30 92 22 4
30 170 26 4
30 259 8 8
31 108 48 4
31 203 40 3
31 249 10 4
32 244 18 7
33 66 30 5
34 45 15 9
34 49 45 10
34 263 11 6
36 161 6 2
36 299 37 4
37 194 45 2
37 197 40 7
37 206 3 8
37 223 19 6
38 100 29 2
38 125 10 1
38 157 25 3
38 215 32 9
39 82 35 5
39 112 43 3
39 224 33 6
40 124 24 5
40 142 50 8
40 261 1 6
42 139 1 10
44 159 5 4
44 242 23 5
45 46 20 7
45 47 19 2
45 48 7 8
45 49 33 2
45 50 35 7
45 51 12 1
45 52 10 2
45 56 47 7
45 80 46 3
45 100 28 10
45 114 32 5
45 130 50 3
45 173 30 8
45 195 24 4
45 280 15 10
45 287 35 3
46 53 44 1
46 54 37 2
46 67 33 6
46 80 21 4
46 100 45 10
46 105 23 9
46 108 8 1
46 137 8 7
46 139 4 1
46 171 18 4
46 197 48 3
46 212 41 7
46 215 9 8
46 228 11 1
46 244 33 6
46 245 13 3
46 260 5 2
46 280 6 9
46 286 30 7
47 74 46 6
47 116 23 2
49 139 3 5
49 239 12 7
51 71 7 2
52 102 42 3
52 253 34 3
53 151 10 4
54 277 17 9
55 56 1 1
55 57 35 8
55 58 23 7
55 59 34 7
55 60 23 6
55 61 38 3
55 65 33 1
55 83 25 10
55 100 41 7
55 106 39 5
55 144 40 4
55 156 32 2
55 172 15 2
55 195 1 6
55 213 33 3
55 217 14 8
55 222 28 3
55 240 14 2
55 243 44 9
55 280 6 2
55 287 24 4
56 59 19 7
56 62 17 8
56 63 6 8
56 64 30 4
56 67 20 8
56 81 47 8
56 86 14 8
56 100 21 1
56 107 12 7
56 133 33 7
56 134 40 9
56 168 46 9
56 173 1 7
56 191 21 9
56 197 8 4
56 213 44 2
56 233 36 3
56 280 8 6
56 281 32 6
56 285 30 4
59 176 30 4
59 250 21 6
60 260 47 4
64 100 7 9
64 143 36 1
65 66 14 3
65 67 35 4
65 68 11 4
65 69 42 10
65 70 21 10
65 83 12 4
65 93 30 5
65 100 28 1
65 107 46 10
65 170 4 2
65 173 50 6
65 181 26 7
65 196 39 5
65 247 49 3
65 280 10 10
66 67 18 5
66 71 28 5
66 72 2 4
66 73 42 6
66 83 12 6
66 124 47 2
66 125 39 7
66 133 32 9
66 136 48 9
66 140 4 9
66 213 32 10
66 215 36 5
66 246 37 9
67 74 34 5
67 75 8 2
67 76 21 10
67 77 17 7
67 78 2 1
67 79 29 4
67 100 12 4
67 108 23 8
67 184 35 4
67 197 50 5
67 232 32 2
67 280 16 1
67 287 15 2
68 174 11 9
69 194 25 8
69 230 10 3
69 280 9 2
70 145 19 5
73 280 13 9
74 253 24 3
76 188 13 3
79 93 31 2
79 137 7 5
79 176 17 10
79 237 25 5
80 81 44 5
80 82 48 4
80 83 27 7
80 84 24 7
80 85 19 8
80 86 39 6
80 87 8 5
80 88 19 9
80 89 36 7
80 90 33 5
80 100 6 1
80 134 3 3
80 171 35 10
80 210 33 6
80 212 20 7
80 260 30 3
81 82 38 2
81 83 2 1
81 91 6 5
81 92 24 2
81 93 19 8
81 94 29 8
81 100 17 6
81 135 4 10
81 197 33 1
81 280 18 8
82 83 46 3
82 87 27 9
82 95 24 2
82 96 45 4
82 217 33 5
82 280 44 6
83 97 44 4
83 98 50 8
83 99 27 2
83 107 25 3
83 108 42 2
83 167 30 7
83 171 2 7
83 197 46 9
83 241 43 9
83 242 49 7
83 282 22 7
83 285 10 3
83 286 19 2
84 268 17 8
84 286 14 2
84 293 31 8
85 226 13 8
87 195 5 4
88 158 36 8
88 195 23 5
88 224 17 10
89 184 24 1
90 197 42 7
91 169 42 5
92 191 35 4
93 287 31 9
95 115 48 8
95 206 48 7
96 159 44 1
97 128 13 6
97 235 45 9
98 101 48 2
98 285 32 2
99 129 20 2
99 294 18 9
100 101 22 2
100 102 10 6
100 103 20 5
100 104 40 3
100 106 50 9
100 107 41 2
100 124 7 6
100 130 17 5
100 134 44 2
100 171 1 3
100 172 27 9
100 192 7 3
100 195 48 5
100 197 2 1
100 207 23 6
100 210 36 9
100 215 37 2
100 233 9 8
100 240 21 10
100 247 43 5
100 255 10 4
100 257 45 8
100 270 15 7
100 280 34 6
100 286 2 7
100 287 42 5
101 175 19 2
102 218 12 7
102 227 4 1
104 147 24 8
105 106 38 9
105 107 8 10
105 108 45 8
105 109 19 3
105 110 37 8
105 111 28 8
105 112 13 2
105 169 3 4
105 196 18 3
105 221 42 6
105 280 49 4
106 107 31 9
106 108 15 10
106 109 27 1
106 113 24 7
106 114 46 1
106 212 27 7
106 221 16 9
107 108 35 3
107 109 40 6
107 115 11 4
107 116 9 3
107 117 4 7
107 130 28 4
107 170 49 8
107 269 27 8
108 109 9 8
108 118 37 10
108 119 27 3
108 120 30 6
108 121 15 5
108 122 26 5
108 123 12 2
108 124 1 3
108 172 46 6
108 195 24 3
108 243 25 10
108 286 40 9
109 125 40 3
109 126 35 8
109 127 11 6
109 128 6 4
109 129 36 4
109 136 13 9
109 165 8 4
109 210 2 2
109 243 31 6
109 280 45 5
109 285 40 5
110 191 49 5
113 134 31 7
114 232 12 3
114 272 8 1
116 131 21 8
116 175 50 2
116 254 49 6
117 281 20 6
119 223 36 9
120 279 37 7
120 280 28 7
121 172 42 2
121 247 17 8
124 290 46 3
126 205 35 2
126 225 21 2
127 147 44 3
127 176 13 9
128 189 26 5
130 131 13 6
130 132 2 9
130 133 3 3
130 134 12 8
130 135 40 7
130 136 43 5
130 137 10 2
130 138 15 4
130 139 42 5
130 140 46 8
130 141 50 1
130 142 14 9
130 280 2 5
131 132 45 2
131 133 41 6
131 134 29 2
131 135 20 6
131 136 39 10
131 137 39 7
131 143 28 2
131 144 9 10
131 145 24 6
131 146 35 6
131 147 39 2
131 148 12 8
131 170 9 1
131 197 17 7
131 243 47 5
131 290 33 10
132 133 10 4
132 134 39 7
132 135 37 9
132 136 17 2
132 137 38 5
132 149 19 7
132 150 42 3
132 151 6 7
132 152 31 7
132 196 36 4
132 280 24 10
132 285 21 7
133 134 38 3
133 135 45 5
133 136 24 6
133 137 25 5
133 153 41 10
133 154 26 9
133 155 16 6
133 171 32 1
134 135 13 1
134 136 42 8
134 137 8 3
134 156 29 2
134 157 2 3
134 158 11 8
134 188 3 1
135 136 22 10
135 137 32 2
135 159 50 10
135 160 34 6
135 200 20 7
135 245 15 8
136 137 43 10
136 161 37 3
136 162 41 6
136 163 16 3
136 164 39 1
136 165 12 3
136 166 45 4
136 167 48 10
136 213 44 10
136 214 29 1
137 168 43 8
137 169 35 8
137 287 35 4
137 299 42 1
139 162 16 8
139 176 2 4
139 193 25 2
139 249 31 8
141 207 4 5
142 190 36 7
142 255 46 3
144 241 3 4
146 170 24 3
147 218 6 10
148 280 12 1
152 201 20 2
152 270 8 10
152 275 50 4
155 229 42 7
156 210 33 2
159 209 39 1
160 280 34 3
161 239 17 3
161 290 3 8
163 239 47 10
164 273 17 9
164 280 15 3
165 201 24 4
165 271 44 10
166 295 7 1
167 280 17 6
168 219 1 1
169 177 20 8
170 171 22 2
170 172 31 2
170 173 2 7
170 174 42 2
170 175 49 6
170 176 2 5
170 177 44 9
170 178 30 7
170 179 27 3
170 180 48 3
171 172 18 1
171 173 16 1
171 174 42 4
171 181 12 7
171 182 47 5
171 183 5 6
171 195 22 6
171 271 38 5
172 173 36 9
172 174 31 2
172 184 12 5
172 185 20 2
172 186 45 7
172 187 50 10
172 280 50 1
173 174 20 7
173 188 17 3
173 189 48 9
173 190 11 6
173 245 29 4
173 275 16 10
173 280 5 3
174 191 5 3
174 192 48 6
174 193 5 2
174 194 28 9
174 197 25 1
174 207 32 10
174 212 15 2
174 214 36 10
174 246 10 2
174 285 28 6
174 287 4 10
175 297 37 3
179 280 40 2
180 262 27 8
180 296 7 5
181 265 22 10
182 196 1 5
182 225 28 3
188 196 6 10
192 256 42 3
194 265 3 5
195 196 22 7
195 197 23 8
195 198 48 8
195 199 25 9
195 200 35 4
195 201 4 1
195 202 34 2
195 203 32 5
195 204 6 9
195 211 8 8
195 245 29 3
195 246 29 5
195 250 6 7
195 280 17 9
196 197 37 6
196 205 29 3
196 206 12 8
196 207 6 4
196 208 9 5
196 287 1 3
197 209 25 3
197 215 20 3
197 280 3 4
197 286 9 1
199 272 15 6
199 291 47 4
200 283 21 2
201 268 48 3
204 236 9 6
207 214 21 2
209 211 30 6
209 231 31 1
210 211 47 6
210 212 15 5
210 213 35 2
210 214 26 8
210 215 41 9
210 216 5 6
210 245 50 6
210 280 21 7
210 285 47 6
210 287 3 8
211 212 32 6
211 213 44 3
211 214 19 2
211 215 1 9
211 217 25 3
211 218 2 8
211 219 17 6
211 231 33 1
211 245 26 1
211 280 31 9
212 213 12 8
212 214 40 6
212 215 7 4
212 220 50 9
212 221 39 8
212 222 36 5
212 223 39 10
212 224 28 3
212 225 14 7
213 214 41 2
213 215 6 8
213 226 11 3
213 227 26 2
213 228 4 5
213 229 9 1
213 238 19 8
214 215 4 4
214 230 46 3
214 231 12 6
214 232 1 9
214 233 19 7
214 234 41 6
214 235 27 2
215 236 21 7
215 237 27 5
215 238 12 7
215 239 49 8
220 240 28 7
221 286 2 7
222 230 1 6
222 252 34 9
228 264 34 3
229 271 17 5
231 294 11 3
232 270 46 6
240 241 44 4
240 242 49 8
240 243 11 1
240 244 46 6
240 245 6 9
240 246 36 9
240 247 6 3
240 248 41 1
240 249 7 10
240 250 48 9
240 251 16 2
240 287 7 9
241 242 35 7
241 243 11 10
241 244 8 7
241 245 49 3
241 246 18 4
241 247 22 2
241 252 38 4
241 253 6 1
241 254 36 1
241 255 32 9
241 256 7 10
241 257 29 10
242 243 12 7
242 244 11 6
242 245 49 2
242 246 31 6
242 247 29 4
242 258 35 10
243 244 21 4
243 245 1 3
243 246 35 4
243 247 27 9
243 259 15 7
243 260 43 3
243 261 13 5
243 262 45 5
243 263 1 7
243 264 3 2
243 280 36 2
244 245 24 1
244 246 42 7
244 247 12 10
244 265 41 3
244 266 25 9
244 267 33 4
244 268 21 5
244 269 12 5
244 270 40 10
244 271 25 5
245 246 22 9
245 247 24 7
245 272 7 9
245 273 39 9
245 287 37 6
246 22 44 2
246 247 2 2
246 274 20 1
246 275 25 4
246 276 30 3
247 277 23 6
247 278 10 4
247 279 41 2
248 280 13 6
249 293 36 3
258 284 9 7
260 286 30 5
268 274 39 5
274 194 25 4
280 281 47 6
280 282 39 1
280 283 38 2
280 284 47 7
280 285 15 3
280 287 45 7
283 285 23 5
285 286 11 5
285 287 22 7
285 288 36 9
285 289 41 7
285 290 17 2
285 291 9 1
285 292 47 3
286 287 8 7
286 293 25 2
286 294 44 1
286 295 12 3
286 296 30 2
286 297 28 6
286 298 25 1
287 299 1 2

0 78 1
1 127 39
2 5 30
3 163 16
4 98 49
5 194 38
6 36 37
7 62 11
8 141 12
9 160 35
10 231 54
11 139 80
12 272 19
13 17 29
14 230 69
15 120 23
16 89 17
17 95 60
18 222 46
19 71 21
20 290 47
21 28 10
22 144 13
23 209 28
24 249 56
25 207 46
26 93 38
27 123 5
28 35 14
29 184 22
30 227 8
31 52 43
32 114 67
33 44 27
34 221 54
35 40 34
36 261 11
37 87 26
38 73 24
39 255 62
40 39 44
41 158 31
42 159 55
43 278 7
44 103 25
45 140 22
46 292 11
47 156 45
48 176 38
49 268 44
50 186 27
51 294 35
52 38 76
53 18 31
54 263 5
55 293 31
56 157 16
57 75 4
58 168 25
59 264 10
60 91 14
61 15 38
62 162 35
63 119 64
64 258 19
65 257 25
66 297 34
67 225 14
68 117 17
69 189 20
70 200 31
71 96 29
72 115 39
73 238 17
74 239 28
75 32 15
76 86 25
77 181 30
78 202 23
79 61 12
80 199 36
81 72 2
82 153 14
83 31 35
84 58 6
85 220 23
86 217 33
87 185 7
88 50 23
89 279 47
90 92 52
91 128 28
92 253 43
93 149 9
94 11 14
95 252 29
96 60 35
97 101 26
98 232 37
99 282 40
100 265 42
101 51 6
102 146 37
103 34 38
104 274 52
105 138 6
106 125 55
107 29 27
108 204 8
109 99 45
110 277 27
111 63 4
112 205 17
113 9 7
114 13 21
115 237 32
116 299 47
117 288 11
118 47 20
119 122 16
