300 815 120

0 30 200
1 60 400
2 120 1000
3 180 1600
4 240 2400
5 300 3000

0 1500
1 1500
2 1500
3 1500
4 1500
5 1500
6 1000
7 2000
8 1000
9 2000
10 2000
11 1500
12 1000
13 2000
14 1000
15 2000
16 2000
17 2000
18 2000
19 2000
20 1000
21 2000
22 2000
23 2000
24 1000
25 1000
26 1000
27 2000
28 2000
29 1500
30 1500
31 2000
32 1500
33 1500
34 1000
35 1500
36 1500
37 2000
38 1000
39 1000
40 2000
41 2000
42 1000
43 1000
44 2000
45 1500
46 2000
47 2000
48 1500
49 1000
50 1500
51 1500
52 1500
53 1500
54 1500
55 1500
56 1000
57 1500
58 1000
59 2000
60 1000
61 1000
62 1500
63 1000
64 1500
65 2000
66 2000
67 1000
68 1500
69 1000
70 1500
71 1500
72 1000
73 2000
74 1000
75 1000
76 2000
77 1000
78 2000
79 2000
80 1500
81 1500
82 1500
83 1000
84 2000
85 2000
86 2000
87 2000
88 1500
89 1000
90 1000
91 2000
92 2000
93 1000
94 1000
95 1500
96 1500
97 1500
98 1500
99 1000
100 2000
101 2000
102 2000
103 2000
104 1500
105 2000
106 2000
107 1500
108 2000
109 1500
110 2000
111 2000
112 1000
113 2000
114 1000
115 1500
116 1500
117 1500
118 1000
119 2000
120 1000
121 1500
122 1500
123 2000
124 2000
125 1500
126 2000
127 2000
128 2000
129 2000
130 2000
131 2000
132 2000
133 1000
134 1500
135 1500
136 1500
137 1000
138 2000
139 1000
140 1500
141 1000
142 1500
143 2000
144 2000
145 2000
146 1000
147 2000
148 1500
149 1000
150 1500
151 1500
152 1500
153 1500
154 2000
155 2000
156 1500
157 1000
158 1000
159 2000
160 1500
161 2000
162 1000
163 2000
164 1500
165 1500
166 1500
167 1500
168 1500
169 2000
170 1500
171 1000
172 2000
173 1000
174 1000
175 1000
176 2000
177 2000
178 1500
179 1500
180 2000
181 1500
182 2000
183 2000
184 2000
185 1500
186 1500
187 1500
188 1500
189 1000
190 2000
191 2000
192 2000
193 2000
194 2000
195 1500
196 2000
197 1000
198 2000
199 2000
200 1500
201 1500
202 1000
203 1500
204 1500
205 1500
206 1500
207 1500
208 1500
209 1500
210 2000
211 2000
212 1000
213 2000
214 1000
215 1000
216 2000
217 1500
218 500
219 2000
220 2000
221 1500
222 2000
223 1500
224 1500
225 2000
226 1500
227 1500
228 1000
229 2000
230 2000
231 1000
232 2000
233 2000
234 1000
235 2000
236 2000
237 2000
238 1000
239 1500
240 1500
241 1500
242 1500
243 1500
244 1500
245 1500
246 1500
247 1500
248 2000
249 2000
250 2000
251 2000
252 2000
253 1000
254 1500
255 1500
256 2000
257 1000
258 1000
259 2000
260 1500
261 2000
262 1000
263 2000
264 1000
265 1000
266 2000
267 1500
268 1000
269 2000
270 1500
271 2000
272 2000
273 2000
274 2000
275 1500
276 1500
277 1500
278 1500
279 1000
280 1500
281 1000
282 2000
283 1000
284 1000
285 2000
286 2000
287 2000
288 1000
289 2000
290 2000
291 2000
292 2000
293 1500
294 1000
295 1000
296 2000
297 2000
298 500
299 1500

0 1 36 7
0 2 17 6
0 3 40 3
0 4 22 9
0 5 38 7
0 6 20 7
0 7 9 6
0 8 36 4
0 9 14 7
0 80 1 10
0 98 17 4
0 150 10 6
0 165 45 3
0 167 33 6
0 186 10 9
1 2 48 7
1 3 25 6
1 4 5 7
1 5 22 6
1 10 17 6
1 11 49 2
1 12 48 4
1 37 46 1
1 45 19 9
1 117 11 1
1 242 28 4
1 295 33 2
2 3 1 10
2 4 31 4
2 5 35 1
2 13 45 6
2 14 25 5
2 15 10 7
2 30 22 4
2 48 23 5
2 54 39 1
2 137 3 4
2 164 42 1
2 205 48 1
2 276 21 3
3 4 21 7
3 5 38 10
3 16 1 7
3 17 36 8
3 18 42 1
3 19 21 1
3 30 45 6
3 51 44 8
3 82 30 2
3 137 50 10
3 175 20 10
4 5 17 9
4 20 40 3
4 21 17 7
4 22 26 7
4 23 16 5
4 24 46 9
4 25 37 5
4 45 10 2
4 91 38 8
4 98 19 8
4 150 26 8
4 185 32 3
4 242 28 8
4 276 34 4
5 26 34 3
5 27 3 1
5 28 1 1
5 29 26 1
5 35 2 6
5 36 28 5
5 117 39 5
5 207 13 9
7 293 18 10
8 45 48 2
9 45 42 1
9 104 28 7
11 31 35 7
13 116 36 5
14 167 42 6
15 29 18 4
15 140 41 8
15 188 17 9
17 134 19 7
17 185 23 3
17 276 42 10
18 111 39 5
18 169 35 10
19 82 3 2
19 152 12 3
20 82 24 10
20 224 14 6
21 182 20 4
21 217 39 10
21 273 14 9
22 239 35 4
22 241 35 4
24 29 19 8
24 104 23 7
26 30 33 8
26 107 4 1
26 137 2 7
27 97 11 10
28 52 24 1
28 122 25 5
28 203 45 8
29 76 16 10
29 267 28 4
30 31 7 1
30 32 47 1
30 33 6 9
30 34 49 8
30 35 20 8
30 36 18 1
30 37 16 3
30 45 44 6
30 50 12 3
30 54 32 6
30 64 6 1
30 81 23 5
30 95 20 1
30 97 21 3
30 116 23 8
30 135 20 6
30 136 28 6
30 151 8 5
30 152 16 8
30 166 38 5
30 168 30 10
30 185 20 9
30 186 30 3
30 202 33 8
30 203 17 3
30 211 50 9
30 228 46 4
30 241 48 2
30 246 31 10
30 257 15 9
30 276 3 10
30 277 34 6
30 297 6 4
32 45 16 10
32 125 43 7
32 235 41 4
33 45 49 7
33 145 30 9
33 171 21 8
35 36 43 8
35 37 47 7
35 38 45 9
35 39 33 9
35 80 38 7
35 81 26 2
35 97 5 2
35 98 43 2
35 112 28 1
35 135 31 4
35 149 48 4
35 150 30 7
35 185 33 10
35 188 49 8
35 200 17 8
35 241 17 1
35 243 35 9
35 256 36 8
35 275 25 5
35 277 46 7
36 40 30 1
36 41 27 10
36 42 24 5
36 43 32 8
36 44 3 7
36 45 24 2
36 51 18 9
36 53 34 7
36 117 29 8
36 136 26 2
36 151 12 2
36 166 42 3
36 168 50 5
36 187 35 2
36 203 6 5
36 243 25 6
37 227 24 9
37 296 9 1
38 231 8 2
39 239 34 3
40 240 29 1
41 48 28 9
41 55 11 1
42 156 20 3
44 57 17 5
44 116 46 4
44 119 46 9
44 152 15 9
44 226 30 2
45 46 26 9
45 47 30 10
45 48 36 7
45 49 24 7
45 53 11 2
45 54 22 1
45 80 12 3
45 95 37 6
45 97 26 3
45 113 33 3
45 116 14 3
45 136 6 10
45 150 9 1
45 151 1 1
45 166 8 6
45 167 43 6
45 185 42 10
45 187 47 10
45 205 22 3
45 207 13 6
45 242 19 6
45 243 19 9
45 250 10 7
45 278 32 3
45 285 4 10
46 97 41 1
46 255 37 4
47 145 20 6
47 150 3 4
47 239 15 7
49 135 4 1
50 51 17 4
50 52 15 1
50 53 13 10
50 54 38 4
50 55 7 10
50 56 31 5
50 57 21 5
50 58 48 9
50 59 31 7
50 60 14 3
50 61 8 1
50 70 39 3
50 81 47 10
50 102 37 3
50 118 24 3
50 185 41 3
50 204 5 3
50 242 5 2
51 52 2 5
51 53 12 1
51 54 16 6
51 55 38 6
51 62 50 5
51 63 46 3
51 64 9 10
51 65 30 6
51 66 38 8
51 67 16 8
51 96 24 1
51 135 28 6
51 151 16 3
51 185 18 7
51 243 37 7
52 53 46 2
52 54 30 3
52 55 36 2
52 68 14 1
52 69 10 5
52 113 48 3
52 135 18 4
52 279 1 10
53 54 9 6
53 55 1 1
53 70 44 3
53 71 23 10
53 72 41 9
53 73 31 1
53 95 38 1
53 115 38 3
53 123 24 5
54 55 41 3
54 62 7 9
54 74 40 5
54 75 35 6
54 76 2 5
54 77 46 7
54 78 13 4
54 127 48 7
54 150 22 7
54 165 45 6
54 166 9 8
54 181 48 3
55 79 30 3
55 82 20 10
55 202 15 7
55 208 40 7
55 276 22 6
55 288 23 6
56 165 18 5
57 68 21 3
58 115 25 7
58 215 10 7
59 135 35 9
59 153 50 7
59 156 6 8
59 165 14 8
59 267 36 7
60 280 2 6
62 205 20 3
62 235 7 5
64 111 39 6
64 220 42 6
65 132 46 10
65 275 25 9
68 266 10 4
70 84 43 4
71 220 19 6
71 245 7 6
74 280 46 10
75 81 27 9
75 148 4 10
75 160 46 6
76 286 12 6
78 101 20 5
80 81 5 4
80 82 48 6
80 83 35 5
80 84 2 1
80 85 18 3
80 86 49 1
80 96 12 1
80 101 6 9
80 116 3 4
80 135 9 8
80 137 26 1
80 167 13 4
80 219 26 4
80 241 14 10
81 82 21 1
81 87 39 10
81 88 33 6
81 89 32 5
81 90 17 5
81 96 42 1
81 115 33 6
81 161 16 8
81 187 39 7
81 201 44 9
81 224 13 7
82 91 21 6
82 92 34 3
82 93 50 9
82 94 5 5
82 146 46 5
82 151 28 2
82 168 15 1
82 199 9 5
82 203 12 2
82 243 10 1
82 278 35 1
82 279 3 4
84 98 2 7
85 117 5 8
87 209 40 2
88 213 49 2
90 116 42 1
93 112 42 9
93 181 40 5
95 96 21 2
95 97 47 2
95 98 9 1
95 99 15 3
95 100 28 5
95 101 2 1
95 115 37 4
95 150 13 9
95 239 46 7
96 97 46 2
96 98 27 4
96 102 44 10
96 103 10 8
96 104 10 1
96 163 34 5
96 186 38 10
96 202 24 9
96 203 42 10
97 98 39 7
97 105 6 5
97 106 8 2
97 107 39 6
97 108 16 1
97 109 19 2
97 110 29 1
97 136 1 7
97 151 26 6
97 165 18 1
97 172 26 3
97 198 30 6
97 242 49 9
97 245 29 4
97 279 14 7
98 111 31 5
98 112 36 9
98 113 7 7
98 114 15 1
98 117 48 10
98 137 41 7
98 167 43 2
98 186 46 5
98 248 13 3
98 279 22 4
99 150 2 5
99 238 30 9
100 177 28 6
105 131 31 5
107 108 15 10
107 235 43 1
108 260 32 4
109 138 10 5
114 214 43 8
115 116 21 7
115 117 49 9
115 118 36 9
115 119 40 4
115 120 29 10
115 121 11 1
115 122 12 1
115 123 26 2
115 124 1 9
115 136 19 2
115 137 16 8
115 151 29 2
115 245 42 4
116 117 27 3
116 118 14 4
116 125 36 3
116 126 19 9
116 127 50 7
116 128 23 9
116 129 35 8
116 276 23 3
116 277 32 10
117 118 16 5
117 128 50 6
117 130 8 7
117 131 23 7
117 132 32 4
117 133 23 1
117 152 42 10
117 166 22 1
117 185 34 6
117 201 28 5
117 234 38 6
118 133 29 6
118 134 15 5
118 168 8 9
118 186 46 8
118 204 33 6
118 244 41 8
119 207 25 7
119 278 39 4
121 161 15 7
121 203 16 5
121 274 35 6
121 275 26 9
121 299 40 2
122 157 32 6
122 272 5 6
124 130 25 4
124 266 17 6
124 274 41 7
125 138 31 8
125 268 31 9
126 136 3 8
127 168 2 1
127 229 13 3
128 140 32 2
128 210 9 4
129 220 6 8
129 286 36 9
130 142 13 3
130 261 48 4
131 184 14 3
132 203 34 8
132 273 26 3
133 255 49 9
135 136 10 3
135 137 47 7
135 138 34 6
135 139 1 10
135 140 22 1
135 141 17 2
135 142 21 2
135 143 25 3
135 150 41 5
135 168 5 6
135 182 2 7
135 187 36 8
135 200 15 3
135 210 42 4
135 213 30 7
135 277 26 6
135 299 50 5
136 137 37 9
136 144 30 3
136 145 41 9
136 146 2 7
136 147 43 6
136 185 33 7
136 240 39 9
136 278 41 7
137 148 1 6
137 149 10 10
137 150 41 7
137 166 16 1
137 200 35 3
137 244 6 5
138 192 34 4
141 212 19 6
141 241 34 10
143 154 32 3
146 187 21 8
147 263 5 9
147 270 25 5
148 272 32 10
149 153 21 10
149 165 17 2
149 166 7 8
149 179 41 4
150 151 21 4
150 152 5 2
150 153 29 3
150 154 20 2
150 185 33 4
150 201 43 5
150 205 33 7
150 211 4 10
150 246 39 10
150 250 41 10
150 276 26 10
151 152 21 4
151 155 32 10
151 156 43 5
151 157 50 10
151 158 19 8
151 159 6 2
151 160 24 9
151 185 4 8
151 244 19 10
151 287 50 6
152 161 27 4
152 162 29 9
152 163 30 8
152 164 8 10
152 165 42 1
152 217 3 2
152 238 46 2
152 279 39 8
152 287 17 10
154 205 34 10
154 280 1 3
156 187 2 5
156 292 8 6
157 299 50 10
160 237 5 9
161 224 15 1
163 230 10 6
164 176 29 1
164 238 25 4
165 166 49 3
165 167 7 1
165 168 44 4
165 169 32 9
165 170 26 4
165 171 10 9
165 172 40 7
165 185 27 6
165 201 28 10
165 213 18 7
165 227 29 2
165 245 37 5
166 167 12 5
166 168 25 7
166 173 3 6
166 174 38 6
166 175 19 9
166 176 32 3
166 204 6 1
166 244 24 5
166 247 27 3
167 168 31 4
167 177 30 8
167 178 22 1
167 179 2 10
167 180 49 8
167 181 8 5
167 279 27 6
167 285 28 4
168 182 13 1
168 183 9 7
168 184 5 3
168 278 12 3
169 227 23 5
169 290 11 1
170 269 35 4
172 178 9 1
173 187 31 4
176 191 12 8
177 273 29 2
179 242 38 8
179 261 6 7
180 209 42 5
181 232 25 8
181 240 13 3
181 272 44 4
185 186 44 6
185 187 31 9
185 188 6 4
185 189 30 5
185 190 10 5
185 191 9 7
185 192 6 6
185 207 31 10
185 231 19 9
185 242 47 5
185 259 15 3
185 277 48 7
186 187 31 8
186 193 33 9
186 194 41 5
186 205 24 1
186 214 39 8
187 195 14 10
187 196 19 2
187 197 40 2
187 198 33 4
187 199 12 2
187 245 27 5
187 260 24 1
187 278 25 7
188 204 33 2
190 193 44 3
190 225 28 10
191 196 19 10
192 255 4 10
194 196 47 2
194 204 21 3
194 223 1 3
195 220 4 7
195 272 41 5
196 285 9 4
199 266 28 1
200 201 20 2
200 202 48 3
200 203 18 3
200 204 25 5
200 205 43 5
200 206 5 9
200 207 7 4
200 208 41 3
200 209 40 6
200 210 23 8
201 202 23 10
201 203 18 10
201 204 2 1
201 205 6 1
201 206 26 6
201 207 46 8
201 211 32 1
201 212 1 7
201 213 39 8
201 214 11 10
201 215 28 7
201 216 26 8
201 217 44 3
202 203 13 1
202 204 37 6
202 205 3 3
202 206 12 9
202 207 42 10
202 218 27 2
202 243 9 1
203 204 39 7
203 205 4 3
203 206 40 9
203 207 29 7
203 219 11 10
203 220 39 3
203 221 39 10
203 222 36 1
204 205 22 4
204 206 23 5
204 207 8 3
204 223 38 4
204 224 37 4
204 225 43 6
205 206 50 7
205 207 43 2
205 226 49 9
205 227 16 5
205 228 40 8
205 229 44 4
205 230 41 10
205 231 44 8
206 207 18 3
206 232 10 9
206 233 29 4
206 234 34 4
206 235 45 3
207 236 19 2
207 237 28 10
207 238 36 10
207 239 44 9
207 244 47 7
207 278 13 10
207 279 37 5
208 272 17 6
213 293 15 7
221 233 21 9
226 251 24 7
229 233 16 5
230 292 39 3
233 245 42 9
237 249 42 3
237 277 45 5
238 260 12 2
239 248 5 3
240 241 33 6
240 242 38 4
240 243 25 7
240 244 3 5
240 245 7 4
240 246 34 8
240 247 40 9
240 248 32 4
240 249 37 4
240 250 37 8
241 242 12 4
241 243 42 9
241 244 16 4
241 245 27 8
241 246 24 6
241 251 5 10
242 243 49 8
242 244 46 5
242 245 23 8
242 246 8 10
242 252 19 1
242 253 13 3
242 254 50 10
243 244 3 10
243 245 40 4
243 246 7 1
243 255 27 7
243 256 25 7
243 257 7 10
243 258 48 10
243 259 7 8
243 260 19 2
243 261 43 7
243 279 3 9
244 245 9 1
244 246 6 1
244 262 20 9
244 263 43 8
244 264 10 2
245 246 50 3
245 265 24 9
245 266 42 4
245 267 24 9
245 268 7 6
245 269 26 7
245 270 30 4
245 271 33 3
246 272 32 8
246 273 44 2
246 274 5 3
246 275 19 9
247 273 24 8
249 278 3 2
249 289 6 8
254 282 6 7
260 274 27 1
263 275 46 3
263 299 8 6
271 273 29 2
273 195 44 4
275 276 12 1
275 277 39 2
275 278 28 7
275 279 42 7
275 280 40 1
275 281 37 4
275 282 21 2
275 283 29 7
276 277 39 6
276 278 4 9
276 279 30 9
276 284 24 8
276 285 17 10
277 278 10 7
277 279 24 2
277 286 32 5
277 287 16 3
277 288 50 10
277 289 15 9
277 290 49 1
277 291 6 4
277 292 26 10
278 170 29 2
278 279 30 4
278 293 42 8
278 294 5 8
278 295 11 8
278 296 33 9
278 297 35 1
279 298 34 10
279 299 31 10

0 182 15
1 73 13
2 225 34
3 23 9
4 229 33
5 110 10
6 269 24
7 138 39
8 40 23
9 159 3
10 261 33
11 145 26
12 220 23
13 119 55
14 222 8
15 289 9
16 143 29
17 211 54
18 274 66
19 21 53
20 78 23
21 9 50
22 296 9
23 31 23
24 291 3
25 235 38
26 100 22
27 92 14
28 131 19
29 271 16
30 18 59
31 219 8
32 191 19
33 216 15
34 161 20
35 46 50
36 84 14
37 65 28
38 123 17
39 37 47
40 273 127
41 147 24
42 290 20
43 10 10
44 105 24
45 79 12
46 286 43
47 106 2
48 154 35
49 196 48
50 111 23
51 129 51
52 249 25
53 190 25
54 237 31
55 198 35
56 28 61
57 230 49
58 266 30
59 192 25
60 180 49
61 213 42
62 101 17
63 184 6
64 44 69
65 17 31
66 91 36
67 256 16
68 163 50
69 144 12
70 233 58
71 124 41
72 232 13
73 252 6
74 126 13
75 128 79
76 130 58
77 194 58
78 27 7
79 59 81
80 287 34
81 250 54
82 113 55
83 272 76
84 19 25
85 176 37
86 236 12
87 7 16
88 85 13
89 183 4
90 285 23
91 16 1
92 297 14
93 193 17
94 13 48
95 282 7
96 15 35
97 199 15
98 87 22
99 102 25
100 210 40
101 22 20
102 251 7
103 41 41
104 172 52
105 86 18
106 132 36
107 292 26
108 155 9
109 263 64
110 248 34
111 66 16
112 169 36
113 177 50
114 76 11
115 47 41
116 127 27
117 259 9
118 103 4
119 108 25
