300 810 120

0 30 200
1 60 400
2 120 1000
3 180 1600
4 240 2400
5 300 3000

0 1500
1 1500
2 1500
3 2000
4 1500
5 2000
6 2000
7 2000
8 1000
9 2000
10 1500
11 1500
12 1500
13 1500
14 1500
15 2000
16 1000
17 1500
18 1500
19 1500
20 2000
21 2000
22 2000
23 1000
24 1000
25 2000
26 1000
27 2000
28 2000
29 1000
30 2000
31 1500
32 2000
33 1000
34 1000
35 1500
36 1500
37 1500
38 2000
39 2000
40 2000
41 2000
42 1000
43 1000
44 2000
45 2000
46 2000
47 1500
48 1500
49 2000
50 1500
51 1500
52 1500
53 1000
54 1500
55 1500
56 1000
57 2000
58 1500
59 2000
60 1000
61 1000
62 2000
63 1500
64 1000
65 2000
66 1500
67 2000
68 2000
69 2000
70 2000
71 2000
72 1000
73 1500
74 2000
75 2000
76 2000
77 1000
78 1000
79 2000
80 1500
81 1500
82 2000
83 2000
84 2000
85 1000
86 2000
87 2000
88 2000
89 1000
90 1500
91 1500
92 1500
93 1500
94 1000
95 1000
96 2000
97 1500
98 2000
99 2000
100 1500
101 1500
102 1500
103 1500
104 1500
105 2000
106 2000
107 1000
108 2000
109 2000
110 2000
111 2000
112 2000
113 2000
114 1500
115 2000
116 1500
117 2000
118 1500
119 2000
120 2000
121 2000
122 2000
123 1000
124 1500
125 1500
126 1500
127 1500
128 1500
129 1500
130 1500
131 1500
132 1000
133 1500
134 2000
135 1000
136 1000
137 2000
138 2000
139 2000
140 2000
141 2000
142 1000
143 1000
144 2000
145 1000
146 1000
147 1500
148 2000
149 2000
150 1000
151 2000
152 1500
153 2000
154 1500
155 1000
156 2000
157 2000
158 2000
159 2000
160 2000
161 1500
162 1500
163 1000
164 2000
165 2000
166 2000
167 2000
168 1000
169 1500
170 1500
171 2000
172 2000
173 2000
174 1000
175 1500
176 1500
177 1500
178 1500
179 1500
180 1500
181 2000
182 1500
183 1000
184 1500
185 2000
186 1500
187 2000
188 2000
189 1500
190 1500
191 1500
192 1000
193 2000
194 2000
195 1000
196 2000
197 2000
198 1000
199 2000
200 2000
201 1500
202 2000
203 2000
204 1500
205 1500
206 1000
207 1500
208 1500
209 1000
210 2000
211 1500
212 1500
213 500
214 1500
215 1000
216 2000
217 1500
218 1500
219 1000
220 2000
221 1500
222 1500
223 1000
224 1000
225 1000
226 1500
227 1500
228 1500
229 1500
230 1500
231 1500
232 500
233 500
234 500
235 2000
236 1500
237 2000
238 1000
239 2000
240 1000
241 2000
242 1500
243 2000
244 2000
245 2000
246 1000
247 2000
248 2000
249 1500
250 2000
251 1000
252 1000
253 1500
254 1000
255 1500
256 1500
257 1500
258 1000
259 2000
260 1500
261 2000
262 2000
263 2000
264 1000
265 1500
266 1500
267 1500
268 1500
269 1500
270 1500
271 1500
272 2000
273 1000
274 1500
275 2000
276 1000
277 2000
278 1000
279 2000
280 2000
281 1500
282 2000
283 1000
284 1000
285 1000
286 1500
287 1500
288 500
289 500
290 2000
291 1000
292 1500
293 2000
294 2000
295 1000
296 2000
297 1000
298 1500
299 1000

0 1 28 10
0 2 34 9
0 3 22 7
0 4 36 9
0 5 44 10
0 6 17 7
0 7 43 10
0 10 44 3
0 32 28 6
0 35 10 6
0 36 4 8
0 52 3 5
0 73 25 1
0 75 17 1
0 80 21 9
0 91 35 9
0 128 28 2
0 170 42 1
0 205 34 3
0 255 50 7
0 265 38 9
0 285 35 4
0 287 7 8
1 8 11 4
1 9 18 7
1 13 39 3
1 50 48 8
1 60 49 7
1 80 36 3
1 84 38 9
1 101 26 3
1 102 3 7
1 108 47 6
1 116 45 2
1 125 18 5
1 166 33 10
1 170 32 3
1 177 37 8
1 179 28 6
1 188 13 1
1 225 17 1
1 229 32 2
1 255 10 10
1 263 42 6
1 266 36 6
2 217 1 4
2 262 6 8
3 204 43 10
4 40 30 9
5 97 20 10
5 172 32 7
6 39 23 2
7 154 10 10
7 296 27 5
9 180 35 8
10 11 7 4
10 12 38 9
10 13 22 10
10 14 46 5
10 15 11 3
10 16 40 2
10 17 36 6
10 103 33 9
10 128 46 8
10 170 12 4
10 179 24 4
10 228 8 7
11 12 10 2
11 13 19 9
11 14 7 2
11 18 16 7
11 19 26 2
11 20 35 7
11 21 34 3
11 22 25 3
11 23 10 8
11 24 33 9
11 80 23 8
11 90 14 7
11 132 3 6
11 147 1 2
11 169 23 3
11 205 41 7
11 229 36 10
11 239 24 2
11 265 37 5
12 13 29 3
12 14 3 7
12 25 41 1
12 26 48 1
12 27 46 7
12 35 34 9
12 36 28 8
12 54 1 6
12 91 30 8
12 102 30 6
12 179 31 5
12 224 21 10
12 255 13 7
12 265 22 10
12 287 46 10
13 14 34 6
13 28 49 7
13 29 32 1
13 58 19 9
14 30 26 6
14 31 32 2
14 32 18 2
14 33 38 4
14 34 26 2
14 81 20 10
14 155 46 5
14 170 40 2
14 207 32 1
14 250 30 3
14 285 22 6
15 18 50 3
15 286 19 1
16 29 42 10
17 70 10 3
17 297 50 6
18 86 20 3
18 207 33 8
19 57 14 3
19 214 47 2
19 262 26 5
20 212 9 10
21 186 23 3
22 292 41 1
23 170 49 6
24 118 25 9
25 71 34 9
26 91 44 4
26 116 24 5
27 124 13 8
27 184 30 4
27 230 47 2
28 39 14 6
28 50 13 4
28 218 14 7
28 282 26 9
30 37 30 3
30 74 6 8
30 82 24 8
30 298 42 8
31 172 18 10
32 115 29 7
33 232 17 7
35 36 34 4
35 37 18 3
35 38 34 5
35 39 26 7
35 40 30 2
35 41 36 3
35 42 3 1
35 67 48 9
35 81 27 10
35 90 31 5
35 95 24 5
35 126 25 7
35 132 3 2
35 170 34 3
35 205 27 10
35 230 34 5
35 267 43 2
35 286 27 9
36 37 39 3
36 43 11 10
36 55 38 7
36 70 4 6
36 80 16 9
36 90 31 10
36 99 34 1
36 101 31 2
36 124 50 1
36 135 11 2
36 170 43 8
36 177 7 6
36 193 19 1
36 221 45 9
36 253 17 2
36 255 24 8
37 44 14 9
37 45 14 7
37 46 7 7
37 47 34 1
37 48 13 2
37 49 14 2
37 50 42 1
37 102 25 2
37 178 44 4
37 206 37 5
37 211 2 3
37 250 46 2
37 256 7 3
37 265 2 5
37 287 38 10
38 116 47 7
39 50 6 3
41 74 33 4
43 256 44 6
45 172 18 5
47 84 31 10
47 121 41 10
48 135 38 3
48 156 7 8
48 174 14 9
48 189 46 1
50 51 39 3
50 52 3 9
50 53 25 4
50 54 33 6
50 55 50 4
50 56 25 8
50 57 48 8
50 58 49 8
50 80 35 7
50 170 48 8
50 180 36 4
50 207 44 3
51 52 1 2
51 53 23 7
51 54 11 9
51 55 33 8
51 59 4 4
51 60 34 2
51 61 48 8
51 62 16 10
51 63 10 9
51 64 33 1
51 65 42 1
51 90 45 6
51 101 42 8
51 215 47 9
51 267 20 7
51 285 2 2
51 296 39 7
52 37 43 2
52 53 10 4
52 54 27 2
52 55 42 6
52 66 18 9
52 67 44 9
52 68 31 7
52 69 9 10
52 70 39 8
52 71 15 3
52 90 15 5
52 116 37 4
52 167 22 3
52 201 20 8
52 204 36 5
52 255 22 10
52 266 9 5
53 54 3 6
53 55 25 5
53 72 36 3
53 73 6 6
53 125 30 5
53 170 34 3
53 205 23 7
53 255 21 2
53 276 44 7
53 286 29 9
54 55 17 1
54 74 34 1
54 80 50 4
54 103 5 4
54 149 19 3
54 227 29 3
54 271 47 10
55 75 12 3
55 76 40 9
55 77 21 1
55 78 48 1
55 79 28 9
55 125 1 4
55 179 20 10
55 201 33 2
55 229 46 10
55 244 6 9
56 63 18 2
56 260 8 6
57 112 30 3
57 197 31 6
57 205 26 7
57 256 32 1
58 81 45 7
58 165 28 3
59 124 37 8
59 267 31 4
59 282 41 7
60 224 24 8
62 81 28 8
62 191 45 4
62 249 43 10
63 99 29 4
63 223 28 10
63 244 18 6
63 254 49 2
64 217 30 5
65 211 21 5
66 69 34 6
66 177 32 2
66 225 7 10
67 271 42 9
68 104 22 10
69 222 2 7
72 126 49 8
72 168 30 6
72 255 35 6
73 237 37 5
74 229 24 2
76 272 30 3
80 81 44 10
80 82 44 5
80 83 6 5
80 84 12 1
80 85 33 1
80 102 22 9
80 111 49 5
80 120 16 2
80 207 13 8
80 226 26 9
80 266 5 6
80 287 15 4
81 86 41 8
81 87 41 9
81 88 29 8
81 89 27 10
81 90 45 3
81 91 50 5
81 101 4 5
81 125 25 2
81 170 28 1
81 179 29 3
81 180 35 10
81 193 35 7
81 228 9 2
81 255 38 6
81 256 26 9
81 261 41 2
81 265 50 3
81 283 28 8
81 286 23 7
82 134 16 4
83 237 21 5
83 274 20 3
84 133 33 2
86 93 14 3
87 259 32 2
88 121 40 7
88 205 41 5
90 91 47 2
90 92 20 7
90 93 48 4
90 94 22 7
90 95 4 1
90 112 29 10
90 170 1 7
90 206 7 10
90 212 15 4
90 230 30 2
90 266 17 4
90 280 31 7
91 96 50 3
91 97 3 7
91 98 20 3
91 99 4 4
91 101 33 9
91 104 42 2
91 126 38 4
91 128 16 6
91 156 31 4
91 180 33 5
91 207 7 5
91 226 1 10
91 231 37 3
91 253 19 9
91 255 23 2
91 256 49 10
91 265 35 9
91 285 47 6
92 98 18 8
98 201 1 10
99 100 30 7
100 101 45 4
100 102 6 10
100 103 23 6
100 104 25 8
100 105 13 4
100 106 8 7
100 107 43 8
100 108 46 4
100 109 21 4
100 155 38 9
100 205 33 4
100 228 17 9
101 102 9 9
101 103 41 9
101 104 21 4
101 110 22 8
101 111 9 5
101 112 19 2
101 113 49 9
101 114 2 10
101 115 38 10
101 116 32 4
101 117 30 3
101 123 28 3
101 127 3 4
101 178 22 2
101 256 15 1
101 265 44 1
102 103 19 5
102 104 26 3
102 118 48 1
102 119 4 9
102 120 16 9
102 178 8 10
102 206 46 9
102 266 2 6
103 104 37 9
103 121 14 2
103 122 13 3
103 170 3 1
103 187 39 4
103 195 24 6
103 225 38 10
103 249 33 5
103 255 5 9
104 123 49 4
104 124 1 1
104 131 39 1
104 170 11 2
104 284 36 5
104 285 26 6
104 286 20 10
109 230 44 7
110 296 6 1
112 190 11 5
112 214 23 6
112 248 43 2
112 281 40 1
113 118 17 6
114 115 39 4
114 163 28 6
114 187 33 9
114 265 23 2
117 271 13 5
119 221 6 6
119 250 35 2
121 256 33 1
122 269 28 4
123 265 28 10
125 126 35 1
125 127 34 3
125 128 23 3
125 129 18 1
125 130 5 9
125 131 44 7
125 132 44 3
125 133 18 2
125 134 6 4
125 135 49 6
125 136 37 4
125 137 20 7
125 138 27 6
125 139 27 7
125 140 4 6
125 141 1 2
125 142 42 1
125 143 16 5
125 170 32 5
125 207 43 3
125 227 17 5
126 127 21 3
126 128 25 4
126 129 33 5
126 130 26 4
126 131 18 10
126 132 25 9
126 133 13 10
126 144 31 6
126 268 27 5
126 296 3 9
127 128 32 8
127 129 13 6
127 130 9 7
127 131 18 1
127 132 36 3
127 133 42 7
127 145 35 6
127 146 3 3
127 147 40 7
127 148 49 6
127 220 16 1
127 265 36 9
128 129 29 9
128 130 14 10
128 131 38 2
128 132 45 10
128 133 7 8
128 149 4 4
128 150 19 5
128 151 16 4
128 176 31 7
128 236 47 10
128 255 1 4
128 261 41 6
128 291 7 3
129 130 1 4
129 131 1 5
129 132 40 6
129 133 2 2
129 152 34 5
129 153 48 9
129 154 6 2
129 208 39 2
129 241 35 10
129 285 50 3
129 286 50 9
130 131 28 5
130 132 45 4
130 133 9 8
130 155 45 8
130 156 47 9
130 157 50 5
130 158 7 1
130 170 41 4
131 132 34 4
131 133 33 7
131 159 46 9
131 160 15 1
131 175 34 4
131 227 3 3
132 133 37 10
132 161 38 10
132 162 5 1
132 256 34 8
133 163 18 1
133 164 32 1
133 165 16 10
133 166 15 9
133 167 41 3
133 168 6 2
133 169 14 10
134 161 7 9
134 260 32 5
137 170 30 5
141 265 10 1
142 285 3 1
143 281 1 9
145 209 4 6
145 256 7 9
146 227 14 10
147 243 36 8
148 203 34 9
148 217 9 7
148 257 23 5
151 270 41 5
152 159 22 9
153 231 10 9
154 282 48 7
154 295 16 6
156 255 29 6
159 211 45 1
160 177 6 3
162 195 12 8
162 220 19 10
165 242 9 7
167 169 39 7
168 257 30 4
170 171 31 1
170 172 24 7
170 173 29 10
170 174 47 9
170 178 24 4
170 180 39 1
170 188 43 10
170 195 37 7
170 206 42 10
170 228 33 9
170 229 42 7
170 247 35 4
170 256 21 9
170 266 13 5
170 268 22 2
170 287 25 9
170 294 38 5
174 287 24 3
175 176 27 10
175 177 7 4
175 178 3 3
175 179 47 7
175 180 20 1
175 181 16 7
175 182 34 5
175 183 4 3
175 184 48 1
175 227 2 3
175 229 38 7
175 287 33 6
176 177 3 10
176 178 17 10
176 179 26 6
176 180 12 2
176 185 36 3
176 186 42 9
176 211 28 5
176 266 8 5
177 178 14 6
177 179 8 6
177 180 35 6
177 187 20 6
177 188 44 5
177 189 50 1
177 255 28 1
177 270 21 10
178 179 2 5
178 180 39 7
178 190 31 4
178 191 8 8
178 192 14 9
178 193 24 4
178 194 7 9
178 195 10 9
178 255 33 1
179 180 14 2
179 196 37 1
179 197 33 9
179 198 36 5
179 199 41 7
179 200 38 6
179 201 30 5
179 202 32 5
179 203 39 2
179 208 27 1
180 204 9 4
180 267 8 8
180 286 21 5
181 266 48 8
182 237 24 4
182 293 8 8
183 186 2 7
183 209 49 8
184 201 15 3
187 256 22 7
188 243 15 9
188 255 38 6
189 296 5 3
190 260 50 9
191 203 41 3
191 255 34 9
191 260 35 7
191 298 4 6
192 256 3 6
194 205 37 7
196 287 40 7
201 225 16 7
202 239 13 5
204 253 33 8
205 206 17 1
205 207 18 9
205 208 36 5
205 209 45 3
205 210 16 10
205 211 45 7
205 212 13 9
205 286 5 9
206 207 2 10
206 208 50 5
206 213 17 7
206 230 47 8
206 256 29 5
206 267 3 10
207 208 25 9
207 214 36 7
207 215 2 8
207 216 2 7
207 217 11 2
207 218 14 2
207 219 13 5
207 255 25 2
207 266 44 10
207 287 24 6
207 297 7 9
208 220 31 6
208 221 36 9
208 222 19 3
208 223 39 9
208 224 39 9
208 227 16 8
210 282 1 3
210 292 30 9
215 221 44 4
219 232 14 2
219 264 46 6
221 266 3 8
225 226 7 4
225 227 39 4
225 228 10 3
225 229 18 1
225 230 34 8
225 231 8 8
225 232 1 5
225 233 26 2
225 234 12 2
225 256 36 7
225 287 20 2
226 227 13 1
226 228 40 3
226 229 5 6
226 230 17 5
226 235 6 10
226 236 42 10
226 237 39 6
226 238 24 7
226 239 1 8
226 240 21 6
226 241 35 1
226 242 25 9
226 287 50 7
227 228 39 3
227 229 22 3
227 230 26 9
227 243 18 2
227 244 4 1
227 245 20 8
227 246 50 2
227 256 2 6
227 267 20 6
228 229 4 5
228 230 37 4
228 247 2 5
228 248 3 9
228 249 41 8
228 250 43 2
229 230 32 10
229 251 34 2
229 265 11 8
229 272 47 1
230 241 34 7
230 252 47 7
230 253 20 8
230 254 15 3
236 278 7 2
236 282 42 1
238 278 19 7
239 248 32 2
248 253 3 8
248 277 35 3
249 267 7 9
249 274 46 2
255 256 46 2
255 257 31 5
255 258 35 5
255 259 42 6
255 260 33 4
255 261 36 7
255 262 29 6
255 263 37 4
255 265 12 8
255 266 31 10
255 274 3 5
255 286 49 8
256 264 44 4
256 285 50 4
261 268 38 9
265 266 5 9
265 267 5 3
265 268 45 10
265 269 43 4
265 270 37 5
265 271 36 5
266 267 8 5
266 268 40 10
266 272 1 5
266 273 1 9
266 285 30 10
266 286 34 1
267 268 40 8
267 274 27 6
267 275 15 3
267 276 22 2
267 277 36 10
267 278 30 2
268 279 15 2
268 280 29 4
268 281 4 7
268 282 31 5
268 283 28 1
268 284 1 10
275 196 39 1
282 287 29 1
285 286 19 8
285 287 32 5
285 288 37 6
285 289 11 5
286 287 18 3
286 290 36 2
286 291 9 1
286 292 14 9
286 293 5 9
286 294 1 9
286 295 30 1
287 296 28 6
287 297 32 8
287 298 46 6
287 299 9 9

0 235 3
1 140 2
2 247 25
3 59 61
4 202 10
5 141 5
6 88 67
7 99 22
8 166 29
9 134 37
10 194 31
11 46 2
12 245 11
13 262 32
14 149 16
15 110 15
16 138 6
17 144 18
18 45 10
19 65 37
20 277 16
21 279 6
22 171 15
23 261 48
24 296 52
25 120 21
26 151 24
27 197 39
28 237 34
29 196 69
30 15 17
31 83 25
32 216 2
33 164 22
34 71 29
35 280 17
36 121 82
37 156 23
38 44 5
39 9 18
40 293 4
41 241 53
42 7 52
43 113 41
44 39 46
45 167 35
46 32 52
47 188 88
48 193 40
49 172 42
50 117 13
51 263 50
52 158 4
53 109 43
54 84 47
55 250 93
56 111 22
57 259 29
58 27 46
59 62 89
60 203 48
61 239 16
62 70 28
63 119 17
64 74 53
65 22 21
66 67 30
67 49 8
68 275 12
69 75 17
70 157 24
71 41 40
72 87 16
73 6 24
74 20 25
75 187 24
76 165 35
77 28 50
78 108 58
79 159 43
80 210 13
81 38 41
82 282 89
83 173 17
84 290 18
85 115 64
86 181 44
87 57 95
88 220 31
89 112 109
90 294 12
91 76 25
92 69 11
93 68 29
94 137 24
95 79 15
96 86 25
97 185 11
98 200 16
99 248 41
100 40 34
101 160 11
102 272 39
103 82 32
104 21 17
105 25 30
106 5 38
107 98 13
108 148 51
109 122 18
110 3 44
111 96 18
112 243 32
113 106 2
114 105 3
115 30 52
116 199 16
117 244 18
118 139 17
119 153 12
