300 794 120

0 30 200
1 60 400
2 120 1000
3 180 1600
4 240 2400
5 300 3000

0 1500
1 1500
2 1500
3 1500
4 1500
5 2000
6 1500
7 2000
8 2000
9 2000
10 1000
11 1500
12 1000
13 2000
14 2000
15 1000
16 2000
17 2000
18 1000
19 1000
20 1500
21 1500
22 1500
23 1000
24 1500
25 1000
26 2000
27 1000
28 2000
29 2000
30 1000
31 1000
32 1000
33 1500
34 2000
35 1000
36 2000
37 2000
38 1000
39 1000
40 2000
41 1000
42 2000
43 2000
44 2000
45 1500
46 1000
47 1000
48 2000
49 1500
50 1500
51 1500
52 1500
53 1500
54 1500
55 1000
56 1000
57 2000
58 1000
59 1500
60 1500
61 2000
62 2000
63 1000
64 1000
65 2000
66 2000
67 2000
68 1500
69 1000
70 1000
71 1000
72 2000
73 1000
74 2000
75 1500
76 1500
77 1500
78 2000
79 2000
80 1500
81 1500
82 1000
83 1000
84 1000
85 2000
86 1000
87 2000
88 1500
89 2000
90 1000
91 1500
92 1500
93 1500
94 1500
95 1500
96 1500
97 1500
98 500
99 1500
100 1500
101 2000
102 2000
103 1000
104 1000
105 1000
106 2000
107 2000
108 2000
109 1000
110 1000
111 1500
112 1500
113 2000
114 2000
115 2000
116 2000
117 1000
118 1500
119 2000
120 1000
121 2000
122 1000
123 1500
124 2000
125 1500
126 1000
127 2000
128 1500
129 2000
130 1500
131 1500
132 1500
133 1500
134 1500
135 1000
136 2000
137 1000
138 1000
139 1000
140 2000
141 2000
142 1000
143 2000
144 2000
145 2000
146 2000
147 1500
148 2000
149 2000
150 2000
151 2000
152 1500
153 2000
154 1500
155 1500
156 1500
157 1500
158 1500
159 1500
160 2000
161 1500
162 2000
163 2000
164 1500
165 1000
166 2000
167 1000
168 2000
169 2000
170 1500
171 2000
172 1500
173 2000
174 1000
175 2000
176 1000
177 2000
178 2000
179 2000
180 1500
181 1500
182 1500
183 2000
184 2000
185 1500
186 1500
187 2000
188 2000
189 1000
190 1000
191 1500
192 1000
193 2000
194 1500
195 1500
196 1500
197 1500
198 1500
199 1500
200 1500
201 1500
202 1000
203 1000
204 1000
205 1000
206 2000
207 2000
208 2000
209 1000
210 1000
211 1000
212 2000
213 2000
214 1500
215 1000
216 2000
217 2000
218 2000
219 1500
220 2000
221 2000
222 1000
223 2000
224 1000
225 1500
226 1500
227 1500
228 1500
229 2000
230 1000
231 2000
232 2000
233 2000
234 1000
235 1000
236 2000
237 2000
238 2000
239 1000
240 1500
241 2000
242 2000
243 2000
244 2000
245 1500
246 1500
247 1000
248 1000
249 2000
250 2000
251 2000
252 1000
253 2000
254 2000
255 1500
256 1500
257 1000
258 1500
259 2000
260 1000
261 2000
262 1000
263 2000
264 1000
265 1000
266 1500
267 2000
268 1500
269 2000
270 1500
271 2000
272 1000
273 2000
274 1000
275 1500
276 1500
277 2000
278 2000
279 1000
280 1000
281 2000
282 1000
283 2000
284 2000
285 1500
286 1500
287 1500
288 2000
289 1000
290 1000
291 1000
292 2000
293 1500
294 2000
295 2000
296 1000
297 1000
298 2000
299 2000

0 1 15 10
0 2 46 7
0 3 32 5
0 4 38 10
0 5 20 2
0 6 41 2
0 24 34 6
0 51 3 1
0 54 1 6
0 76 41 8
0 91 37 4
0 143 11 5
0 156 31 10
0 256 15 1
1 2 26 1
1 3 41 7
1 7 50 9
1 8 17 3
1 9 14 9
1 10 10 9
1 11 16 1
1 12 10 2
1 150 8 6
1 180 42 10
1 214 11 7
1 276 17 6
1 286 42 1
2 3 11 1
2 13 47 10
2 14 25 1
2 15 6 4
2 45 33 6
2 75 8 6
2 94 27 10
2 131 1 10
2 144 22 2
2 157 2 5
2 197 20 9
2 258 1 5
2 287 37 5
3 16 26 8
3 17 37 7
3 18 8 9
3 19 39 6
3 23 29 9
3 45 10 4
3 134 35 3
3 181 37 7
3 186 23 3
3 195 43 10
3 227 37 1
3 236 17 8
3 245 44 6
3 246 29 1
3 276 24 1
4 48 7 5
6 29 50 7
8 59 37 9
8 75 48 10
8 183 31 6
10 256 21 5
11 18 33 5
11 144 36 9
11 287 17 1
12 165 31 10
12 225 45 1
13 113 29 2
14 261 9 8
15 70 22 6
15 73 6 2
15 214 37 3
15 245 20 5
17 51 22 4
17 246 28 9
18 19 11 4
18 209 3 2
18 291 2 3
19 51 40 2
20 21 8 9
20 22 25 1
20 23 26 4
20 24 41 6
20 25 18 1
20 26 21 4
20 27 32 7
20 28 1 4
20 131 28 4
20 155 19 10
20 246 37 4
20 286 11 8
21 22 47 1
21 23 20 6
21 24 7 7
21 29 26 2
21 30 1 10
21 44 44 1
21 51 19 9
21 132 50 5
21 157 40 8
21 181 18 3
21 182 29 8
21 199 19 9
21 221 39 7
21 257 33 5
21 275 45 3
21 285 9 8
22 23 25 10
22 24 20 8
22 31 28 4
22 32 31 9
22 33 16 3
22 34 33 5
22 35 28 2
22 36 46 7
22 37 37 5
22 45 16 1
22 76 8 8
22 96 13 7
22 275 28 7
23 24 11 6
23 38 28 5
23 39 2 5
23 51 46 2
23 91 35 8
23 195 2 2
23 225 48 4
23 240 22 5
23 246 37 6
23 257 48 1
24 40 11 1
24 41 47 7
24 42 38 7
24 43 14 2
24 44 13 7
24 97 19 7
24 169 2 2
24 227 6 10
26 241 3 1
26 270 9 3
27 293 37 3
28 111 10 1
28 200 15 6
29 45 43 7
30 246 38 10
33 56 26 2
33 79 18 1
33 205 42 9
34 146 36 8
35 275 48 6
36 45 28 9
36 121 25 6
37 212 46 7
38 128 25 4
39 275 46 3
40 144 31 4
42 87 4 3
42 128 16 6
42 154 14 6
42 173 3 6
44 75 19 8
44 112 8 1
45 46 33 1
45 47 2 10
45 48 15 4
45 49 48 7
45 50 26 2
45 53 50 10
45 70 33 8
45 75 17 1
45 91 45 1
45 93 10 9
45 130 41 1
45 132 21 6
45 157 27 8
45 158 21 9
45 180 37 1
45 181 13 7
45 194 34 6
45 197 7 8
45 198 10 5
45 227 14 9
45 228 37 10
45 245 2 1
45 246 19 10
45 249 32 3
45 256 1 9
45 258 24 7
45 275 29 1
45 286 7 9
45 287 26 5
46 75 5 3
46 88 27 3
47 69 10 1
49 207 25 8
50 51 28 10
50 52 10 3
50 53 18 6
50 54 19 2
50 55 23 8
50 56 39 2
50 57 28 5
50 58 3 10
50 59 19 2
50 130 29 9
50 214 33 7
50 228 43 2
50 246 49 3
50 258 35 10
50 285 30 10
50 297 18 9
51 52 43 5
51 53 31 6
51 54 47 10
51 60 39 8
51 61 38 6
51 62 35 2
51 63 25 6
51 64 50 2
51 65 9 3
51 66 50 5
51 67 13 3
51 68 3 3
51 132 47 6
51 155 10 4
51 182 30 3
51 200 25 10
51 223 49 7
51 245 7 4
51 268 16 9
51 276 12 2
52 53 30 4
52 54 16 5
52 69 44 3
52 70 38 10
52 75 7 5
52 143 16 6
52 182 50 2
52 228 39 1
52 256 44 2
52 276 42 7
53 54 12 7
53 71 48 8
53 72 28 4
53 73 36 4
53 199 40 3
54 72 27 2
54 74 33 10
54 77 41 4
54 83 38 7
54 92 19 9
54 96 2 6
54 157 27 5
55 191 46 6
56 246 30 1
58 274 47 9
59 71 11 7
59 174 29 4
59 232 31 9
60 114 21 6
61 146 15 8
61 268 2 8
62 152 15 4
62 155 45 4
62 195 39 10
62 240 13 4
63 279 34 2
66 76 1 6
68 236 4 5
68 261 38 4
69 159 18 8
70 252 35 3
72 99 37 7
73 265 47 6
75 76 10 6
75 77 21 8
75 78 50 1
75 79 36 2
75 80 10 7
75 81 44 10
75 82 20 6
75 93 7 4
75 101 20 10
75 134 33 6
75 157 10 10
75 166 38 3
75 245 1 3
75 257 12 5
75 275 29 6
76 77 46 3
76 83 30 6
76 84 19 10
76 85 8 9
76 86 27 3
76 87 16 5
76 93 31 4
76 135 26 2
76 181 34 9
76 227 6 9
76 257 8 6
76 276 14 5
76 287 29 4
77 88 20 6
77 89 25 4
77 130 32 1
77 158 28 6
77 182 31 10
77 195 33 2
77 198 37 9
77 227 35 4
77 233 50 4
77 246 29 4
77 272 42 2
77 286 48 6
78 94 45 6
80 201 44 8
80 207 4 4
81 130 27 3
81 244 46 7
83 135 36 2
83 186 2 2
85 92 13 7
87 94 7 7
88 150 44 4
89 168 40 9
90 91 49 8
90 92 9 2
90 93 20 8
90 94 17 2
90 95 11 9
90 96 9 1
90 97 10 8
90 98 17 1
90 228 10 8
91 92 6 10
91 93 23 5
91 94 8 4
91 95 21 7
91 96 3 8
91 97 20 9
91 99 6 9
91 100 30 10
91 101 48 3
91 102 48 5
91 103 32 8
91 199 41 2
92 93 40 4
92 94 4 10
92 95 19 4
92 96 5 5
92 97 20 3
92 104 19 8
92 105 31 5
92 106 50 10
92 107 30 3
92 181 5 7
92 229 30 5
92 246 39 7
92 256 18 10
92 263 5 7
93 94 37 10
93 95 11 6
93 96 31 3
93 97 11 5
93 108 32 2
93 109 14 6
93 110 36 5
93 111 43 8
93 112 11 10
93 113 39 7
93 114 13 9
93 165 13 4
93 218 37 7
93 245 30 10
94 95 23 3
94 96 16 10
94 97 12 7
94 115 5 8
94 116 5 2
94 117 18 2
94 158 44 2
94 275 31 3
95 96 43 5
95 97 45 5
95 118 39 9
95 119 42 5
95 120 1 4
95 121 2 10
95 122 46 4
95 123 1 2
95 124 17 2
95 134 30 1
95 161 28 5
95 262 20 9
95 275 25 4
95 287 26 2
96 97 25 2
96 125 2 9
96 126 20 1
96 127 33 9
96 134 11 5
96 157 2 8
96 182 45 5
96 285 48 1
97 115 45 6
97 128 44 7
97 129 1 10
97 162 29 6
97 200 22 10
97 226 24 3
97 258 33 4
97 266 30 10
99 181 15 4
100 159 11 3
100 283 4 6
101 212 41 8
103 134 31 7
103 182 47 8
105 132 2 7
105 170 16 9
106 229 41 3
107 251 33 3
108 156 2 4
108 213 20 5
108 276 4 6
110 170 16 5
110 270 40 6
110 287 36 4
111 133 48 3
111 258 21 4
113 275 46 5
114 245 38 5
114 258 16 9
118 199 10 5
118 250 34 5
119 236 10 6
121 160 40 10
122 296 14 10
123 253 30 1
123 264 32 4
124 275 48 7
125 299 27 10
126 132 48 7
128 162 45 3
128 199 13 5
128 210 23 6
128 250 29 9
130 131 40 5
130 132 26 10
130 133 5 3
130 134 47 4
130 135 23 6
130 136 3 2
130 137 44 5
130 138 4 10
130 139 6 8
130 140 20 10
130 157 5 1
130 187 2 2
130 275 18 10
131 132 48 10
131 133 29 1
131 134 40 2
131 141 44 10
131 142 41 9
131 159 45 1
131 209 5 4
131 221 27 9
131 226 41 9
131 245 18 1
131 285 37 2
132 133 49 5
132 134 31 9
132 142 48 6
132 143 39 1
132 144 31 4
132 145 40 1
132 200 17 2
132 256 28 8
133 134 11 1
133 146 6 4
133 147 26 5
133 148 26 6
133 149 21 3
133 150 12 3
133 151 49 3
133 152 2 10
133 181 35 9
133 182 16 9
133 184 10 9
133 219 24 7
133 227 22 8
133 246 35 4
133 257 14 7
133 263 22 5
133 275 48 10
133 285 9 7
134 145 1 10
134 153 11 9
134 154 24 2
134 196 28 7
135 275 6 9
136 233 8 1
136 281 30 3
137 227 33 5
140 285 14 5
141 277 50 8
142 264 12 6
144 161 10 4
144 266 21 5
146 253 25 9
147 237 15 6
148 227 48 8
148 276 3 9
149 228 27 5
150 163 33 4
155 156 26 4
155 157 32 2
155 158 8 3
155 159 17 3
155 160 47 3
155 161 16 5
155 180 24 9
156 157 18 8
156 158 9 6
156 159 3 3
156 162 45 10
156 163 27 8
156 199 9 1
156 200 3 9
156 257 15 9
156 276 26 4
156 287 43 2
157 158 29 4
157 159 9 2
157 164 28 8
157 165 35 4
157 166 40 10
157 167 14 6
157 210 25 3
157 223 49 2
157 228 4 2
157 246 1 5
157 258 39 1
157 271 35 4
158 159 49 2
158 168 32 1
158 169 20 9
158 170 6 4
158 171 3 4
158 172 3 7
158 173 47 4
158 174 41 1
158 175 1 1
158 176 10 4
158 218 47 8
158 225 29 4
158 245 48 10
158 275 8 1
158 277 5 6
158 285 30 8
159 160 43 3
159 177 20 9
159 178 39 2
159 179 48 5
159 182 14 5
159 215 14 9
160 185 7 3
160 285 33 10
162 217 21 8
162 293 27 8
164 208 5 1
168 186 45 1
168 255 48 5
168 271 9 1
168 284 12 3
170 187 4 3
170 255 44 9
171 221 47 1
172 232 24 9
173 193 45 4
173 201 9 10
178 275 41 5
179 229 37 8
180 181 3 4
180 182 45 9
180 183 20 5
180 197 1 9
180 207 36 8
180 226 42 9
180 268 15 7
180 275 46 3
181 182 28 5
181 184 25 3
181 185 19 3
181 186 27 10
181 196 14 4
181 225 9 6
181 246 14 7
181 256 24 5
181 286 38 10
182 187 34 2
182 188 31 1
182 189 40 8
182 190 16 7
182 191 10 5
182 192 32 1
182 193 37 1
182 194 11 3
182 246 15 9
182 258 36 5
182 275 22 7
182 287 45 4
184 226 49 10
186 201 40 6
186 294 48 4
187 275 19 4
191 210 39 2
191 259 12 6
192 255 16 6
195 196 4 8
195 197 24 7
195 198 5 3
195 199 10 10
195 200 4 8
195 201 28 7
195 202 49 6
195 203 7 7
195 204 17 6
195 205 5 8
195 255 12 1
195 271 17 6
196 197 35 1
196 198 23 9
196 199 40 8
196 200 38 5
196 206 48 5
196 207 35 2
196 208 24 10
196 209 17 10
196 246 19 4
196 275 46 7
197 198 33 8
197 199 39 2
197 200 18 4
197 210 8 7
197 211 50 5
197 212 35 6
197 279 29 4
197 285 8 6
197 286 21 6
198 199 12 6
198 200 32 9
198 213 24 7
198 214 24 8
198 226 27 4
198 246 8 9
198 275 28 10
199 200 21 10
199 215 26 10
199 216 49 6
199 257 11 1
200 217 46 6
200 218 35 1
200 219 18 5
200 220 47 2
200 221 1 6
200 222 6 10
200 223 36 5
200 224 45 10
200 225 50 6
200 267 9 2
201 218 11 10
201 253 36 9
206 245 5 1
207 219 35 1
209 222 5 1
214 295 27 8
215 276 18 7
218 244 2 2
218 263 33 9
219 299 36 3
220 226 45 7
220 292 8 8
224 252 27 2
225 226 46 9
225 227 15 6
225 228 17 5
225 229 11 10
225 230 6 4
225 231 15 2
225 251 5 8
225 256 33 10
226 227 33 3
226 228 28 4
226 232 11 3
226 233 47 7
226 246 23 9
226 256 4 1
226 276 45 4
226 285 25 5
227 228 31 1
227 234 47 10
227 235 30 10
227 236 22 9
227 246 21 7
227 285 33 9
228 230 31 2
228 237 43 5
228 238 7 10
228 239 3 10
228 240 22 6
228 241 39 3
228 242 15 9
228 243 14 10
228 244 47 9
228 275 36 3
229 249 27 7
233 246 28 6
242 246 47 2
245 246 47 2
245 247 23 2
245 248 12 6
245 249 26 7
245 250 34 8
245 256 22 6
245 257 39 1
245 276 26 2
245 286 17 6
245 287 3 6
246 251 26 10
246 252 45 8
246 253 20 3
246 254 20 10
246 260 39 5
246 276 39 2
249 286 16 5
253 292 37 2
255 256 28 2
255 257 26 2
255 258 7 1
255 259 44 9
255 260 10 10
255 261 49 8
255 275 41 4
256 257 24 3
256 258 7 2
256 262 33 8
256 263 24 3
256 264 30 3
256 265 12 3
256 266 15 3
256 267 11 10
256 268 31 2
256 269 21 1
256 270 35 7
256 271 2 1
256 275 33 8
257 258 38 4
257 272 47 7
257 286 18 2
257 290 49 5
258 273 38 10
258 274 24 1
262 286 25 7
270 280 8 1
273 194 28 6
275 276 20 9
275 277 32 4
275 278 19 3
275 279 43 7
275 280 37 10
275 281 5 2
275 282 26 3
275 287 21 4
276 283 1 1
276 284 1 9
276 285 43 7
278 299 33 7
281 286 16 3
285 286 22 7
285 287 34 6
285 288 32 9
285 289 10 8
285 290 33 2
285 291 9 4
286 287 11 2
286 292 46 1
286 293 28 2
286 294 39 3
286 295 30 10
287 296 22 6
287 297 44 5
287 298 18 2
287 299 42 3

0 277 53
1 115 11
2 168 106
3 295 24
4 7 33
5 74 19
6 144 71
7 127 17
8 269 11
9 254 14
10 43 8
11 140 14
12 183 18
13 231 5
14 29 77
15 259 21
16 37 41
17 188 14
18 244 35
19 108 23
20 213 16
21 233 36
22 288 14
23 40 16
24 173 71
25 261 30
26 61 37
27 160 86
28 136 14
29 178 44
30 87 7
31 141 34
32 232 33
33 150 48
34 36 52
35 107 16
36 129 1
37 143 16
38 44 39
39 16 12
40 177 14
41 72 24
42 149 34
43 89 37
44 171 28
45 148 18
46 28 15
47 253 36
48 17 59
49 249 32
50 251 42
51 299 88
52 163 30
53 294 24
54 85 5
55 184 26
56 238 5
57 278 35
58 124 24
59 223 53
60 175 1
61 162 40
62 78 39
63 5 10
64 263 37
65 237 19
66 13 34
67 283 3
68 42 26
69 208 17
70 67 9
71 273 25
72 243 10
73 121 17
74 229 74
75 292 32
76 250 57
77 267 11
78 62 51
79 26 11
80 116 3
81 145 14
82 284 6
83 48 12
84 271 44
85 119 22
86 114 23
87 220 62
88 193 45
89 101 76
90 298 12
91 66 32
92 166 46
93 236 33
94 212 74
95 206 31
96 9 5
97 106 32
98 241 13
99 151 25
100 57 20
101 146 23
102 216 24
103 79 28
104 153 4
105 102 32
106 14 20
107 281 11
108 207 78
109 221 55
110 179 35
111 34 45
112 218 94
113 187 32
114 169 15
115 65 3
116 8 44
117 113 74
118 242 21
119 217 41
