300 805 120

0 30 200
1 60 400
2 120 1000
3 180 1600
4 240 2400
5 300 3000

0 1500
1 1500
2 1500
3 1000
4 1500
5 1000
6 2000
7 1500
8 2000
9 1500
10 1000
11 2000
12 1500
13 1500
14 1500
15 2000
16 1500
17 2000
18 2000
19 2000
20 1500
21 1500
22 2000
23 2000
24 1000
25 1500
26 1500
27 1500
28 1500
29 1500
30 1500
31 1500
32 1500
33 1500
34 1500
35 2000
36 1500
37 1500
38 2000
39 2000
40 1500
41 1500
42 2000
43 2000
44 2000
45 1500
46 1000
47 2000
48 1500
49 2000
50 1000
51 1000
52 1000
53 1000
54 2000
55 2000
56 1500
57 2000
58 2000
59 1000
60 1000
61 1500
62 2000
63 2000
64 1500
65 1000
66 1000
67 1500
68 2000
69 1500
70 1500
71 1500
72 1500
73 1000
74 2000
75 1500
76 2000
77 2000
78 2000
79 2000
80 1000
81 1000
82 2000
83 1000
84 1000
85 1500
86 1500
87 1500
88 2000
89 1000
90 1000
91 2000
92 2000
93 2000
94 2000
95 1500
96 1000
97 1500
98 1500
99 1000
100 1500
101 1500
102 2000
103 2000
104 2000
105 1500
106 2000
107 2000
108 2000
109 2000
110 1500
111 1500
112 1500
113 1000
114 2000
115 1000
116 1000
117 1000
118 2000
119 1500
120 2000
121 1500
122 2000
123 2000
124 2000
125 1500
126 1500
127 1500
128 2000
129 1500
130 1000
131 2000
132 2000
133 1000
134 1000
135 2000
136 1000
137 2000
138 2000
139 1000
140 1500
141 1500
142 1500
143 1500
144 2000
145 1000
146 2000
147 2000
148 2000
149 1500
150 2000
151 1000
152 2000
153 1500
154 1000
155 1000
156 1000
157 1000
158 2000
159 2000
160 1500
161 1500
162 1500
163 1500
164 2000
165 2000
166 2000
167 2000
168 1500
169 2000
170 1000
171 2000
172 2000
173 1000
174 2000
175 1500
176 1500
177 2000
178 2000
179 2000
180 1500
181 1500
182 1500
183 1500
184 1500
185 2000
186 2000
187 1500
188 1500
189 1500
190 1500
191 2000
192 2000
193 1000
194 2000
195 2000
196 2000
197 2000
198 1000
199 1000
200 1000
201 2000
202 2000
203 1500
204 2000
205 1000
206 1500
207 1500
208 1000
209 500
210 1000
211 2000
212 2000
213 2000
214 1500
215 2000
216 1500
217 1000
218 2000
219 2000
220 1500
221 1500
222 1500
223 1000
224 1500
225 2000
226 2000
227 1500
228 1000
229 1000
230 1500
231 1000
232 2000
233 2000
234 1500
235 1000
236 1000
237 2000
238 2000
239 1500
240 2000
241 1000
242 1500
243 2000
244 1000
245 1500
246 1500
247 1500
248 1500
249 1500
250 1500
251 1000
252 2000
253 1500
254 1500
255 2000
256 2000
257 2000
258 1000
259 2000
260 2000
261 1500
262 2000
263 2000
264 1000
265 1000
266 2000
267 1000
268 1500
269 2000
270 1000
271 2000
272 1000
273 2000
274 1000
275 1500
276 1500
277 1000
278 1500
279 2000
280 2000
281 1000
282 1500
283 1000
284 2000
285 2000
286 1000
287 2000
288 1000
289 1500
290 500
291 500
292 2000
293 1000
294 2000
295 1500
296 2000
297 2000
298 2000
299 1500

0 1 44 8
0 2 21 2
0 3 33 6
0 4 32 1
0 5 1 1
0 6 27 6
0 7 29 1
0 8 7 4
0 9 20 1
0 10 34 3
0 11 8 8
0 71 39 10
0 101 18 4
0 126 35 9
0 138 25 4
0 140 23 4
0 148 20 6
0 181 4 5
0 206 20 2
0 223 21 10
0 288 12 4
0 295 32 2
1 2 12 6
1 3 17 5
1 4 27 1
1 12 13 4
1 13 6 8
1 14 44 5
1 15 5 10
1 16 27 6
1 17 2 5
1 29 32 5
1 160 31 9
1 206 36 5
1 224 26 1
1 246 10 6
2 3 36 1
2 4 19 9
2 18 50 9
2 19 49 8
2 26 20 10
2 71 48 2
2 87 41 1
2 143 45 2
2 276 43 4
2 295 40 8
3 4 31 8
3 20 14 10
3 86 32 5
3 100 38 10
3 112 8 6
3 125 20 7
3 163 18 6
3 182 23 10
4 21 46 8
4 22 28 4
4 23 46 10
4 24 38 3
4 112 48 4
4 121 2 10
4 187 2 1
4 247 3 5
4 278 14 2
7 213 42 4
8 23 14 4
8 129 47 10
8 142 1 1
8 287 43 6
9 61 2 7
9 186 7 3
9 277 33 8
9 296 22 6
10 184 22 2
12 126 21 1
12 127 48 9
12 284 31 8
13 50 32 3
13 98 8 6
13 100 8 1
13 111 42 7
13 138 48 10
13 163 24 3
14 42 4 7
14 119 30 8
15 282 47 6
16 100 49 4
16 164 27 5
16 224 29 10
17 109 27 5
17 114 23 9
17 119 3 9
20 33 7 6
20 172 5 6
21 202 36 9
22 131 29 5
22 255 33 6
25 26 43 1
25 27 23 7
25 28 6 8
25 29 2 5
25 30 33 8
25 31 4 3
25 32 33 6
25 33 39 4
25 34 5 2
25 35 9 7
25 36 38 10
25 84 16 4
25 183 24 2
25 188 16 1
25 220 22 10
26 27 44 1
26 28 40 3
26 29 5 9
26 30 23 7
26 31 49 10
26 32 12 2
26 33 11 1
26 37 30 5
26 38 44 4
26 39 26 9
26 40 32 9
26 41 45 9
26 42 50 8
26 49 3 1
26 71 9 3
26 101 11 5
26 112 36 9
26 125 40 9
26 205 13 2
26 277 5 4
27 28 11 8
27 29 1 5
27 30 6 5
27 31 26 10
27 32 37 2
27 33 1 9
27 43 12 7
27 44 11 6
27 295 39 1
28 29 41 5
28 30 6 8
28 31 8 7
28 32 44 6
28 33 11 8
28 45 46 6
28 46 5 8
28 47 41 2
28 48 29 2
28 49 43 3
28 50 40 2
28 80 21 8
28 86 21 10
28 127 32 1
28 210 12 6
28 295 30 9
29 30 40 8
29 31 43 2
29 32 15 3
29 33 20 3
29 51 4 5
29 74 42 9
29 111 47 5
29 135 38 5
29 162 42 9
29 223 17 3
29 248 8 4
29 257 18 6
30 31 37 1
30 32 21 2
30 33 46 1
30 52 7 5
30 53 39 3
30 54 35 5
30 55 5 5
30 56 2 10
30 80 38 5
30 141 28 4
30 162 2 1
30 275 29 8
31 32 28 1
31 33 26 3
31 57 50 9
31 58 7 1
31 59 5 4
31 60 40 4
31 70 34 1
31 85 47 9
31 101 45 1
31 245 31 9
32 33 39 9
32 61 18 10
32 62 36 3
32 63 36 9
32 64 44 9
32 65 35 6
32 74 31 8
32 183 27 5
32 197 23 6
33 66 28 7
33 67 24 5
33 68 38 5
33 69 16 2
33 176 7 7
33 206 18 9
34 107 47 3
35 39 5 8
36 153 23 5
36 159 36 8
37 171 40 6
38 121 44 6
39 254 31 9
40 172 31 3
41 240 36 7
43 127 30 2
43 187 2 7
43 299 24 5
44 47 44 5
44 292 17 4
45 141 25 8
45 159 8 8
46 199 43 1
47 140 33 10
48 78 22 8
48 206 14 2
49 271 2 3
50 59 49 1
51 187 9 1
51 239 8 4
53 142 11 1
54 112 13 3
54 222 18 9
54 261 10 2
54 275 21 4
55 69 10 9
55 123 43 5
55 142 40 5
55 163 2 2
55 242 30 8
56 58 26 7
56 141 13 7
56 244 17 4
58 169 20 2
60 110 8 10
61 150 33 2
61 201 48 7
64 104 5 5
65 206 34 8
66 245 6 2
67 221 50 1
67 241 14 4
67 262 6 3
69 134 43 9
69 143 35 4
70 71 50 2
70 72 4 2
70 73 30 2
70 74 8 8
70 75 25 7
70 82 21 9
70 87 12 6
70 101 23 9
70 126 21 4
70 160 47 1
70 180 47 10
70 205 16 6
70 221 3 6
70 278 8 5
71 72 42 6
71 76 25 2
71 77 15 8
71 87 10 9
71 101 46 5
71 132 19 3
71 142 3 6
71 182 44 7
71 206 4 9
71 243 20 3
71 248 20 8
71 266 44 3
71 278 29 6
71 295 42 1
72 78 12 1
72 79 41 9
72 80 32 10
72 81 21 8
72 82 12 1
72 83 19 8
72 84 28 9
72 110 32 6
72 112 23 4
72 127 6 5
72 140 44 10
72 154 33 4
72 160 47 1
72 167 7 3
72 221 9 4
72 250 38 9
72 293 31 4
73 80 28 9
73 142 31 3
73 184 3 4
73 265 22 5
74 195 21 1
75 255 19 4
77 123 5 9
77 239 21 8
81 248 11 1
82 195 26 2
82 268 28 3
83 100 17 2
84 101 15 2
85 86 22 8
85 87 39 2
85 88 2 7
85 100 27 6
85 142 13 4
85 182 12 1
85 223 33 6
85 275 50 8
85 285 34 8
86 87 26 6
86 89 8 2
86 90 36 10
86 110 33 2
86 125 14 8
86 126 32 4
86 155 14 9
86 156 44 3
86 160 5 6
86 181 32 3
86 206 37 7
86 220 6 8
86 247 46 2
86 259 50 2
86 295 12 5
87 91 17 5
87 92 26 10
87 93 16 3
87 94 31 10
87 95 50 1
87 96 1 1
87 97 1 10
87 98 26 2
87 99 35 7
87 143 25 6
87 163 44 7
87 195 3 1
87 205 18 3
87 249 18 6
87 277 4 4
87 295 25 8
90 105 13 2
92 249 18 4
93 177 44 9
94 165 17 2
94 192 49 9
94 227 42 7
95 141 18 8
95 212 35 1
96 183 18 9
97 232 40 10
97 253 50 5
98 120 9 2
98 124 45 8
98 211 15 4
98 296 29 5
100 101 20 8
100 102 14 5
100 173 31 1
100 181 47 9
100 226 1 3
100 237 45 7
100 246 32 8
100 275 9 3
100 295 11 8
101 103 16 10
101 104 19 8
101 105 20 5
101 106 18 8
101 107 35 6
101 108 41 6
101 109 19 9
101 112 16 2
101 125 9 5
101 141 27 2
101 143 29 3
101 152 16 10
101 160 25 6
101 161 44 8
101 182 35 9
101 189 14 2
101 205 22 2
101 207 23 9
101 221 41 5
101 245 24 6
101 259 24 4
101 277 37 2
102 292 3 10
103 122 38 7
103 190 11 1
104 119 26 2
104 194 18 7
105 274 26 6
105 298 42 6
106 242 11 4
107 266 45 5
110 111 39 4
110 112 41 10
110 113 7 6
110 114 27 5
110 115 31 7
110 126 46 5
110 127 34 4
110 160 23 7
110 163 49 5
110 184 20 6
110 206 50 2
110 207 26 9
110 222 30 3
110 262 8 1
110 277 6 3
110 295 45 1
111 112 11 3
111 116 11 5
111 117 23 6
111 118 39 5
111 119 27 7
111 120 33 10
111 121 36 7
111 122 24 10
111 142 16 10
111 145 29 9
111 152 3 9
111 184 2 6
111 223 42 7
111 245 26 3
111 278 40 8
111 295 35 10
112 123 20 5
112 124 36 5
112 140 47 6
114 175 17 2
114 216 20 10
115 125 27 7
115 170 16 8
116 117 44 7
118 252 1 5
119 182 32 5
119 194 6 6
121 143 37 3
122 295 18 1
125 126 39 8
125 127 41 4
125 128 40 4
125 129 37 5
125 130 36 8
125 131 33 7
125 143 34 4
125 151 26 6
125 160 7 2
125 181 33 2
125 205 14 8
125 223 8 8
125 232 36 5
125 271 9 3
125 275 35 10
125 295 21 6
126 127 6 1
126 132 14 9
126 133 2 1
126 143 31 1
126 162 2 6
126 179 5 3
126 183 35 5
126 207 28 8
126 223 1 9
126 245 38 7
126 265 42 8
126 295 37 3
127 134 38 10
127 135 45 9
127 136 15 8
127 137 4 2
127 138 19 1
127 139 12 10
127 246 35 3
127 276 33 2
131 135 19 7
131 153 21 7
132 279 10 9
133 206 35 7
134 268 45 4
134 293 7 2
137 179 47 2
138 192 18 2
140 141 37 7
140 142 11 6
140 143 2 3
140 144 4 9
140 145 37 8
140 146 8 7
140 147 46 10
140 148 7 9
140 160 16 1
140 166 23 7
140 221 17 6
140 234 37 2
141 142 10 8
141 143 32 1
141 149 39 3
141 150 8 9
141 151 13 5
141 152 2 3
141 182 32 9
141 249 2 5
141 275 2 7
141 278 50 5
142 143 15 2
142 145 39 2
142 153 10 4
142 154 40 10
142 155 46 2
142 156 14 9
142 162 41 5
142 205 4 1
142 206 35 4
142 232 40 9
142 295 33 6
143 157 41 1
143 158 22 6
143 159 15 6
143 181 39 3
143 223 44 3
143 249 5 5
143 295 26 4
146 295 31 7
149 189 15 1
149 204 29 6
150 220 36 9
152 295 49 9
155 162 25 1
159 214 9 7
160 161 32 1
160 162 45 2
160 163 5 5
160 164 16 2
160 165 37 3
160 166 23 5
160 170 29 2
160 243 6 1
160 250 47 10
160 277 38 7
160 292 10 3
160 295 32 2
161 162 11 1
161 163 48 3
161 167 9 10
161 168 5 7
161 169 6 7
161 170 9 9
161 171 31 9
161 180 5 10
161 183 35 7
161 207 18 10
161 220 17 2
161 276 41 9
162 140 41 4
162 163 27 8
162 169 31 8
162 172 3 6
162 221 38 10
162 245 3 4
163 173 22 10
163 174 26 6
163 175 24 8
163 176 39 6
163 177 16 5
163 178 34 6
163 179 40 6
163 206 38 4
163 295 28 8
165 222 13 8
166 175 1 3
168 208 33 7
168 232 11 9
169 279 9 6
170 299 12 6
171 278 15 10
174 181 11 2
174 243 36 10
175 297 42 10
176 284 12 8
177 206 19 10
177 230 45 1
179 207 45 1
180 181 17 6
180 182 18 3
180 183 42 6
180 184 39 5
180 185 17 9
180 186 22 10
180 187 48 6
180 188 39 9
180 189 20 8
180 242 43 1
181 182 45 9
181 183 27 2
181 184 16 7
181 190 42 3
181 191 26 4
181 192 39 10
181 193 44 3
181 194 17 3
181 195 38 4
181 196 8 10
181 198 46 4
181 245 34 6
181 275 13 3
181 295 8 1
182 183 8 9
182 184 5 9
182 197 10 6
182 198 4 9
182 199 33 4
182 220 35 7
182 226 26 2
183 184 31 4
183 200 26 5
183 207 48 7
183 215 41 2
183 271 9 2
183 277 49 4
184 201 43 9
184 202 4 7
184 203 28 5
184 204 29 5
184 205 20 6
184 221 19 1
184 249 2 5
186 219 46 8
188 197 19 3
188 238 13 7
189 232 33 1
194 295 14 3
197 257 23 9
198 245 31 2
203 261 39 4
203 271 28 1
205 206 10 7
205 207 9 4
205 208 16 5
205 209 42 5
205 210 20 5
205 245 22 9
205 275 29 6
205 276 3 6
205 295 34 7
206 207 37 9
206 211 47 7
206 212 28 9
206 213 6 3
206 214 2 10
206 215 21 1
206 216 36 3
206 217 36 6
206 223 34 3
206 293 15 2
206 295 11 5
207 215 41 3
207 218 14 3
207 219 24 4
207 223 38 10
207 247 27 10
207 252 43 5
212 234 18 4
214 221 30 7
216 247 12 10
217 235 44 8
219 261 18 10
220 221 37 6
220 222 46 5
220 223 41 10
220 224 45 5
220 225 20 10
220 226 40 4
220 227 8 3
220 228 2 6
220 229 40 3
220 230 40 3
221 222 31 8
221 223 46 6
221 224 44 7
221 231 24 6
221 232 33 3
221 245 36 1
221 277 49 2
221 295 37 10
222 223 16 9
222 224 29 9
222 233 23 10
222 234 40 4
222 235 16 8
222 236 25 1
222 237 25 1
222 238 13 3
222 277 12 7
223 224 26 7
223 239 8 7
223 295 4 6
224 240 9 6
224 241 12 10
224 242 48 7
224 243 9 8
224 244 24 8
224 250 17 4
224 260 15 6
224 272 9 6
226 248 2 8
229 267 28 3
230 241 32 2
234 285 34 6
235 283 1 7
237 253 31 1
241 289 6 7
244 245 10 10
245 246 33 6
245 247 44 3
245 248 25 6
245 249 35 10
245 250 34 8
245 251 23 5
245 252 45 5
245 253 35 1
245 254 18 5
245 255 41 8
245 278 25 9
245 295 28 3
246 247 29 9
246 248 13 6
246 249 7 8
246 250 37 5
246 256 3 6
246 257 3 6
246 258 17 1
246 259 23 3
246 260 47 4
246 261 36 4
246 262 9 3
246 263 39 10
247 248 21 1
247 249 24 4
247 250 29 3
247 264 7 2
247 287 47 4
247 295 36 6
248 249 42 6
248 250 44 3
248 265 16 6
248 266 31 4
248 267 10 7
248 268 34 9
248 269 43 5
249 250 13 1
249 270 47 10
249 271 23 10
249 272 26 6
249 278 20 9
250 273 12 2
250 274 36 9
250 284 5 7
254 267 43 5
257 289 42 3
267 295 1 6
270 291 20 3
272 295 12 6
273 196 25 6
274 286 10 2
275 276 44 3
275 277 33 9
275 278 11 9
275 279 34 9
275 280 12 1
275 281 13 2
275 282 42 5
276 277 4 4
276 278 30 8
276 283 29 6
276 284 14 9
276 285 44 6
276 286 18 1
276 287 31 8
277 278 2 1
277 288 5 6
277 289 44 10
277 290 9 2
277 291 3 10
277 295 20 7
278 292 50 5
278 293 20 9
278 294 5 1
295 296 13 10
295 297 1 6
295 298 3 3
295 299 10 1

0 280 5
1 77 22
2 144 2
3 132 14
4 285 75
5 88 1
6 8 57
7 202 19
8 256 2
9 19 21
10 92 22
11 11 4
12 196 13
13 138 72
14 150 51
15 22 60
16 169 43
17 78 21
18 35 4
19 179 83
20 232 135
21 213 30
22 191 10
23 257 26
24 164 17
25 15 28
26 131 35
27 186 32
28 201 50
29 38 55
30 68 21
31 79 11
32 226 26
33 159 16
34 238 10
35 122 48
36 94 48
37 215 67
38 147 20
39 204 19
40 178 19
41 106 8
42 167 12
43 294 4
44 197 37
45 102 11
46 237 23
47 269 17
48 55 88
49 58 32
50 63 8
51 104 38
52 109 21
53 240 18
54 23 28
55 292 39
56 91 5
57 171 30
58 54 66
59 260 14
60 152 32
61 57 33
62 93 37
63 42 32
64 279 18
65 44 43
66 6 14
67 76 6
68 120 13
69 194 30
70 82 19
71 49 22
72 266 69
73 263 9
74 74 41
75 128 9
76 225 13
77 298 19
78 177 84
79 18 12
80 47 69
81 172 18
82 259 41
83 158 8
84 43 21
85 165 42
86 135 33
87 218 4
88 255 23
89 62 23
90 271 43
91 114 52
92 123 40
93 137 15
94 287 48
95 262 11
96 211 41
97 273 25
98 284 34
99 124 49
100 243 43
101 39 37
102 118 21
103 296 31
104 195 40
105 297 23
106 174 22
107 107 47
108 108 14
109 103 16
110 233 9
111 17 34
112 166 24
113 146 18
114 192 33
115 185 9
116 212 34
117 148 10
118 252 53
119 219 47
