800 2741 320

0 25 200
1 50 400
2 100 1000
3 150 1600
4 200 2400
5 250 3000

0 1500
1 1500
2 1500
3 1500
4 2000
5 2000
6 1000
7 2000
8 1000
9 2000
10 2000
11 1000
12 2000
13 2000
14 2000
15 1500
16 1000
17 1000
18 2000
19 1000
20 1500
21 1000
22 1500
23 1500
24 1500
25 1500
26 2000
27 2000
28 2000
29 500
30 1500
31 2000
32 1500
33 2000
34 2000
35 2000
36 2000
37 2000
38 2000
39 1000
40 1500
41 2000
42 2000
43 2000
44 2000
45 1500
46 1000
47 1500
48 1500
49 2000
50 1000
51 1500
52 2000
53 500
54 1500
55 1500
56 500
57 1000
58 2000
59 2000
60 2000
61 1000
62 1000
63 1000
64 2000
65 1000
66 1500
67 500
68 1500
69 500
70 1000
71 1000
72 1000
73 2000
74 1500
75 1500
76 1500
77 2000
78 1000
79 2000
80 1500
81 2000
82 1000
83 2000
84 2000
85 1000
86 1500
87 1500
88 1500
89 1500
90 1500
91 1500
92 1500
93 1500
94 2000
95 2000
96 2000
97 1500
98 1500
99 2000
100 2000
101 2000
102 2000
103 1000
104 1000
105 2000
106 2000
107 2000
108 1000
109 2000
110 2000
111 1500
112 1000
113 2000
114 1000
115 1500
116 2000
117 1000
118 1500
119 2000
120 2000
121 2000
122 1500
123 2000
124 1500
125 1500
126 2000
127 1500
128 1500
129 2000
130 1500
131 1500
132 1000
133 1500
134 1500
135 2000
136 2000
137 1000
138 2000
139 1000
140 2000
141 2000
142 2000
143 500
144 1500
145 1500
146 1500
147 1000
148 1000
149 1000
150 1000
151 2000
152 1000
153 2000
154 1500
155 1500
156 1500
157 1500
158 1500
159 1500
160 2000
161 1000
162 1000
163 2000
164 1000
165 2000
166 2000
167 1000
168 1000
169 1500
170 2000
171 2000
172 2000
173 1000
174 1000
175 2000
176 2000
177 1500
178 2000
179 1500
180 1000
181 1500
182 1500
183 2000
184 2000
185 2000
186 1000
187 1000
188 2000
189 1000
190 1500
191 1000
192 2000
193 1000
194 2000
195 2000
196 2000
197 1500
198 500
199 1500
200 1000
201 500
202 500
203 1500
204 1500
205 1500
206 1000
207 1500
208 1500
209 1500
210 2000
211 2000
212 500
213 1000
214 500
215 1500
216 1000
217 2000
218 1500
219 2000
220 1000
221 2000
222 1000
223 1000
224 1500
225 1500
226 2000
227 1500
228 2000
229 2000
230 1000
231 1500
232 1500
233 1500
234 1500
235 1500
236 1500
237 1500
238 2000
239 1000
240 2000
241 1000
242 2000
243 2000
244 2000
245 2000
246 2000
247 2000
248 1000
249 2000
250 2000
251 1000
252 2000
253 2000
254 1500
255 1000
256 2000
257 1500
258 2000
259 2000
260 1500
261 1500
262 1500
263 1500
264 1500
265 2000
266 1000
267 1500
268 2000
269 1500
270 1000
271 2000
272 1000
273 2000
274 2000
275 2000
276 1000
277 2000
278 1000
279 2000
280 1500
281 1500
282 2000
283 1000
284 2000
285 2000
286 2000
287 2000
288 1000
289 2000
290 1500
291 1500
292 1500
293 1500
294 1000
295 2000
296 2000
297 2000
298 1500
299 2000
300 2000
301 2000
302 2000
303 2000
304 2000
305 2000
306 2000
307 1000
308 2000
309 2000
310 2000
311 2000
312 2000
313 1500
314 500
315 1500
316 1000
317 2000
318 1000
319 1000
320 1000
321 2000
322 500
323 500
324 500
325 1500
326 1500
327 2000
328 1500
329 2000
330 1500
331 1500
332 1500
333 1500
334 2000
335 2000
336 2000
337 1000
338 2000
339 1500
340 2000
341 1000
342 2000
343 2000
344 1000
345 2000
346 2000
347 2000
348 1000
349 1500
350 1500
351 1000
352 1500
353 1500
354 1500
355 2000
356 1000
357 1000
358 1000
359 500
360 500
361 500
362 2000
363 1000
364 1000
365 1500
366 1500
367 2000
368 1000
369 1500
370 1000
371 1500
372 1500
373 1500
374 1500
375 1500
376 1000
377 500
378 500
379 1500
380 2000
381 1500
382 2000
383 2000
384 1500
385 1000
386 2000
387 1500
388 2000
389 2000
390 1500
391 2000
392 1500
393 1000
394 1000
395 1000
396 1000
397 2000
398 2000
399 1000
400 1500
401 2000
402 2000
403 1000
404 1000
405 1500
406 1500
407 1500
408 1000
409 1000
410 1000
411 2000
412 2000
413 2000
414 2000
415 2000
416 2000
417 1000
418 1500
419 1000
420 1500
421 1500
422 1000
423 1500
424 1000
425 1500
426 1500
427 1500
428 2000
429 1500
430 1000
431 2000
432 1000
433 2000
434 1500
435 1000
436 2000
437 2000
438 1500
439 1000
440 2000
441 500
442 1500
443 2000
444 1000
445 2000
446 1000
447 2000
448 2000
449 1500
450 1500
451 1000
452 1500
453 2000
454 1000
455 1500
456 2000
457 1000
458 1000
459 1000
460 1500
461 1500
462 1500
463 1500
464 2000
465 2000
466 1500
467 2000
468 2000
469 1500
470 2000
471 2000
472 1000
473 2000
474 1000
475 1500
476 1000
477 1000
478 2000
479 2000
480 1500
481 1500
482 1500
483 1500
484 1000
485 1500
486 1500
487 1000
488 2000
489 1000
490 1500
491 2000
492 2000
493 1500
494 2000
495 1500
496 1000
497 2000
498 2000
499 2000
500 2000
501 2000
502 1000
503 1500
504 1000
505 1000
506 1000
507 2000
508 1000
509 2000
510 1000
511 2000
512 1000
513 1500
514 1500
515 1500
516 1500
517 1500
518 1000
519 1000
520 1000
521 1000
522 1000
523 2000
524 2000
525 2000
526 1000
527 2000
528 1000
529 2000
530 1500
531 1000
532 2000
533 2000
534 500
535 1500
536 1500
537 1500
538 1500
539 1500
540 2000
541 2000
542 1000
543 2000
544 2000
545 2000
546 1000
547 1000
548 2000
549 1500
550 1000
551 1000
552 2000
553 1500
554 2000
555 1500
556 1500
557 1500
558 1500
559 1000
560 2000
561 1500
562 1000
563 2000
564 2000
565 2000
566 2000
567 1000
568 2000
569 2000
570 2000
571 2000
572 2000
573 2000
574 1500
575 2000
576 1000
577 500
578 1500
579 500
580 1500
581 1500
582 1500
583 1500
584 2000
585 2000
586 1500
587 1000
588 1500
589 2000
590 1000
591 2000
592 2000
593 2000
594 1000
595 1500
596 1500
597 1500
598 1500
599 1500
600 1500
601 2000
602 1500
603 1000
604 2000
605 2000
606 2000
607 2000
608 2000
609 2000
610 2000
611 1500
612 1500
613 1500
614 1000
615 1500
616 2000
617 1000
618 2000
619 2000
620 1000
621 1500
622 1000
623 1500
624 2000
625 1500
626 1500
627 1000
628 1500
629 1000
630 2000
631 2000
632 1000
633 1000
634 2000
635 1500
636 2000
637 1500
638 2000
639 1000
640 1000
641 1000
642 500
643 500
644 2000
645 2000
646 1000
647 1000
648 1500
649 1000
650 1500
651 1500
652 1500
653 1500
654 1500
655 1500
656 1500
657 1500
658 2000
659 1000
660 2000
661 1500
662 2000
663 2000
664 1000
665 1000
666 2000
667 1000
668 2000
669 2000
670 1000
671 2000
672 1000
673 1500
674 2000
675 1500
676 2000
677 2000
678 2000
679 1500
680 2000
681 1000
682 1000
683 1500
684 2000
685 2000
686 2000
687 1000
688 2000
689 1000
690 1500
691 1500
692 1500
693 1000
694 2000
695 1000
696 2000
697 2000
698 2000
699 2000
700 1000
701 2000
702 1500
703 2000
704 1500
705 1500
706 1500
707 1500
708 1500
709 1500
710 1500
711 1000
712 2000
713 1000
714 2000
715 1000
716 1000
717 1000
718 1000
719 1500
720 1000
721 1500
722 2000
723 2000
724 2000
725 2000
726 2000
727 2000
728 2000
729 1500
730 2000
731 2000
732 2000
733 2000
734 1500
735 2000
736 1500
737 2000
738 1500
739 500
740 1500
741 1500
742 1500
743 1500
744 2000
745 2000
746 2000
747 2000
748 2000
749 2000
750 2000
751 1000
752 2000
753 2000
754 1500
755 1500
756 1500
757 1000
758 2000
759 1000
760 1500
761 1500
762 1000
763 1000
764 1500
765 1500
766 1000
767 2000
768 2000
769 1500
770 2000
771 2000
772 2000
773 1500
774 1500
775 1500
776 1500
777 1500
778 1500
779 1500
780 2000
781 1500
782 1500
783 2000
784 2000
785 2000
786 1500
787 1000
788 2000
789 2000
790 2000
791 1500
792 1000
793 2000
794 1000
795 2000
796 2000
797 2000
798 2000
799 2000

0 1 3 9
0 2 15 4
0 3 25 4
0 4 26 9
0 5 30 7
0 65 8 8
0 75 3 8
0 180 6 3
0 181 21 1
0 200 9 8
0 232 19 3
0 260 24 6
0 280 43 10
0 325 43 10
0 353 41 10
0 407 18 6
0 461 49 1
0 536 49 6
0 538 37 7
0 559 26 2
0 580 23 8
0 625 45 2
0 655 36 6
0 691 31 1
0 741 6 8
0 776 17 9
1 2 2 6
1 3 22 1
1 6 9 6
1 7 10 7
1 8 36 6
1 9 47 7
1 24 30 1
1 48 37 5
1 75 49 6
1 91 12 7
1 125 10 2
1 130 14 5
1 132 9 2
1 155 46 3
1 190 21 8
1 191 46 7
1 262 13 1
1 316 5 6
1 325 46 6
1 350 36 8
1 370 1 7
1 463 2 8
1 515 49 10
1 582 28 5
1 629 5 6
1 657 31 5
1 706 8 10
1 711 25 3
1 755 9 3
1 762 18 5
2 3 39 6
2 10 35 5
2 11 47 2
2 12 2 5
2 13 5 7
2 80 39 8
2 125 45 4
2 209 11 4
2 316 2 7
2 333 13 3
2 371 42 3
2 405 46 4
2 420 33 2
2 426 11 5
2 482 5 10
2 778 28 8
3 14 6 7
3 15 48 1
3 16 2 5
3 17 37 3
3 18 16 7
3 19 49 4
3 48 34 7
3 66 18 6
3 86 30 9
3 159 34 6
3 205 43 8
3 233 9 1
3 280 35 4
3 291 40 4
3 292 15 9
3 330 28 8
3 480 50 8
3 556 33 4
3 595 12 10
3 599 4 6
3 692 18 7
3 741 42 10
3 755 48 10
3 760 24 2
4 791 37 7
5 549 37 2
5 552 22 2
5 583 47 8
6 590 31 9
7 588 8 9
9 79 13 3
9 93 20 7
10 219 2 1
10 342 38 7
11 248 35 1
12 273 30 4
12 493 38 1
14 764 5 2
15 113 2 8
16 385 30 3
18 621 25 8
20 21 40 10
20 22 48 7
20 23 12 10
20 24 49 2
20 25 23 1
20 26 5 5
20 27 15 5
20 28 2 2
20 45 36 1
20 65 32 6
20 80 17 4
20 90 3 5
20 180 26 7
20 181 1 4
20 191 44 8
20 280 28 2
20 290 20 7
20 330 48 1
20 350 44 4
20 463 33 5
20 582 6 8
20 657 37 4
20 708 42 4
20 740 8 1
20 777 10 9
21 22 22 1
21 23 46 5
21 24 22 10
21 29 23 7
21 86 48 7
21 209 49 7
21 325 16 4
21 332 46 4
21 350 1 2
21 407 17 4
21 426 31 6
21 480 10 9
21 691 40 9
21 755 6 9
21 761 19 3
22 23 28 4
22 24 1 4
22 30 15 4
22 31 43 10
22 32 6 10
22 46 43 8
22 75 33 5
22 80 2 2
22 125 29 2
22 131 49 3
22 200 18 7
22 280 25 3
22 294 2 6
22 315 36 6
22 516 31 8
22 537 39 6
22 582 50 10
22 628 41 8
22 629 3 10
22 708 10 9
23 24 4 7
23 33 18 8
23 34 8 10
23 35 47 4
23 36 50 5
23 37 33 7
23 155 21 3
23 190 26 5
23 200 9 2
23 233 28 7
23 263 26 4
23 316 29 2
23 325 40 1
23 376 13 10
23 406 12 5
23 424 25 4
23 518 40 8
23 535 33 10
23 600 30 2
23 651 11 1
23 760 3 4
23 777 39 3
24 38 16 8
24 39 17 4
24 40 1 2
24 41 30 5
24 42 11 10
24 43 12 3
24 44 11 3
24 65 25 3
24 75 16 4
24 125 34 8
24 131 2 6
24 156 31 8
24 207 4 8
24 230 28 7
24 261 44 4
24 373 15 5
24 463 42 8
24 484 7 3
24 557 17 8
24 558 11 6
24 597 31 5
24 691 17 9
24 742 29 9
24 755 2 10
25 684 27 6
27 379 11 4
28 54 47 10
29 395 10 4
30 532 48 6
31 68 22 7
32 688 31 10
32 764 28 5
34 397 41 8
35 469 46 9
36 237 41 2
37 661 48 10
38 254 3 8
38 257 25 1
38 544 36 4
39 632 11 9
40 459 20 6
40 467 14 7
41 362 47 5
41 494 28 6
42 790 21 8
45 46 15 6
45 47 46 1
45 48 2 6
45 49 36 6
45 50 30 4
45 51 16 7
45 52 2 8
45 90 21 4
45 125 3 8
45 130 26 10
45 190 34 7
45 232 15 4
45 235 32 10
45 262 37 10
45 281 27 3
45 316 7 4
45 353 14 7
45 374 18 8
45 422 39 3
45 516 4 5
45 535 50 3
45 557 16 9
45 580 13 1
45 761 12 6
45 762 9 4
46 47 30 5
46 48 4 7
46 53 46 10
46 54 37 9
46 55 23 1
46 56 43 1
46 80 28 7
46 125 8 7
46 180 40 4
46 191 25 3
46 200 38 2
46 207 8 5
46 280 48 5
46 325 8 8
46 407 40 4
46 483 32 4
46 486 37 6
46 536 7 8
46 559 16 7
46 629 9 1
46 651 5 10
46 691 32 5
46 741 22 1
47 48 16 6
47 57 25 7
47 58 41 4
47 59 16 6
47 60 31 4
47 75 5 7
47 134 49 2
47 180 38 5
47 209 25 3
47 260 20 2
47 292 7 5
47 330 28 6
47 371 12 1
47 426 14 10
47 462 35 4
47 517 36 1
47 597 26 8
47 629 16 2
47 691 37 3
47 755 2 3
47 775 6 4
47 777 14 4
48 61 49 5
48 62 32 4
48 63 15 7
48 64 3 3
48 65 34 6
48 66 46 3
48 75 46 1
48 92 37 9
48 155 38 6
48 157 25 1
48 200 1 10
48 294 31 9
48 315 41 3
48 332 38 9
48 351 7 9
48 407 25 8
48 463 41 4
48 596 20 3
48 657 10 4
48 707 6 7
48 708 12 7
48 755 22 9
50 594 16 8
51 772 8 1
53 646 23 9
54 120 30 8
55 151 8 6
55 213 44 3
56 763 4 1
59 229 7 5
59 631 19 5
60 676 9 7
65 66 17 5
65 67 43 6
65 68 40 6
65 69 34 2
65 75 45 1
65 80 16 6
65 90 33 1
65 125 47 7
65 131 39 7
65 132 44 5
65 158 41 7
65 159 38 10
65 181 27 1
65 206 22 1
65 207 48 3
65 233 10 4
65 280 13 6
65 293 17 10
65 315 38 9
65 325 3 9
65 333 16 4
65 352 29 6
65 353 25 8
65 372 6 5
65 407 3 5
65 420 19 1
65 426 34 6
65 462 37 2
65 463 29 7
65 483 8 6
65 538 23 1
65 555 1 3
65 557 17 9
65 581 45 3
65 582 28 9
65 597 21 10
65 627 10 6
65 629 28 6
65 655 47 1
65 656 27 7
65 690 41 9
65 692 8 1
65 706 8 1
65 778 22 5
66 70 20 8
66 71 7 7
66 72 21 8
66 73 26 8
66 74 7 4
66 75 16 9
66 80 47 4
66 91 6 9
66 181 36 5
66 191 42 7
66 200 31 3
66 234 35 2
66 260 3 7
66 261 43 3
66 281 38 4
66 290 15 4
66 316 24 6
66 332 32 3
66 374 50 6
66 405 45 9
66 482 46 1
66 515 19 9
66 518 19 9
66 535 37 1
66 596 4 7
66 707 2 4
66 741 1 7
66 742 31 3
66 755 34 6
66 760 10 7
66 762 16 4
66 779 5 9
68 296 40 2
68 798 8 9
70 450 12 4
70 472 14 4
71 665 5 6
73 203 24 1
74 453 1 9
74 563 30 4
75 76 2 7
75 77 39 5
75 78 39 9
75 79 40 8
75 80 2 2
75 91 10 10
75 92 35 10
75 125 30 8
75 134 39 7
75 155 9 8
75 156 2 4
75 180 7 1
75 190 40 2
75 191 35 6
75 200 6 4
75 206 41 10
75 209 50 9
75 230 7 8
75 232 46 5
75 262 46 5
75 280 30 5
75 291 2 1
75 293 36 1
75 315 31 10
75 316 12 8
75 325 10 1
75 330 7 4
75 332 37 3
75 352 9 1
75 353 10 8
75 371 22 2
75 374 30 1
75 406 12 7
75 420 37 5
75 422 16 2
75 461 38 6
75 462 39 10
75 480 23 7
75 484 30 7
75 515 24 2
75 518 35 4
75 536 38 5
75 538 30 5
75 555 8 10
75 558 10 8
75 580 3 3
75 581 34 7
75 597 37 1
75 600 15 2
75 627 3 7
75 628 50 8
75 652 1 1
75 656 37 3
75 690 48 7
75 692 32 2
75 710 3 8
75 740 4 2
75 741 33 8
75 755 35 9
75 762 30 10
75 775 32 10
75 778 17 3
76 253 43 4
77 145 34 5
78 341 29 7
78 495 34 4
79 218 35 5
79 243 11 1
80 81 18 2
80 82 47 10
80 83 8 2
80 84 22 5
80 85 25 8
80 90 41 10
80 125 48 2
80 131 23 3
80 134 50 5
80 156 20 9
80 158 33 4
80 180 3 1
80 190 35 2
80 200 37 7
80 205 27 8
80 230 18 10
80 231 32 1
80 261 25 9
80 262 18 7
80 281 26 9
80 291 10 4
80 293 22 6
80 315 46 1
80 325 45 6
80 330 27 10
80 331 6 10
80 350 20 2
80 352 8 2
80 371 6 10
80 375 35 2
80 406 24 6
80 407 5 10
80 421 26 4
80 426 35 2
80 461 38 4
80 462 23 2
80 480 15 2
80 481 23 2
80 518 2 3
80 536 2 4
80 537 33 7
80 557 41 4
80 559 6 2
80 580 16 9
80 581 3 10
80 595 29 5
80 600 29 8
80 627 8 3
80 629 36 5
80 650 4 5
80 657 13 6
80 690 26 6
80 691 15 5
80 705 14 7
80 708 19 3
80 740 22 7
80 742 4 2
80 755 5 8
80 761 25 3
80 762 16 2
80 777 33 5
80 778 28 4
81 121 6 8
81 381 20 9
82 98 47 3
82 466 48 8
82 683 37 9
83 366 50 2
83 400 20 9
84 94 11 4
84 124 21 5
85 86 34 5
85 87 2 7
85 88 7 10
85 89 9 4
85 90 14 10
85 91 28 1
85 92 37 6
85 93 21 2
85 158 17 4
85 200 5 6
85 234 10 9
85 316 16 2
85 424 33 9
85 516 34 8
85 536 32 9
85 559 50 1
85 628 50 1
85 706 32 6
85 742 20 2
85 755 33 3
85 761 21 6
86 87 10 2
86 88 30 1
86 89 29 4
86 90 50 5
86 91 49 10
86 92 10 9
86 94 8 3
86 95 47 6
86 96 6 6
86 97 44 1
86 233 4 5
86 261 6 5
86 281 18 2
86 755 30 10
87 88 5 2
87 89 49 3
87 90 15 2
87 91 2 10
87 92 14 1
87 98 14 10
87 99 13 6
87 131 50 3
87 200 13 3
87 205 33 1
87 292 27 5
87 325 32 5
87 351 31 1
87 483 34 1
87 518 6 7
87 557 1 5
87 655 22 4
88 89 18 6
88 90 23 8
88 91 12 1
88 92 22 9
88 100 9 4
88 101 9 3
88 102 21 9
88 103 26 5
88 104 10 1
88 125 12 10
88 180 37 10
88 535 38 7
88 705 14 6
89 90 44 3
89 91 22 6
89 92 6 2
89 105 40 9
89 106 29 1
89 131 7 7
89 352 6 1
89 370 50 8
89 405 14 8
89 407 5 5
89 460 46 4
89 690 1 8
89 760 33 2
89 775 9 8
90 91 21 1
90 92 30 8
90 107 8 3
90 108 23 2
90 109 42 3
90 110 14 4
90 111 43 9
90 125 34 3
90 190 13 2
90 191 28 8
90 262 42 6
90 280 12 7
90 325 22 3
90 424 23 2
91 92 37 10
91 112 24 9
91 113 28 7
91 114 20 2
91 115 45 8
91 116 43 6
91 117 24 9
91 180 11 1
91 207 31 9
91 294 46 10
91 315 18 1
91 330 26 1
91 376 27 6
91 483 43 3
91 596 11 10
91 657 12 2
91 690 24 1
92 118 19 4
92 119 11 8
92 120 45 9
92 121 25 5
92 122 16 2
92 123 45 9
92 124 1 3
92 158 32 3
92 332 47 7
92 461 22 5
92 582 39 9
92 595 26 7
92 627 43 4
92 776 20 3
94 544 26 1
94 549 16 3
95 469 33 1
97 138 9 7
98 275 42 10
105 616 15 7
106 584 9 10
107 677 43 3
110 120 36 2
110 317 32 1
110 369 25 4
110 612 20 5
110 770 34 9
111 163 1 1
111 171 34 2
113 540 3 4
113 571 15 2
113 610 5 7
114 214 42 1
115 345 46 6
116 503 29 5
118 414 40 7
119 197 5 6
119 313 3 5
122 338 31 10
122 452 12 10
123 675 10 4
124 618 42 6
124 637 1 6
125 126 29 1
125 127 45 9
125 128 50 3
125 129 2 4
125 130 2 2
125 157 37 10
125 180 27 6
125 190 1 10
125 191 5 5
125 200 32 2
125 207 2 5
125 209 21 2
125 231 21 8
125 233 31 6
125 261 2 5
125 262 22 9
125 281 14 1
125 291 43 2
125 315 49 9
125 316 35 9
125 325 35 4
125 330 18 5
125 332 42 6
125 351 8 5
125 353 28 3
125 373 17 4
125 374 45 10
125 406 46 9
125 407 7 2
125 420 14 7
125 421 46 8
125 461 22 6
125 462 46 3
125 481 12 8
125 485 26 6
125 517 19 6
125 535 36 1
125 536 34 10
125 555 18 6
125 556 1 9
125 581 17 10
125 582 6 5
125 595 36 3
125 599 48 7
125 628 44 1
125 654 17 3
125 655 9 7
125 690 47 1
125 710 12 8
125 711 46 6
125 740 9 4
125 742 8 7
125 755 7 8
125 760 23 5
125 762 10 8
125 775 22 9
125 778 34 8
126 309 11 8
127 286 7 6
127 791 29 3
128 221 5 5
130 131 27 8
130 132 41 2
130 133 30 9
130 134 12 4
130 135 10 5
130 136 8 8
130 137 49 9
130 155 48 2
130 200 47 10
130 353 6 7
130 405 23 10
130 484 41 3
130 555 8 3
130 691 49 10
130 709 33 7
130 762 46 8
130 778 26 10
131 132 50 7
131 133 27 8
131 134 16 4
131 138 20 3
131 139 40 10
131 140 32 5
131 141 44 7
131 142 2 4
131 181 16 2
131 200 23 3
131 330 46 3
131 375 26 10
131 460 49 8
131 515 8 4
131 581 35 8
131 629 23 3
132 133 33 3
132 134 20 4
132 143 34 4
132 144 1 1
132 145 34 8
132 146 32 4
132 180 41 5
132 191 2 2
132 207 5 5
132 281 14 6
132 290 48 7
132 293 27 1
132 333 30 7
132 423 43 5
132 424 11 5
132 461 38 7
132 535 7 10
132 559 45 1
132 582 34 9
132 600 50 7
132 755 33 6
133 134 43 6
133 147 21 1
133 148 7 7
133 149 3 3
133 150 33 8
133 151 6 4
133 157 41 10
133 205 41 2
133 234 17 4
133 260 8 7
133 263 20 4
133 315 6 6
133 316 24 3
133 407 7 7
133 629 25 10
133 650 32 8
133 653 1 9
133 740 32 1
133 755 15 7
133 778 1 3
134 152 47 8
134 153 43 4
134 154 50 6
134 235 24 2
134 325 43 5
134 353 35 9
134 480 31 2
134 515 2 2
134 537 15 6
134 598 47 8
134 691 8 1
134 709 44 4
134 742 12 9
134 761 47 10
135 606 15 1
135 618 46 1
136 532 45 7
141 561 23 4
142 782 5 3
144 391 5 2
144 568 31 8
146 414 43 8
147 637 11 2
151 298 35 8
151 384 12 10
153 553 29 5
154 165 8 3
155 156 9 3
155 157 48 1
155 158 6 5
155 159 7 3
155 160 1 6
155 161 33 9
155 180 19 9
155 200 40 5
155 230 34 3
155 280 22 3
155 463 10 1
155 691 1 5
155 742 17 5
155 755 6 3
155 778 46 10
156 157 38 2
156 158 36 8
156 159 42 5
156 162 39 1
156 163 50 5
156 164 14 4
156 165 29 10
156 166 27 3
156 180 21 2
156 263 28 10
156 280 8 4
156 426 6 10
156 515 44 7
156 537 42 7
156 538 42 1
156 556 37 7
156 557 10 2
156 595 47 10
156 599 35 1
156 625 12 4
156 627 28 8
156 654 46 7
156 760 3 4
156 762 32 8
157 158 18 7
157 159 38 10
157 167 5 8
157 168 12 9
157 169 4 9
157 170 40 2
157 171 29 9
157 172 24 4
157 207 30 9
157 235 37 2
157 292 1 7
157 407 30 3
157 485 8 4
157 582 50 9
157 710 40 5
158 159 12 3
158 173 29 6
158 174 8 2
158 175 12 3
158 176 33 4
158 177 35 10
158 190 37 4
158 200 30 1
158 208 6 5
158 261 38 8
158 293 47 5
158 315 34 9
158 316 47 5
158 331 11 3
158 333 26 7
158 352 34 4
158 407 38 4
158 461 49 8
158 483 39 3
158 711 41 9
158 779 31 9
159 178 36 7
159 179 15 3
159 191 1 2
159 269 30 10
159 325 18 9
159 350 46 10
159 373 33 2
159 375 45 2
159 427 43 1
159 581 44 8
159 656 10 5
159 692 49 8
159 741 25 4
159 755 5 10
160 197 42 3
161 339 35 3
161 648 25 8
166 765 37 7
169 274 36 1
170 219 16 9
172 387 10 10
173 400 30 8
173 734 3 6
175 530 28 10
175 743 45 10
177 527 1 1
178 437 3 8
179 476 31 2
179 491 26 5
179 649 33 1
180 181 5 5
180 182 41 7
180 209 18 7
180 262 33 6
180 263 19 8
180 280 22 3
180 291 39 5
180 325 30 4
180 332 16 10
180 370 18 10
180 406 18 10
180 426 45 6
180 461 34 4
180 518 42 1
180 535 41 4
180 555 34 1
180 581 13 7
180 595 24 6
180 599 13 10
180 657 48 1
180 710 24 2
180 742 49 10
180 755 43 7
180 762 37 5
180 779 43 2
181 183 43 6
181 184 6 10
181 185 11 8
181 186 22 8
181 187 6 3
181 188 8 5
181 189 16 7
181 190 41 8
181 191 43 8
181 200 9 8
181 208 48 5
181 234 43 2
181 235 21 8
181 280 41 5
181 293 6 5
181 315 39 8
181 316 44 8
181 325 31 9
181 333 40 2
181 353 17 10
181 376 5 4
181 407 1 4
181 423 16 5
181 461 9 3
181 482 38 3
181 516 1 2
181 537 17 5
181 555 20 10
181 580 19 9
181 625 48 10
181 627 44 1
181 654 31 10
181 690 23 3
181 691 14 7
181 707 47 1
181 760 23 7
181 778 32 1
182 238 25 4
182 362 2 7
183 704 22 4
185 478 17 2
185 726 11 2
188 238 7 3
190 191 38 9
190 192 16 5
190 193 16 5
190 194 13 7
190 195 6 3
190 196 32 5
190 197 6 8
190 200 41 8
190 206 29 9
190 231 49 6
190 261 35 8
190 263 50 8
190 280 27 3
190 350 6 5
190 375 7 3
190 461 41 5
190 482 9 4
190 485 3 2
190 516 34 4
190 535 46 1
190 538 24 7
190 556 25 5
190 559 4 7
190 581 11 5
190 595 42 5
190 600 21 3
190 627 34 4
190 651 46 7
190 654 40 9
190 691 2 4
190 692 35 6
190 707 22 10
190 709 31 1
190 740 36 4
190 742 36 5
190 762 31 2
190 776 22 7
190 779 27 7
191 198 39 4
191 199 46 2
191 200 8 4
191 206 12 4
191 235 19 5
191 280 18 2
191 291 31 10
191 294 1 3
191 315 23 8
191 316 25 4
191 325 7 9
191 330 45 4
191 331 42 8
191 372 43 7
191 405 14 3
191 421 34 6
191 426 20 10
191 462 38 8
191 516 10 8
191 582 41 4
191 755 17 4
191 762 39 3
194 791 49 3
195 456 19 6
196 724 37 3
199 572 38 7
200 201 2 5
200 202 35 3
200 203 26 5
200 204 19 7
200 206 32 10
200 208 42 10
200 231 19 3
200 234 22 10
200 261 41 1
200 280 37 10
200 281 6 8
200 291 2 2
200 315 41 10
200 316 19 7
200 325 38 9
200 332 11 6
200 333 1 5
200 353 48 6
200 372 20 4
200 376 19 6
200 406 48 2
200 407 25 6
200 424 48 4
200 427 48 8
200 460 43 6
200 462 13 5
200 480 23 10
200 485 5 4
200 515 43 8
200 518 34 10
200 536 27 5
200 537 22 8
200 555 35 7
200 556 11 6
200 582 27 10
200 597 27 9
200 598 2 2
200 625 20 4
200 629 47 9
200 653 23 10
200 657 34 5
200 690 17 10
200 705 42 9
200 707 2 3
200 740 8 7
200 742 18 6
200 755 29 7
200 760 45 10
200 777 48 5
200 778 35 5
203 675 15 7
204 631 37 3
205 206 46 9
205 207 41 6
205 208 49 3
205 209 18 1
205 210 17 8
205 211 30 10
205 234 49 8
205 294 9 6
205 370 24 3
205 373 21 7
205 407 46 6
205 427 41 9
205 460 8 10
205 485 43 4
205 581 30 10
205 582 10 6
205 691 33 10
205 692 35 9
205 755 22 5
206 207 7 5
206 208 11 8
206 209 9 9
206 212 34 5
206 213 45 6
206 214 8 4
206 215 50 6
206 232 17 10
206 263 31 8
206 280 50 8
206 290 15 9
206 325 45 5
206 333 4 4
206 517 49 8
206 538 11 5
206 556 38 9
206 558 22 7
206 629 19 7
206 711 12 5
207 208 11 7
207 209 43 2
207 216 30 1
207 217 32 6
207 218 8 3
207 261 14 10
207 316 8 7
207 332 37 1
207 352 4 7
207 598 11 5
207 653 31 5
207 711 46 5
207 762 17 3
207 778 36 4
208 209 11 6
208 219 1 3
208 220 40 8
208 221 24 6
208 222 47 2
208 280 25 3
208 316 45 5
208 325 46 9
208 353 25 7
208 462 50 10
208 517 12 1
208 538 26 10
208 595 22 1
208 626 22 7
208 740 37 1
208 755 34 1
208 760 38 3
209 223 8 1
209 224 49 8
209 225 1 1
209 226 2 2
209 227 17 2
209 228 21 1
209 229 5 4
209 405 14 4
209 425 20 9
209 482 12 7
209 740 26 7
209 777 38 6
210 265 27 6
215 221 31 4
216 365 32 4
218 278 20 7
220 313 39 7
220 579 12 5
221 589 16 1
224 728 9 7
225 724 36 6
226 773 36 6
227 676 16 9
227 681 30 2
230 231 27 10
230 232 7 5
230 233 20 5
230 234 47 1
230 235 34 8
230 236 2 1
230 237 18 8
230 294 43 7
230 325 7 1
230 407 39 1
230 461 34 4
230 481 49 4
230 518 28 4
230 595 18 1
230 779 11 1
231 232 32 9
231 233 49 6
231 234 32 8
231 235 24 3
231 238 20 7
231 239 20 4
231 240 23 3
231 325 36 5
231 331 19 3
231 332 50 3
231 352 33 10
231 427 45 6
231 652 38 1
231 709 48 1
232 233 11 2
232 234 9 1
232 235 19 6
232 241 38 8
232 242 39 2
232 243 45 9
232 244 39 1
232 245 44 4
232 246 30 7
232 247 45 10
232 248 4 5
232 249 29 6
232 250 33 9
232 315 13 9
232 352 38 6
232 422 22 5
232 461 46 8
232 597 17 6
232 625 13 1
232 628 36 10
232 656 39 5
232 711 49 2
233 234 12 8
233 235 34 6
233 251 49 5
233 252 50 7
233 280 34 6
233 292 1 8
233 374 18 9
233 483 13 2
233 515 35 5
233 538 46 9
233 761 41 10
233 776 21 10
234 235 31 1
234 253 45 3
234 254 33 4
234 255 2 5
234 256 44 5
234 257 24 4
234 281 6 5
234 407 48 10
234 559 1 10
234 690 2 5
234 741 29 4
234 742 35 6
234 755 27 9
234 761 46 3
235 258 10 9
235 259 1 3
235 261 22 6
235 316 48 2
235 376 8 3
235 536 12 10
235 555 2 7
235 581 25 9
235 582 24 8
235 691 15 8
236 404 43 7
236 753 17 1
237 688 9 2
237 728 10 3
238 725 27 9
239 341 50 4
239 639 31 1
242 429 8 2
243 275 12 8
243 738 20 7
243 746 32 4
247 799 3 7
250 256 24 9
251 621 4 3
254 301 16 6
254 504 47 4
255 475 12 9
256 539 28 4
260 261 19 5
260 262 28 3
260 263 11 7
260 264 17 1
260 265 8 1
260 266 12 10
260 267 34 2
260 268 44 5
260 315 49 10
260 350 26 6
260 486 16 10
260 517 4 6
260 518 5 8
260 596 15 1
260 691 30 4
260 755 5 7
261 262 3 10
261 263 11 10
261 269 7 10
261 270 39 9
261 271 3 3
261 290 38 9
261 291 32 10
261 325 38 3
261 333 11 10
261 425 29 7
261 538 30 4
261 556 42 4
261 582 6 3
261 656 30 8
261 690 47 8
261 741 2 3
261 778 11 3
262 263 5 1
262 272 15 2
262 273 48 10
262 281 21 2
262 315 23 6
262 325 34 2
262 372 11 5
262 407 38 2
262 421 17 5
262 460 43 4
262 481 12 4
262 536 7 6
262 627 30 3
262 711 49 10
262 741 32 8
262 755 15 1
262 761 6 7
263 274 15 7
263 275 37 3
263 276 46 5
263 277 24 7
263 278 34 10
263 279 47 6
263 281 43 9
263 333 47 1
263 353 2 5
263 373 44 7
263 460 46 9
263 555 39 10
263 598 45 9
263 651 48 8
263 708 43 9
263 761 45 5
264 750 14 1
266 637 2 2
267 284 6 7
267 528 9 8
268 774 24 1
269 494 32 8
270 399 27 7
271 575 47 3
271 781 16 5
272 623 25 2
273 470 41 10
273 492 22 8
276 361 39 8
279 658 23 10
280 281 17 10
280 282 16 8
280 283 9 3
280 293 15 6
280 316 35 2
280 325 48 8
280 330 29 6
280 350 12 5
280 372 2 1
280 405 12 8
280 406 6 5
280 423 43 2
280 461 43 1
280 463 23 1
280 517 43 2
280 518 7 10
280 537 24 6
280 595 19 1
280 657 22 3
280 692 38 9
280 742 27 10
280 755 50 3
280 762 25 6
281 284 47 8
281 285 37 4
281 286 31 3
281 287 23 2
281 288 4 4
281 289 47 6
281 290 8 8
281 315 12 3
281 325 2 1
281 350 8 9
281 370 37 9
281 423 43 4
281 481 25 1
281 486 32 6
281 536 4 7
281 559 32 8
281 580 14 4
281 582 49 5
281 597 49 5
281 625 22 8
281 629 24 1
281 656 3 6
281 690 2 6
281 705 42 1
281 711 4 5
281 742 31 7
281 755 14 10
281 760 2 7
281 776 34 8
281 779 23 1
283 487 31 6
284 602 35 7
286 754 48 3
289 729 45 5
290 291 14 10
290 292 39 6
290 293 33 4
290 294 18 4
290 295 32 10
290 296 24 10
290 297 45 8
290 298 19 9
290 299 33 4
290 300 29 9
290 315 16 5
290 325 3 5
290 371 37 10
290 407 41 10
290 426 9 9
290 462 2 5
290 536 32 8
290 559 47 3
290 582 23 8
290 650 1 1
290 755 33 1
290 760 23 8
291 292 50 1
291 293 43 9
291 294 1 9
291 301 20 2
291 302 15 8
291 303 44 8
291 463 9 7
291 481 38 4
291 537 1 5
291 580 31 3
291 627 39 6
291 690 27 4
291 707 13 8
291 740 22 7
291 755 2 4
291 778 20 4
292 293 46 1
292 294 46 10
292 304 39 4
292 305 9 9
292 306 39 4
292 307 14 6
292 350 46 8
292 374 27 5
292 518 46 5
292 600 34 10
292 655 43 1
292 741 49 8
292 777 13 7
293 294 15 6
293 308 30 3
293 309 16 8
293 310 38 7
293 311 22 8
293 312 29 6
293 315 30 9
293 425 7 3
293 483 3 3
293 556 28 7
293 600 16 1
293 690 15 7
294 313 12 6
294 314 16 10
294 325 33 8
294 330 36 4
294 333 29 1
294 351 24 4
294 406 43 10
294 627 22 5
294 710 25 8
294 762 3 5
299 362 43 6
303 564 39 1
304 613 45 3
308 545 25 9
309 623 10 10
312 365 31 5
312 450 8 4
312 544 44 6
315 316 37 9
315 317 28 2
315 318 33 7
315 319 13 7
315 320 12 10
315 321 5 2
315 325 30 7
315 331 48 1
315 352 22 1
315 370 25 6
315 406 50 6
315 424 21 5
315 427 15 4
315 463 38 10
315 485 42 8
315 515 37 10
315 537 50 5
315 557 31 6
315 581 43 5
315 599 11 1
315 626 39 9
315 628 1 9
315 656 15 3
315 741 46 1
315 755 34 10
315 760 50 10
315 776 48 2
316 322 8 2
316 323 18 2
316 324 50 7
316 331 21 3
316 352 42 8
316 371 12 10
316 405 25 8
316 463 13 2
316 485 36 9
316 517 38 10
316 538 35 8
316 556 31 6
316 582 18 6
316 599 38 4
316 650 5 8
316 690 23 8
316 691 14 7
316 708 21 9
316 710 41 6
316 740 43 6
316 755 44 9
316 761 35 4
316 776 26 1
317 336 6 8
317 637 45 4
320 392 12 8
321 429 12 8
321 698 32 10
325 326 46 5
325 327 14 2
325 328 6 2
325 329 33 1
325 330 32 8
325 333 20 7
325 351 48 9
325 353 15 6
325 373 5 1
325 374 29 9
325 405 32 3
325 406 6 7
325 425 49 6
325 427 42 7
325 460 7 5
325 485 1 10
325 518 5 4
325 536 29 2
325 538 36 6
325 557 22 7
325 559 12 3
325 580 39 4
325 581 27 5
325 596 40 4
325 599 49 6
325 626 48 8
325 629 2 4
325 652 5 5
325 657 30 10
325 691 41 1
325 708 32 4
325 710 44 8
325 740 5 6
325 742 34 10
325 755 45 7
325 760 18 6
325 777 33 6
325 779 29 4
326 456 14 1
328 722 50 8
329 390 35 10
330 331 40 2
330 332 39 6
330 333 20 3
330 334 37 2
330 335 11 7
330 336 41 4
330 480 44 9
330 537 36 8
330 595 30 9
330 596 32 9
330 628 47 10
330 652 17 10
330 657 7 5
330 778 9 9
331 332 1 7
331 333 19 4
331 337 7 9
331 338 11 1
331 339 38 10
331 340 41 9
331 341 13 10
331 342 37 10
331 343 5 4
331 344 43 2
331 351 36 3
331 406 11 7
331 463 37 5
331 556 44 6
331 627 21 8
331 706 26 7
331 740 39 9
331 755 13 3
331 760 8 9
331 761 5 4
331 776 31 7
332 333 13 6
332 345 3 9
332 352 49 7
332 375 11 6
332 376 4 6
332 463 6 1
332 481 32 1
332 517 11 2
332 536 44 7
332 582 24 9
332 710 9 9
332 755 21 9
333 346 37 6
333 347 29 3
333 348 42 10
333 349 50 7
333 424 44 3
333 426 40 2
333 518 23 10
333 580 40 1
333 690 45 3
333 692 30 5
338 443 7 9
338 795 4 7
339 571 36 2
339 575 36 4
339 609 29 7
339 702 26 6
342 464 23 10
343 469 8 1
345 475 17 2
349 685 4 3
350 351 20 1
350 352 41 6
350 353 6 10
350 354 33 3
350 355 45 5
350 356 1 5
350 357 48 8
350 358 13 3
350 405 42 1
350 422 21 2
350 427 4 7
350 598 44 3
350 655 50 5
350 690 23 10
350 740 41 7
350 755 23 7
350 760 27 3
350 777 5 5
351 352 12 6
351 353 35 7
351 359 31 10
351 360 22 8
351 361 9 4
351 483 29 1
351 515 25 1
351 555 21 1
351 558 37 4
351 599 18 2
351 705 46 5
352 353 34 9
352 362 46 2
352 363 14 7
352 364 46 6
352 365 7 1
352 366 50 2
352 370 29 8
352 371 22 1
352 407 28 6
352 461 10 2
352 486 17 8
352 535 4 10
352 538 50 9
352 581 25 1
352 654 24 1
352 705 17 6
352 761 34 3
352 779 28 4
353 367 29 3
353 368 8 9
353 369 48 2
353 516 33 7
353 580 24 1
353 628 7 4
353 691 18 3
353 742 47 9
353 755 31 2
354 570 23 1
360 681 29 7
366 504 25 5
366 622 6 5
368 774 35 10
370 371 29 5
370 372 39 2
370 373 20 3
370 374 3 7
370 375 15 4
370 376 25 6
370 377 27 6
370 378 49 10
370 463 11 8
370 516 26 6
370 761 27 3
370 778 37 9
371 372 3 3
371 373 21 8
371 374 29 7
371 375 20 6
371 376 15 5
371 379 18 10
371 380 14 10
371 381 27 1
371 382 11 4
371 426 46 3
371 558 16 8
372 373 9 3
372 374 27 5
372 375 10 5
372 376 19 8
372 383 13 7
372 384 16 9
372 385 16 3
372 386 30 1
372 387 4 10
372 486 42 8
372 555 15 5
373 374 2 3
373 375 10 7
373 376 10 5
373 388 36 1
373 389 27 6
373 390 11 10
373 391 2 7
373 392 33 5
373 406 40 8
373 407 18 8
373 536 43 9
373 537 7 10
373 597 29 6
373 627 36 7
373 690 2 1
373 708 32 9
373 710 38 7
373 741 28 10
373 755 42 2
374 375 26 6
374 376 36 9
374 393 38 8
374 394 9 2
374 395 19 1
374 396 42 9
374 397 34 8
374 398 40 8
374 399 44 2
374 400 20 7
374 581 28 9
374 596 35 6
374 655 8 8
374 690 30 1
374 742 13 1
374 778 20 10
375 376 2 6
375 401 10 7
375 402 22 3
375 403 35 3
375 421 13 2
375 486 4 8
376 404 13 8
376 462 39 3
376 518 45 4
376 581 18 10
376 628 48 5
376 655 25 9
376 760 50 3
377 534 31 8
380 662 13 4
381 699 9 10
383 683 8 3
383 769 31 3
384 410 50 3
386 578 3 4
392 610 46 7
396 409 44 6
398 402 26 8
402 544 14 10
404 432 27 7
404 759 32 7
405 406 39 5
405 407 45 6
405 408 47 2
405 409 20 2
405 410 43 10
405 411 44 9
405 463 4 3
405 480 21 9
405 485 50 8
405 556 29 7
405 600 16 2
405 628 18 3
405 651 48 8
405 760 12 7
405 775 47 7
406 407 39 10
406 412 9 9
406 413 20 2
406 414 47 9
406 415 20 4
406 427 39 6
406 516 20 8
406 535 5 4
406 625 31 2
406 690 47 1
406 705 7 10
406 741 42 3
406 755 15 8
406 762 19 9
406 778 37 6
407 416 15 7
407 417 39 7
407 418 38 8
407 419 23 4
407 425 3 10
407 461 2 6
407 516 21 2
407 538 27 3
407 580 9 2
407 582 37 3
407 595 6 5
407 690 4 3
407 709 33 8
407 742 44 5
407 755 10 8
411 566 13 10
412 436 46 8
415 593 18 3
418 695 16 10
418 731 48 10
420 370 33 5
420 421 14 1
420 422 22 4
420 423 7 1
420 424 28 3
420 425 45 3
420 426 30 7
420 427 24 5
420 428 40 10
420 429 36 1
420 430 45 4
420 431 33 6
420 516 28 7
420 581 21 3
420 760 42 8
421 422 15 3
421 423 33 8
421 424 37 7
421 425 49 10
421 426 48 8
421 427 2 9
421 432 27 7
421 433 26 5
421 486 38 5
421 518 38 1
421 537 5 2
421 705 36 1
421 708 39 8
422 423 48 9
422 424 18 5
422 425 10 5
422 426 29 4
422 427 25 9
422 434 2 5
422 435 6 3
422 555 15 4
422 626 50 1
422 628 44 7
422 761 42 4
423 424 13 3
423 425 42 3
423 426 21 10
423 427 31 4
423 436 6 5
423 437 31 4
423 438 3 4
423 439 49 8
423 440 50 9
423 599 48 9
423 741 22 4
423 755 36 7
423 779 38 5
424 425 27 1
424 426 17 9
424 427 26 5
424 441 18 1
424 442 15 9
424 557 2 4
424 741 3 7
424 755 50 2
425 426 26 4
425 427 15 10
425 443 43 8
425 444 38 5
425 445 18 7
425 446 8 10
425 447 19 2
425 448 8 4
425 449 20 6
425 450 24 9
425 451 11 5
425 461 21 8
425 463 27 5
425 483 11 3
425 690 28 8
426 427 34 9
426 452 37 7
426 453 26 7
426 454 48 9
426 455 41 2
426 582 35 5
426 651 18 8
426 656 46 6
426 690 33 6
427 456 45 9
427 457 16 2
427 458 30 4
427 459 46 2
427 537 32 7
427 597 4 2
427 777 24 2
434 449 37 7
434 671 41 1
435 475 46 1
438 793 2 10
442 644 47 5
449 540 6 4
452 749 46 3
454 506 15 4
455 748 45 1
456 733 38 9
460 461 26 8
460 462 48 9
460 463 26 6
460 464 27 4
460 465 34 5
460 466 28 10
460 537 21 9
460 538 35 4
460 558 5 3
460 582 3 5
460 650 50 10
460 711 28 3
460 740 46 5
460 776 36 7
461 462 5 5
461 463 15 7
461 467 17 6
461 468 17 2
461 469 28 10
461 470 49 7
461 518 32 10
461 581 19 4
461 691 25 1
461 740 23 9
461 755 35 7
461 760 45 3
462 463 3 4
462 471 15 2
462 472 17 7
462 473 43 6
462 474 7 1
462 475 6 4
462 476 41 3
462 477 6 2
462 485 12 6
462 518 22 5
462 599 32 9
462 600 8 10
462 653 45 7
462 691 17 3
462 755 20 6
462 761 12 2
462 778 14 4
463 478 46 3
463 479 36 10
463 484 42 1
463 556 36 10
463 627 11 5
463 705 10 1
464 673 3 6
466 722 10 8
466 789 27 6
467 684 31 5
468 611 24 8
471 490 32 10
476 664 26 5
479 793 39 1
480 481 27 2
480 482 46 4
480 483 27 5
480 484 29 9
480 485 29 7
480 486 16 3
480 487 48 4
480 488 5 6
480 489 15 7
480 490 33 2
480 491 32 4
480 535 48 7
480 536 20 9
480 557 29 9
480 742 50 10
480 762 35 1
481 482 27 3
481 483 30 7
481 484 30 10
481 485 50 1
481 486 39 10
481 492 1 8
481 493 38 3
481 494 37 9
481 495 28 9
481 628 30 2
481 708 30 5
481 761 33 7
482 483 43 9
482 484 32 9
482 485 38 6
482 486 1 5
482 496 8 3
482 497 19 7
482 581 30 7
482 626 45 6
482 692 9 9
483 484 26 2
483 485 41 3
483 486 49 2
483 498 17 6
483 499 13 5
483 500 22 5
483 501 29 2
483 502 1 10
483 741 18 7
484 485 26 3
484 486 48 5
484 503 41 10
484 556 36 3
484 595 27 8
484 657 9 10
484 692 39 5
485 486 2 9
485 504 19 1
485 505 26 7
485 506 32 4
485 507 45 5
485 508 43 10
485 517 14 7
485 595 22 8
485 654 11 5
485 708 28 5
485 755 44 3
485 777 17 3
485 778 7 10
486 509 23 5
486 510 2 7
486 511 3 10
486 512 7 6
486 513 45 10
486 514 49 5
486 515 5 5
486 581 35 4
490 493 8 10
492 507 25 7
492 712 47 9
492 737 25 5
495 666 6 10
495 795 30 7
498 756 13 2
499 671 10 3
509 514 49 9
511 610 24 9
511 725 12 5
513 547 30 3
513 748 1 6
515 516 48 7
515 517 5 4
515 518 49 8
515 519 30 2
515 520 3 7
515 521 45 2
515 522 46 4
515 523 25 3
515 524 50 3
515 525 2 3
515 536 3 6
515 581 31 4
515 690 45 2
515 740 27 5
515 761 37 2
515 776 38 9
515 777 13 8
516 517 6 3
516 518 48 3
516 526 23 2
516 527 41 8
516 528 46 9
516 529 50 2
516 530 49 5
516 558 7 7
516 628 7 4
516 705 6 9
517 518 24 9
517 531 28 1
517 532 10 9
517 533 1 10
517 559 29 4
517 580 14 10
517 599 35 3
517 600 13 8
517 650 23 7
517 654 15 7
517 710 3 6
517 741 43 8
517 755 38 1
518 534 43 5
518 538 31 7
518 627 18 8
518 690 1 5
518 755 20 8
518 761 41 7
522 757 41 2
527 573 32 5
529 771 22 5
531 567 32 3
531 639 3 7
535 536 31 9
535 537 36 10
535 538 48 2
535 539 37 6
535 540 2 2
535 541 39 2
535 542 39 3
535 555 14 8
535 580 17 5
535 650 16 7
535 690 42 4
535 755 8 8
535 775 45 1
536 537 40 8
536 538 14 9
536 543 43 7
536 544 42 6
536 627 27 10
536 656 10 6
536 692 25 3
536 741 30 7
536 762 31 1
537 538 28 7
537 545 12 1
537 546 21 2
537 580 36 1
537 599 19 8
537 710 35 8
537 711 49 5
537 777 27 3
538 547 23 1
538 548 6 6
538 549 39 6
538 550 10 10
538 551 5 6
538 552 41 4
538 553 43 3
538 554 32 5
538 558 44 6
538 596 35 4
538 626 26 8
538 741 11 1
538 761 48 1
543 613 10 3
544 658 45 3
547 774 16 8
549 756 5 5
550 664 29 7
552 570 11 2
552 702 48 4
553 772 11 10
555 556 17 1
555 557 43 8
555 558 21 10
555 559 8 5
555 560 2 3
555 561 41 6
555 562 7 10
555 626 11 8
555 740 4 10
555 755 43 2
556 557 41 9
556 558 20 5
556 559 46 7
556 563 43 2
556 564 23 2
556 565 49 10
556 566 9 10
556 580 19 1
556 691 50 1
556 706 37 4
556 775 17 9
557 558 27 2
557 559 34 5
557 567 15 4
557 568 1 2
557 569 30 3
557 570 22 5
557 571 2 4
557 572 7 8
557 581 33 6
557 626 22 4
557 710 6 2
558 559 18 4
558 573 16 7
558 574 18 8
558 575 46 6
558 576 37 1
558 597 17 10
558 651 12 9
558 652 8 7
558 692 3 2
558 740 1 10
559 577 21 9
559 578 31 8
559 579 37 9
559 598 33 2
559 755 44 9
559 760 45 8
559 761 35 3
559 779 28 5
565 586 49 3
565 683 4 3
574 498 42 3
574 603 32 5
575 583 10 2
579 646 26 5
580 581 23 9
580 582 33 5
580 583 5 4
580 584 28 1
580 585 12 8
580 586 9 3
580 587 7 8
580 597 21 6
580 626 43 10
580 690 43 7
580 755 14 5
580 779 8 8
581 582 25 5
581 588 18 7
581 589 41 10
581 692 35 1
581 740 25 8
581 755 19 2
581 760 14 6
582 590 11 7
582 591 16 4
582 592 44 1
582 593 9 9
582 594 30 2
582 595 42 3
582 626 39 9
582 655 3 8
582 656 42 1
582 705 6 5
582 711 32 4
586 588 1 5
588 696 15 4
591 648 43 2
595 596 28 7
595 597 49 4
595 598 24 5
595 599 38 2
595 600 43 2
595 601 21 3
595 602 19 7
595 708 50 6
596 597 38 3
596 598 10 6
596 599 22 6
596 600 16 1
596 603 29 8
596 604 38 7
596 605 24 10
596 606 15 3
596 607 5 4
596 608 31 7
596 625 50 3
596 656 3 5
596 690 39 5
596 692 15 6
596 710 45 10
597 598 38 1
597 599 13 6
597 600 5 3
597 609 12 3
597 610 49 8
597 611 9 3
597 612 3 8
597 613 29 4
597 779 31 8
598 599 15 4
598 600 18 5
598 614 35 5
598 615 22 1
598 616 37 10
598 617 16 8
598 618 41 5
598 755 8 3
598 760 46 8
598 776 13 7
599 600 5 10
599 619 28 5
599 620 38 10
599 621 5 7
599 657 48 9
599 740 14 6
599 762 32 7
600 622 30 4
600 623 37 10
600 624 6 5
600 626 22 8
600 741 48 6
600 755 10 3
602 675 37 10
609 773 38 2
611 732 45 2
613 701 5 9
615 641 10 6
615 644 40 1
625 626 37 5
625 627 30 3
625 628 23 9
625 629 46 7
625 630 18 2
625 654 47 9
625 691 28 6
625 692 17 2
625 706 17 3
625 740 47 6
625 761 19 9
626 627 41 5
626 628 16 10
626 629 34 10
626 631 43 2
626 632 6 2
626 633 10 1
626 634 4 10
626 635 25 3
626 636 36 2
626 637 49 7
626 638 41 6
626 639 50 1
626 640 13 10
626 705 3 8
626 762 12 6
626 776 14 2
627 628 25 1
627 629 1 3
627 641 43 3
627 642 11 7
627 643 7 9
627 755 32 8
628 629 23 9
628 644 41 4
628 645 12 10
628 646 2 8
628 647 21 6
628 755 21 2
628 778 15 6
629 648 41 2
629 649 46 3
629 655 6 9
635 798 7 1
639 664 50 4
650 651 14 9
650 652 24 4
650 653 5 6
650 654 38 8
650 655 48 8
650 656 7 7
650 657 1 2
650 658 1 2
650 659 9 4
650 660 35 3
650 661 3 10
650 662 14 6
650 663 24 7
650 706 45 7
651 652 45 4
651 653 12 10
651 654 20 2
651 655 43 8
651 656 50 4
651 657 17 7
651 664 45 5
651 665 20 10
651 666 4 2
651 667 30 2
651 741 37 3
651 755 14 3
651 761 29 2
652 653 6 6
652 654 12 6
652 655 34 6
652 656 44 9
652 657 32 4
652 668 26 5
652 669 7 10
652 670 13 9
653 654 23 3
653 655 24 1
653 656 3 8
653 657 31 1
653 671 18 2
653 672 18 10
653 673 15 8
653 674 34 8
653 691 3 3
653 776 5 10
653 779 4 1
654 655 6 7
654 656 38 3
654 657 24 3
654 675 28 2
654 676 15 9
654 677 12 6
654 678 21 4
654 679 35 4
654 708 14 8
655 656 21 8
655 657 41 8
655 680 46 10
655 681 19 5
655 692 34 1
655 755 50 10
656 657 24 1
656 682 25 9
656 683 11 5
656 684 4 6
656 740 24 6
657 685 40 10
657 686 49 5
657 687 48 5
657 688 2 8
657 689 9 10
657 762 3 10
660 712 50 3
661 670 46 7
661 744 17 1
662 714 8 6
676 796 35 7
677 786 14 9
679 783 19 5
684 686 3 6
690 691 30 6
690 692 24 1
690 693 2 10
690 694 34 4
690 709 32 2
690 711 43 7
690 762 10 8
691 692 5 7
691 695 41 5
691 696 24 2
691 697 42 7
691 698 16 8
691 699 44 4
691 700 26 9
691 741 3 1
691 755 12 7
691 762 50 1
691 779 21 4
692 701 26 10
692 702 20 7
692 703 22 3
692 704 31 8
692 741 13 6
692 778 31 1
697 736 21 7
705 706 21 4
705 707 7 7
705 708 22 8
705 709 44 10
705 710 35 7
705 711 40 9
705 712 6 6
705 713 20 6
705 714 37 8
705 715 7 9
705 716 38 1
705 717 17 9
705 718 27 10
705 719 21 7
706 707 23 2
706 708 15 5
706 709 16 1
706 710 23 6
706 711 4 6
706 720 19 1
706 721 16 1
706 722 41 9
706 723 20 8
706 724 45 8
707 708 14 4
707 709 43 3
707 710 49 3
707 711 35 6
707 725 49 1
707 726 34 1
707 760 6 10
707 775 5 9
708 709 33 9
708 710 24 3
708 711 44 3
708 727 2 1
708 728 34 5
708 740 1 10
708 742 11 2
709 710 50 8
709 711 24 7
709 729 41 4
709 730 12 10
709 731 12 4
709 732 13 5
709 733 32 7
709 734 31 2
709 735 2 10
709 755 37 6
709 760 48 4
710 711 32 4
710 736 23 8
710 737 7 7
710 777 47 10
711 738 6 9
711 739 24 6
711 755 37 4
719 788 10 5
721 749 36 8
730 784 8 2
734 767 33 3
740 741 14 7
740 742 15 7
740 743 41 1
740 744 30 2
740 745 20 1
740 746 8 3
740 747 14 10
740 755 40 1
740 762 2 10
741 742 20 8
741 748 12 8
741 749 50 3
741 750 13 9
741 775 10 10
741 779 49 3
742 751 5 7
742 752 42 5
742 753 16 4
742 754 50 2
742 760 11 4
743 788 27 2
755 756 14 9
755 757 43 8
755 758 46 2
755 759 7 9
755 760 16 8
755 761 45 9
755 777 3 4
755 778 44 2
756 780 47 7
760 761 9 10
760 762 1 8
760 763 48 5
760 764 45 8
760 765 21 6
760 766 10 6
760 767 7 10
760 768 46 1
761 762 22 1
761 769 8 1
761 770 19 9
761 771 47 5
761 772 28 3
761 777 34 2
762 773 46 2
762 774 16 5
762 776 34 5
769 782 16 8
775 776 19 5
775 777 15 3
775 778 22 3
775 779 4 10
775 780 31 9
775 781 28 2
776 777 25 3
776 778 45 8
776 779 7 2
776 782 42 3
776 783 37 10
777 778 34 4
777 779 12 8
777 784 5 1
777 785 8 4
777 786 7 7
778 779 5 8
778 787 17 8
778 788 13 7
778 789 1 10
778 790 39 7
778 791 29 3
778 792 48 5
778 793 49 6
778 794 2 2
779 795 46 1
779 796 39 6
779 797 6 1
779 798 19 10
779 799 11 6
786 798 22 9

0 415 22
1 229 8
2 680 29
3 386 18
4 121 8
5 4 26
6 488 4
7 100 4
8 94 35
9 184 4
10 500 7
11 725 40
12 663 12
13 243 38
14 644 78
15 511 24
16 195 7
17 247 21
18 196 20
19 49 20
20 467 20
21 509 35
22 752 21
23 616 13
24 572 14
25 798 24
26 473 20
27 685 31
28 724 28
29 608 22
30 684 31
31 275 26
32 295 23
33 569 21
34 31 24
35 563 19
36 102 6
37 38 31
38 256 43
39 543 23
40 768 30
41 301 22
42 311 15
43 321 25
44 723 7
45 436 11
46 77 24
47 228 14
48 106 22
49 347 7
50 64 2
51 744 24
52 749 43
53 619 14
54 329 38
55 52 1
56 116 47
57 570 12
58 219 14
59 123 14
60 110 41
61 389 13
62 524 33
63 250 20
64 772 13
65 73 24
66 284 29
67 221 30
68 355 21
69 745 10
70 730 10
71 456 37
72 712 56
73 310 21
74 170 15
75 296 45
76 163 35
77 783 38
78 402 17
79 160 11
80 273 71
81 279 22
82 722 39
83 465 12
84 304 44
85 470 29
86 676 45
87 784 9
88 302 10
89 604 20
90 545 14
91 726 14
92 287 11
93 796 43
94 41 37
95 391 4
96 138 19
97 494 55
98 346 20
99 492 49
100 58 16
101 445 6
102 610 45
103 10 48
104 185 19
105 142 5
106 529 40
107 645 9
108 136 29
109 28 11
110 437 21
111 560 1
112 175 49
113 129 1
114 113 14
115 37 23
116 552 68
117 109 10
118 771 34
119 747 5
120 277 17
121 26 2
122 453 17
123 677 39
124 151 18
125 669 3
126 340 21
127 788 16
128 297 19
129 585 6
130 388 14
131 464 19
132 780 24
133 666 3
134 335 4
135 309 25
136 226 10
137 624 5
138 697 37
139 362 81
140 188 8
141 79 64
142 334 11
143 671 23
144 345 44
145 172 12
146 631 34
147 7 8
148 282 10
149 249 11
150 135 25
151 5 70
152 383 25
153 210 16
154 668 18
155 471 23
156 532 49
157 694 21
158 731 20
159 176 13
160 245 29
161 238 21
162 259 1
163 540 8
164 120 41
165 18 19
166 750 10
167 591 31
168 244 11
169 382 4
170 414 29
171 478 24
172 96 4
173 101 3
174 606 16
175 44 4
176 573 32
177 565 69
178 268 48
179 589 25
180 433 17
181 33 13
182 95 56
183 737 15
184 183 45
185 83 29
186 797 3
187 758 19
188 507 15
189 140 9
190 479 29
191 732 17
192 401 6
193 13 3
194 36 29
195 153 22
196 398 21
197 105 24
198 601 11
199 790 22
200 308 18
201 84 13
202 60 25
203 728 33
204 171 26
205 342 43
206 789 17
207 431 23
208 491 16
209 785 3
210 770 37
211 447 10
212 43 6
213 592 23
214 799 9
215 525 1
216 575 54
217 258 6
218 678 13
219 253 58
220 564 30
221 299 52
222 274 26
223 380 11
224 660 25
225 658 47
226 317 61
227 630 9
228 428 16
229 443 16
230 533 1
231 499 7
232 501 18
233 634 2
234 701 9
235 300 19
236 714 26
237 566 6
238 605 7
239 242 12
240 411 25
241 271 39
242 306 24
243 698 11
244 303 53
245 416 4
246 166 18
247 178 22
248 34 21
249 289 63
250 440 22
251 126 16
252 638 26
253 662 11
254 793 58
255 217 18
256 753 20
257 746 26
258 727 1
259 327 8
260 81 13
261 27 9
262 240 6
263 165 25
264 688 23
265 527 50
266 265 14
267 286 32
268 448 3
269 312 31
270 397 41
271 141 18
272 497 8
273 246 17
274 554 14
275 568 15
276 636 19
277 413 10
278 544 65
279 9 39
280 99 8
281 107 26
282 674 20
283 541 18
284 42 10
285 211 9
286 252 21
287 468 21
288 571 17
289 336 25
290 609 28
291 35 22
292 412 23
293 696 20
294 343 4
295 686 23
296 795 49
297 285 10
298 119 10
299 548 3
300 338 34
301 699 36
302 12 39
303 733 34
304 498 31
305 367 18
306 14 7
307 607 3
308 767 13
309 523 15
310 618 75
311 584 15
312 194 39
313 735 1
314 748 30
315 192 9
316 593 10
317 305 2
318 703 7
319 59 9
