800 2743 320

0 25 200
1 50 400
2 100 1000
3 150 1600
4 200 2400
5 250 3000

0 1000
1 1500
2 1500
3 1500
4 1500
5 1500
6 500
7 2000
8 1500
9 2000
10 2000
11 1000
12 1000
13 1500
14 1500
15 2000
16 1500
17 1000
18 2000
19 2000
20 1000
21 1500
22 1000
23 2000
24 2000
25 1000
26 1000
27 2000
28 1000
29 2000
30 1500
31 1500
32 1500
33 1000
34 1000
35 1000
36 2000
37 2000
38 2000
39 1500
40 2000
41 2000
42 1000
43 2000
44 2000
45 1500
46 1000
47 1000
48 1000
49 2000
50 1500
51 1500
52 1000
53 1500
54 1500
55 2000
56 1500
57 2000
58 2000
59 1500
60 2000
61 1500
62 2000
63 1000
64 500
65 1500
66 1000
67 1500
68 2000
69 1500
70 1000
71 2000
72 1500
73 1000
74 2000
75 1500
76 1500
77 1500
78 1500
79 1500
80 2000
81 2000
82 2000
83 1000
84 2000
85 1000
86 2000
87 2000
88 2000
89 2000
90 1000
91 2000
92 2000
93 2000
94 2000
95 1000
96 1000
97 1500
98 2000
99 2000
100 1500
101 1500
102 1000
103 2000
104 2000
105 1500
106 2000
107 2000
108 2000
109 1000
110 2000
111 2000
112 2000
113 2000
114 500
115 1500
116 1500
117 1500
118 1500
119 1500
120 2000
121 1500
122 1500
123 1500
124 1000
125 1500
126 1500
127 2000
128 1500
129 2000
130 1000
131 1500
132 2000
133 2000
134 1500
135 2000
136 1500
137 2000
138 2000
139 1000
140 1500
141 1000
142 1500
143 1000
144 1000
145 2000
146 2000
147 2000
148 1500
149 1500
150 1500
151 1000
152 2000
153 1500
154 2000
155 1500
156 1000
157 1500
158 1000
159 1500
160 2000
161 1000
162 1000
163 2000
164 500
165 1000
166 1000
167 1500
168 1500
169 2000
170 1500
171 1000
172 1500
173 2000
174 2000
175 2000
176 1000
177 500
178 2000
179 1000
180 2000
181 1500
182 1500
183 2000
184 1500
185 1500
186 1000
187 1500
188 1000
189 2000
190 2000
191 1000
192 1000
193 500
194 2000
195 1500
196 2000
197 1000
198 1500
199 1000
200 1500
201 1500
202 1500
203 1500
204 1500
205 1500
206 2000
207 1000
208 1500
209 2000
210 2000
211 1500
212 2000
213 2000
214 2000
215 2000
216 1000
217 1000
218 1000
219 1000
220 1500
221 1000
222 2000
223 2000
224 2000
225 2000
226 1000
227 1000
228 2000
229 2000
230 1500
231 1500
232 1500
233 2000
234 1500
235 1000
236 1500
237 2000
238 2000
239 2000
240 2000
241 2000
242 2000
243 2000
244 1000
245 1500
246 1500
247 1500
248 1500
249 2000
250 2000
251 1000
252 1000
253 2000
254 2000
255 1000
256 2000
257 1500
258 1500
259 2000
260 1500
261 1500
262 2000
263 1000
264 2000
265 1500
266 1500
267 1500
268 2000
269 2000
270 1500
271 2000
272 2000
273 1000
274 2000
275 2000
276 1500
277 2000
278 1000
279 1000
280 1500
281 1500
282 1500
283 1500
284 2000
285 1000
286 1500
287 1000
288 1000
289 1000
290 1000
291 2000
292 1500
293 1500
294 2000
295 1500
296 2000
297 1500
298 2000
299 2000
300 1500
301 1000
302 1500
303 1500
304 1000
305 2000
306 1000
307 1000
308 2000
309 500
310 500
311 2000
312 1500
313 1000
314 2000
315 1500
316 1500
317 2000
318 1000
319 2000
320 1000
321 1500
322 1500
323 1500
324 1500
325 1500
326 1500
327 1500
328 1000
329 1500
330 1500
331 1500
332 1000
333 2000
334 1000
335 2000
336 1500
337 1500
338 1500
339 2000
340 2000
341 1500
342 2000
343 2000
344 1500
345 2000
346 2000
347 2000
348 2000
349 1000
350 2000
351 2000
352 2000
353 1000
354 1000
355 2000
356 2000
357 2000
358 1000
359 1000
360 1000
361 1500
362 1500
363 1500
364 1000
365 2000
366 1500
367 2000
368 2000
369 2000
370 1500
371 1500
372 1500
373 1500
374 1500
375 1000
376 1000
377 2000
378 2000
379 1000
380 2000
381 2000
382 1500
383 2000
384 2000
385 2000
386 1000
387 2000
388 2000
389 1500
390 2000
391 1000
392 1000
393 2000
394 2000
395 1500
396 1500
397 1500
398 1000
399 1500
400 2000
401 1500
402 2000
403 1500
404 2000
405 2000
406 1500
407 2000
408 1000
409 2000
410 1000
411 1000
412 1000
413 500
414 500
415 1000
416 2000
417 2000
418 2000
419 2000
420 1500
421 1500
422 1500
423 2000
424 1500
425 1500
426 1500
427 1000
428 2000
429 2000
430 2000
431 2000
432 1000
433 2000
434 2000
435 1500
436 1000
437 1000
438 1500
439 1000
440 2000
441 2000
442 1500
443 2000
444 1500
445 500
446 1500
447 500
448 500
449 2000
450 2000
451 1000
452 2000
453 2000
454 1500
455 1500
456 1500
457 1500
458 1500
459 1000
460 2000
461 2000
462 2000
463 1000
464 2000
465 1000
466 1000
467 2000
468 2000
469 2000
470 2000
471 1000
472 2000
473 1500
474 2000
475 1500
476 1500
477 1500
478 2000
479 2000
480 1000
481 2000
482 2000
483 2000
484 2000
485 1500
486 1500
487 1500
488 1500
489 1500
490 1500
491 1000
492 1500
493 2000
494 2000
495 2000
496 2000
497 1500
498 2000
499 2000
500 2000
501 2000
502 1500
503 2000
504 2000
505 2000
506 1000
507 1000
508 1000
509 2000
510 2000
511 2000
512 2000
513 2000
514 1000
515 1500
516 1500
517 1500
518 1500
519 1500
520 1500
521 2000
522 1000
523 2000
524 1500
525 2000
526 2000
527 2000
528 1000
529 1000
530 2000
531 1000
532 2000
533 2000
534 2000
535 1500
536 1000
537 1000
538 1000
539 2000
540 1000
541 2000
542 1500
543 2000
544 2000
545 1000
546 1500
547 1000
548 1500
549 1500
550 500
551 500
552 500
553 1500
554 2000
555 2000
556 2000
557 1500
558 2000
559 2000
560 500
561 500
562 1000
563 500
564 2000
565 1000
566 2000
567 2000
568 1500
569 2000
570 1500
571 1500
572 1500
573 1500
574 1500
575 1000
576 2000
577 1000
578 2000
579 1500
580 2000
581 2000
582 2000
583 2000
584 1500
585 1500
586 2000
587 1500
588 2000
589 2000
590 1500
591 2000
592 2000
593 2000
594 1000
595 2000
596 2000
597 2000
598 2000
599 1000
600 1500
601 1000
602 1500
603 1500
604 1500
605 1500
606 2000
607 1000
608 1500
609 2000
610 1000
611 1500
612 1000
613 1000
614 2000
615 2000
616 1500
617 2000
618 1000
619 2000
620 1500
621 2000
622 1000
623 2000
624 1000
625 1000
626 1000
627 1500
628 2000
629 1000
630 1500
631 2000
632 2000
633 2000
634 1000
635 1000
636 1500
637 1500
638 500
639 2000
640 2000
641 2000
642 1500
643 1500
644 2000
645 1000
646 1000
647 1500
648 1500
649 2000
650 1500
651 1500
652 1500
653 1500
654 1500
655 1000
656 1000
657 2000
658 2000
659 2000
660 2000
661 2000
662 1000
663 1000
664 2000
665 1000
666 2000
667 1000
668 1000
669 2000
670 1000
671 1500
672 2000
673 2000
674 1500
675 1500
676 1500
677 1500
678 1500
679 1500
680 1500
681 1500
682 1500
683 1000
684 2000
685 1000
686 2000
687 1500
688 2000
689 1500
690 1500
691 1500
692 2000
693 2000
694 1000
695 1000
696 1000
697 2000
698 2000
699 1500
700 2000
701 1500
702 1500
703 2000
704 1500
705 2000
706 1000
707 2000
708 2000
709 2000
710 1000
711 2000
712 2000
713 2000
714 2000
715 1500
716 1500
717 1500
718 1500
719 1500
720 1000
721 1000
722 1000
723 1000
724 2000
725 2000
726 2000
727 1000
728 1000
729 1000
730 2000
731 2000
732 1500
733 1000
734 2000
735 1000
736 2000
737 1000
738 1500
739 2000
740 1500
741 1000
742 1000
743 1500
744 500
745 1500
746 1000
747 1500
748 1500
749 2000
750 1500
751 500
752 1000
753 2000
754 1000
755 1000
756 2000
757 2000
758 1000
759 1500
760 1500
761 1000
762 2000
763 2000
764 2000
765 1000
766 1000
767 1500
768 1500
769 1500
770 1500
771 500
772 500
773 500
774 1500
775 2000
776 2000
777 1000
778 2000
779 1000
780 1000
781 2000
782 1500
783 2000
784 2000
785 1500
786 1500
787 1000
788 2000
789 2000
790 1000
791 1500
792 1000
793 2000
794 2000
795 1500
796 2000
797 1500
798 2000
799 1000

0 1 15 8
0 2 19 3
0 3 35 7
0 4 28 9
0 5 23 10
0 6 48 6
0 31 45 3
0 45 34 1
0 102 47 8
0 115 29 7
0 156 24 5
0 230 10 1
0 232 9 9
0 247 5 5
0 265 22 1
0 280 5 3
0 301 27 8
0 303 13 7
0 325 37 4
0 398 5 1
0 420 21 8
0 575 3 8
0 720 46 10
1 2 7 7
1 3 18 4
1 4 11 7
1 5 44 6
1 7 8 6
1 8 13 6
1 9 17 10
1 100 21 1
1 116 46 5
1 142 23 1
1 248 9 6
1 280 18 1
1 320 10 1
1 373 43 9
1 397 39 7
1 437 19 5
1 517 33 7
1 572 14 2
1 603 19 10
1 630 41 4
1 653 4 8
1 677 25 9
1 760 48 1
1 795 34 9
2 3 50 1
2 4 24 10
2 5 47 3
2 10 37 8
2 11 10 3
2 12 42 3
2 13 8 4
2 14 9 8
2 15 49 8
2 16 19 7
2 31 6 9
2 78 20 2
2 142 18 10
2 157 34 5
2 171 7 4
2 185 13 6
2 201 17 7
2 202 19 3
2 266 3 1
2 374 14 6
2 475 22 4
2 489 43 4
2 490 25 8
2 652 28 6
2 745 25 7
2 747 28 8
3 4 45 6
3 5 14 4
3 17 45 8
3 18 11 2
3 19 43 4
3 20 49 9
3 21 43 8
3 52 25 4
3 54 32 1
3 75 33 6
3 170 12 6
3 360 41 9
3 476 14 8
3 547 11 7
3 630 50 1
3 635 36 7
3 720 41 8
3 795 4 4
4 5 32 8
4 22 11 4
4 23 39 6
4 24 12 7
4 187 5 8
4 361 28 7
4 421 17 9
4 458 5 4
4 516 49 7
4 548 13 4
4 600 22 1
4 676 13 10
4 760 19 3
5 25 2 2
5 26 4 9
5 27 46 9
5 28 3 1
5 29 26 7
5 45 42 7
5 328 26 6
5 438 10 8
5 457 27 6
5 635 15 5
5 770 20 10
6 529 23 10
7 418 24 10
8 417 22 1
10 389 41 4
13 400 27 4
13 412 25 5
13 729 11 10
14 41 12 9
14 168 21 9
15 362 13 4
16 533 24 7
18 125 32 10
19 69 37 10
21 342 21 5
27 352 26 1
27 409 17 10
29 256 1 2
29 366 37 2
30 31 2 3
30 32 48 5
30 33 16 10
30 34 21 8
30 35 1 5
30 36 48 9
30 37 27 3
30 45 13 9
30 53 30 9
30 77 43 4
30 119 12 6
30 156 48 7
30 157 8 9
30 171 48 4
30 200 25 6
30 300 47 3
30 326 33 5
30 395 18 4
30 421 45 2
30 475 49 6
30 519 21 10
30 545 19 5
30 603 42 8
30 630 27 5
30 760 27 3
30 765 45 2
31 32 16 1
31 38 25 10
31 39 39 5
31 40 14 4
31 100 43 7
31 101 14 9
31 142 39 6
31 171 16 4
31 231 9 6
31 247 10 10
31 266 45 7
31 281 22 5
31 303 3 6
31 320 19 4
31 330 24 9
31 372 41 1
31 398 1 6
31 458 6 10
31 489 8 2
31 637 21 10
31 653 36 7
31 676 32 5
31 745 31 9
31 765 42 8
31 795 5 1
32 41 1 7
32 42 47 5
32 43 16 9
32 44 13 10
32 45 21 8
32 50 17 3
32 77 7 10
32 118 25 10
32 142 25 7
32 186 47 4
32 187 50 6
32 201 49 8
32 232 30 1
32 245 28 2
32 266 38 7
32 283 36 1
32 360 29 8
32 374 16 1
32 422 43 7
32 437 22 1
32 438 35 8
32 455 41 7
32 476 25 4
32 487 12 4
32 515 35 1
32 546 15 10
32 572 16 2
32 600 7 3
32 636 8 9
32 650 10 10
32 676 1 3
32 716 36 5
32 717 42 3
32 746 29 5
32 760 20 7
32 795 9 3
37 585 9 6
38 180 2 5
38 401 5 3
39 460 46 6
41 426 31 10
41 477 34 5
42 376 48 8
44 184 8 9
44 377 34 7
44 400 50 6
45 46 38 6
45 47 10 3
45 48 34 8
45 49 46 5
45 51 48 5
45 54 16 8
45 76 36 7
45 100 14 7
45 101 49 9
45 118 20 9
45 119 25 4
45 140 34 1
45 155 29 2
45 157 27 8
45 170 24 8
45 185 31 9
45 187 39 9
45 200 49 8
45 204 39 9
45 230 25 10
45 245 18 4
45 247 50 1
45 266 20 7
45 282 21 4
45 301 39 10
45 302 34 5
45 320 13 3
45 325 37 2
45 328 12 3
45 361 12 7
45 370 26 3
45 371 15 7
45 395 9 3
45 397 24 1
45 422 39 9
45 435 32 3
45 437 40 10
45 456 50 3
45 458 5 8
45 476 40 10
45 486 12 9
45 488 28 4
45 517 5 4
45 518 33 2
45 548 26 6
45 574 17 5
45 575 13 7
45 601 31 10
45 630 40 4
45 636 9 5
45 637 37 8
45 653 10 3
45 654 35 6
45 678 1 1
45 681 50 3
45 715 33 6
45 717 20 6
45 745 50 9
45 746 28 5
45 760 13 5
45 765 45 10
45 770 3 5
45 795 10 9
49 785 45 8
50 51 32 3
50 52 14 10
50 53 7 2
50 54 5 9
50 55 27 10
50 56 2 3
50 57 15 10
50 58 21 3
50 59 20 6
50 79 38 6
50 115 14 4
50 200 21 3
50 283 20 6
50 301 21 3
50 475 8 7
50 486 39 2
50 572 34 1
50 602 4 4
51 52 44 10
51 53 21 4
51 54 28 1
51 60 17 6
51 61 36 8
51 62 39 4
51 63 18 1
51 141 12 6
51 155 28 6
51 170 4 6
51 232 20 5
51 248 37 10
51 267 47 8
51 320 31 1
51 361 29 7
51 396 34 8
51 547 3 4
51 745 14 5
51 760 16 5
52 53 47 8
52 54 24 8
52 64 21 1
52 115 29 8
52 157 10 4
52 172 29 8
52 200 18 6
52 303 44 6
52 374 12 3
52 397 18 2
52 421 41 5
52 437 1 6
52 455 5 9
52 457 28 10
52 486 16 8
52 515 39 9
52 548 48 10
52 604 20 1
52 630 21 9
52 635 32 7
52 636 43 7
52 678 19 8
52 719 32 6
52 746 50 6
52 769 25 3
52 770 12 6
53 54 30 1
53 65 27 9
53 66 50 7
53 67 14 10
53 68 8 9
53 69 11 5
53 100 3 1
53 101 1 6
53 187 41 10
53 230 27 5
53 320 29 6
53 329 8 1
53 330 16 3
53 371 13 2
53 422 45 9
53 437 19 2
53 475 13 10
53 571 22 10
53 630 40 10
53 652 23 5
53 795 47 9
54 70 49 5
54 71 5 4
54 72 36 9
54 73 22 8
54 74 12 7
54 79 16 7
54 140 33 6
54 185 6 4
54 248 37 6
54 265 26 4
54 283 44 9
54 360 8 6
54 520 44 9
54 653 14 10
54 677 24 6
54 715 10 9
54 760 19 2
54 795 47 5
55 152 1 8
55 615 3 2
56 133 48 10
56 287 48 6
56 787 2 6
58 333 26 2
59 213 23 9
60 363 20 6
60 649 42 6
61 198 2 1
61 683 23 1
61 705 4 6
62 684 35 1
64 164 15 9
65 162 11 8
65 376 30 9
65 439 33 2
65 511 39 3
65 669 23 1
67 258 18 1
67 753 47 5
68 91 6 7
68 189 26 9
68 321 9 7
69 344 27 1
69 409 7 1
72 496 26 4
75 76 35 2
75 77 7 1
75 78 46 7
75 79 11 1
75 80 26 7
75 81 33 4
75 82 10 5
75 118 20 2
75 140 1 2
75 141 32 10
75 186 32 9
75 232 6 5
75 360 8 8
75 397 37 4
75 437 26 3
75 548 50 9
75 571 6 1
75 745 33 8
75 747 24 7
75 760 33 6
75 768 27 10
75 795 25 5
76 77 38 2
76 78 22 1
76 79 2 8
76 83 46 7
76 84 18 8
76 85 33 10
76 100 37 7
76 186 43 4
76 283 13 2
76 420 15 8
76 490 29 9
76 575 32 1
76 605 11 1
76 636 15 6
76 654 13 8
76 716 28 1
76 795 46 5
77 78 11 1
77 79 4 2
77 86 13 3
77 87 29 4
77 88 14 4
77 89 13 8
77 90 15 4
77 101 47 1
77 172 20 2
77 245 19 2
77 267 30 4
77 283 43 10
77 320 21 5
77 331 50 6
77 438 16 9
77 475 1 9
77 490 5 7
77 630 47 7
77 760 40 3
78 79 29 3
78 91 39 7
78 92 25 1
78 93 29 8
78 94 23 4
78 95 49 6
78 96 19 7
78 97 49 9
78 118 1 3
78 156 25 3
78 172 27 3
78 203 40 10
78 231 42 10
78 267 29 10
78 301 44 6
78 303 7 10
78 320 9 10
78 374 15 4
78 397 11 4
78 475 15 9
78 519 21 5
78 546 17 6
78 635 1 5
78 654 49 8
79 98 46 10
79 99 25 4
79 155 49 9
79 200 50 1
79 328 45 5
79 374 40 8
79 421 42 5
79 456 48 5
79 457 18 7
79 519 20 4
79 675 42 5
79 678 20 10
79 717 26 6
79 769 4 10
80 442 22 3
81 510 35 7
82 363 11 10
84 535 13 5
85 414 39 9
85 702 38 8
89 424 24 1
90 463 3 6
92 586 1 9
93 403 3 9
93 496 49 2
97 393 4 8
100 101 38 3
100 102 35 3
100 103 50 7
100 104 18 3
100 105 38 5
100 106 24 7
100 107 16 2
100 115 7 7
100 140 28 1
100 172 34 8
100 200 39 9
100 205 16 10
100 245 21 6
100 247 6 8
100 280 20 1
100 300 1 10
100 320 36 8
100 399 22 4
100 435 2 3
100 456 46 2
100 573 44 5
100 630 50 2
100 635 50 8
100 676 50 8
100 720 17 7
100 745 14 7
100 746 16 8
100 760 30 2
100 795 1 5
101 102 32 10
101 108 36 2
101 109 16 8
101 110 42 9
101 111 5 1
101 112 1 3
101 113 26 4
101 141 14 5
101 157 25 10
101 170 26 5
101 185 27 3
101 231 13 2
101 266 45 9
101 283 21 1
101 330 28 2
101 361 44 8
101 371 31 7
101 372 14 5
101 420 30 6
101 435 11 5
101 475 23 6
101 476 32 7
101 485 26 1
101 520 16 3
101 547 48 10
101 548 8 5
101 572 14 8
101 637 48 7
102 114 30 4
102 116 46 5
102 157 47 2
102 187 31 1
102 232 32 7
102 267 30 6
102 302 11 8
102 320 39 1
102 331 49 8
102 360 40 5
102 398 19 4
102 422 39 5
102 457 40 2
102 485 34 8
102 602 19 1
102 605 3 5
102 630 5 3
102 650 45 9
102 651 27 5
102 717 48 1
102 760 21 10
102 767 10 9
102 770 30 8
103 530 6 5
105 253 47 7
105 789 43 10
106 315 4 8
107 674 1 1
108 524 38 4
109 131 45 4
113 764 45 10
114 565 30 3
115 116 35 5
115 117 47 5
115 118 7 8
115 119 17 1
115 120 44 2
115 121 6 8
115 122 36 5
115 123 13 7
115 124 34 6
115 125 3 10
115 157 42 7
115 170 49 2
115 232 36 8
115 303 21 1
115 395 21 1
115 456 7 6
115 475 50 5
115 485 48 5
115 486 23 9
115 573 11 10
115 718 24 7
115 745 5 3
116 117 35 4
116 118 18 9
116 119 13 3
116 126 29 6
116 127 46 7
116 128 25 2
116 171 18 3
116 204 22 10
116 301 14 5
116 329 41 10
116 361 43 1
116 518 49 7
116 549 5 10
116 603 37 9
116 604 47 7
116 635 13 5
116 679 45 10
116 716 34 7
116 745 41 3
116 768 34 9
117 118 12 4
117 119 38 6
117 129 26 9
117 130 5 6
117 185 15 7
117 230 8 10
117 265 39 1
117 281 20 9
117 320 44 3
117 370 42 2
117 435 2 6
117 476 49 10
117 548 14 7
117 570 17 8
118 119 30 10
118 131 38 10
118 132 20 3
118 133 32 2
118 134 9 7
118 141 29 10
118 186 36 4
118 200 21 5
118 245 30 2
118 246 50 3
118 266 37 1
118 281 31 9
118 320 12 3
118 331 48 4
118 373 11 10
118 422 48 9
118 456 10 6
118 515 24 4
118 630 4 6
118 635 35 10
118 653 12 10
118 677 5 5
118 760 1 1
118 767 21 1
118 795 17 5
119 135 12 10
119 136 22 1
119 137 6 3
119 138 35 6
119 139 1 3
119 140 26 3
119 361 39 1
119 399 49 1
119 421 43 5
119 437 32 10
119 630 32 6
119 654 23 2
121 641 46 3
122 725 31 8
123 294 6 2
123 687 49 8
125 348 46 3
126 625 31 5
126 796 30 7
128 711 8 4
129 591 46 2
131 430 20 3
132 236 10 9
133 356 31 8
133 714 27 8
133 740 38 1
134 317 36 10
135 393 27 4
135 553 43 10
136 405 4 1
137 703 13 6
138 182 15 10
140 141 31 3
140 142 40 6
140 143 33 5
140 144 7 8
140 145 35 10
140 146 49 10
140 147 18 6
140 148 47 9
140 149 1 5
140 156 16 4
140 170 19 2
140 187 37 1
140 203 6 3
140 246 40 1
140 399 34 4
140 421 48 5
140 520 18 1
140 574 5 2
140 604 43 9
140 605 12 4
140 637 24 1
140 654 29 4
140 715 32 7
140 719 9 6
140 747 30 7
141 142 47 10
141 150 11 8
141 157 26 5
141 172 2 4
141 186 19 8
141 203 37 7
141 231 27 10
141 266 45 9
141 283 47 10
141 302 15 1
141 303 37 7
141 320 20 6
141 361 17 4
141 370 42 4
141 374 37 2
141 398 36 7
141 421 31 4
141 517 32 1
141 548 25 4
141 570 46 10
141 630 31 6
141 678 22 2
141 760 31 9
141 767 24 4
142 151 17 10
142 152 31 4
142 153 1 2
142 154 45 10
142 231 16 6
142 248 19 7
142 280 18 4
142 320 28 4
142 327 35 4
142 329 21 5
142 361 43 6
142 435 34 9
142 437 33 5
142 456 12 4
142 457 29 1
142 475 1 5
142 485 43 8
142 487 43 7
142 546 17 9
142 637 30 9
142 653 12 2
142 681 8 7
142 746 29 9
142 760 22 5
142 770 49 2
142 795 1 2
148 390 24 6
148 742 30 4
149 509 8 5
149 540 24 6
150 707 44 3
152 352 46 5
153 180 9 1
155 156 18 1
155 157 1 10
155 158 49 6
155 159 15 1
155 160 29 7
155 161 20 8
155 162 41 9
155 163 41 3
155 171 36 8
155 185 37 6
155 232 22 7
155 246 7 9
155 265 50 2
155 266 45 9
155 283 11 10
155 303 47 1
155 361 2 2
155 398 18 10
155 422 27 9
155 436 50 1
155 458 13 6
155 516 7 6
155 545 35 9
155 570 1 8
155 601 30 9
155 650 26 5
155 681 23 9
155 719 18 7
155 747 20 4
155 770 3 3
155 795 49 6
156 157 41 7
156 164 42 1
156 171 43 6
156 201 7 3
156 205 18 1
156 327 43 6
156 330 14 7
156 361 29 5
156 374 45 9
156 396 28 10
156 422 23 9
156 475 28 2
156 547 46 6
156 574 27 7
156 605 22 10
156 630 48 3
156 637 31 10
156 678 37 2
156 760 6 2
157 165 43 2
157 166 40 4
157 167 40 10
157 168 16 9
157 169 16 4
157 231 32 7
157 247 39 2
157 281 22 3
157 301 23 7
157 320 30 5
157 436 3 8
157 458 29 5
157 475 7 10
157 487 32 5
157 490 45 1
157 515 24 7
157 630 4 5
157 637 22 4
157 651 43 5
157 716 21 8
157 747 4 3
157 765 15 5
157 795 6 7
159 384 4 8
160 388 25 3
160 483 50 8
167 368 29 10
168 471 35 6
168 784 9 8
170 171 32 7
170 172 38 9
170 173 17 2
170 174 47 7
170 175 5 8
170 176 35 9
170 186 3 2
170 201 6 1
170 231 30 10
170 232 24 9
170 246 26 2
170 265 20 2
170 267 29 3
170 422 34 3
170 436 15 6
170 489 18 3
170 630 10 10
170 652 2 7
170 675 48 6
170 715 22 5
170 745 23 1
171 172 28 7
171 177 19 10
171 202 9 2
171 282 37 9
171 320 44 6
171 331 42 5
171 361 41 1
171 372 39 1
171 455 18 9
171 475 49 7
171 485 37 1
171 515 22 6
171 604 31 5
171 605 13 3
171 630 27 5
171 637 40 10
171 653 48 8
171 678 40 9
171 719 48 7
171 746 20 4
171 766 14 4
171 795 41 5
172 178 44 2
172 179 24 6
172 180 39 8
172 181 15 7
172 182 17 5
172 183 40 2
172 184 50 3
172 186 43 9
172 245 30 3
172 281 39 6
172 302 30 1
172 330 46 6
172 360 35 3
172 370 11 1
172 395 35 6
172 396 12 6
172 421 29 6
172 436 5 1
172 458 32 1
172 517 23 9
172 546 48 3
172 548 40 7
172 572 1 8
172 574 40 4
172 636 45 9
172 760 30 10
172 765 32 6
173 524 16 3
174 446 19 4
175 497 8 4
178 609 43 1
181 798 5 9
182 206 9 2
183 344 15 2
184 319 13 4
184 584 5 1
185 186 3 5
185 187 31 6
185 188 39 8
185 189 12 8
185 190 42 3
185 191 1 1
185 192 31 10
185 230 49 10
185 231 24 2
185 265 43 10
185 303 1 7
185 320 23 6
185 330 35 10
185 360 38 3
185 372 29 8
185 397 49 8
185 422 46 3
185 457 42 1
185 476 28 4
185 571 33 6
185 630 10 2
185 636 18 4
185 651 42 5
185 795 30 6
186 187 7 4
186 193 19 9
186 204 30 5
186 248 34 1
186 266 31 3
186 280 43 9
186 301 11 5
186 320 45 7
186 422 39 7
186 457 15 5
186 515 39 8
186 574 49 1
186 604 6 8
186 676 48 9
186 678 3 2
186 720 11 1
186 746 32 2
186 760 15 8
186 769 32 4
186 770 39 3
186 795 49 4
187 194 35 10
187 195 34 1
187 196 24 5
187 197 3 8
187 198 3 5
187 199 26 6
187 202 40 5
187 281 39 2
187 328 13 4
187 360 48 5
187 373 20 1
187 395 23 6
187 436 16 6
187 437 5 7
187 485 11 4
187 489 6 6
187 545 38 9
187 549 13 8
187 630 2 9
187 635 34 10
187 654 45 9
187 718 35 5
187 747 38 8
187 760 15 9
188 226 33 2
188 799 42 1
194 388 8 4
194 542 11 8
195 333 9 9
196 311 19 7
197 646 42 1
198 672 42 9
200 201 8 7
200 202 12 7
200 203 8 10
200 204 48 6
200 205 28 4
200 206 41 8
200 207 48 1
200 208 15 6
200 301 46 7
200 320 18 1
200 361 4 5
200 374 10 3
200 397 39 4
200 420 26 9
200 489 16 2
200 571 44 1
200 630 14 8
200 650 3 10
200 746 12 6
201 202 11 6
201 203 10 5
201 204 10 10
201 205 24 7
201 209 28 8
201 210 8 3
201 211 31 5
201 212 43 7
201 213 26 9
201 282 28 3
201 795 12 1
202 203 17 1
202 204 23 6
202 205 5 7
202 214 37 4
202 215 45 6
202 216 11 7
202 217 36 5
202 218 49 1
202 247 12 10
202 265 18 9
202 301 48 3
202 437 2 9
202 476 38 9
202 746 50 1
202 760 23 10
202 769 6 8
203 204 21 2
203 205 9 7
203 219 34 4
203 220 43 5
203 221 20 9
203 222 39 5
203 223 13 8
203 224 27 10
203 232 49 2
203 247 8 6
203 267 45 8
203 280 6 10
203 320 32 6
203 395 26 3
203 438 13 2
203 456 25 7
203 545 22 4
203 605 27 4
203 630 46 10
203 719 37 1
203 770 12 1
204 205 21 1
204 225 16 10
204 226 25 2
204 227 36 8
204 228 45 5
204 231 37 10
204 360 30 9
204 457 40 7
204 516 13 8
204 571 27 1
204 637 11 10
204 682 38 6
204 718 33 4
204 795 16 9
205 229 9 6
205 328 40 9
205 329 18 2
205 371 49 7
205 421 43 9
205 475 9 10
205 486 20 9
205 516 6 4
205 549 26 5
205 605 19 3
205 636 31 10
205 654 7 3
205 675 26 1
205 760 43 4
207 258 46 4
207 702 10 3
208 586 48 3
210 261 7 3
211 495 26 2
212 319 19 5
212 642 46 4
213 500 20 4
214 338 14 1
214 606 33 3
214 647 37 6
214 786 41 10
215 299 33 7
215 689 22 3
216 318 37 6
219 236 45 4
220 345 40 1
220 349 48 6
220 353 9 9
220 390 22 10
221 562 9 2
224 689 28 4
228 688 32 1
229 759 28 4
230 231 44 8
230 232 1 8
230 233 43 3
230 234 30 2
230 235 24 4
230 266 49 8
230 301 1 1
230 320 1 3
230 330 39 9
230 370 33 9
230 396 26 5
230 436 29 9
230 456 1 3
230 476 47 2
230 485 47 1
230 490 6 2
230 548 23 9
230 604 7 9
230 630 10 1
230 651 35 9
230 654 5 1
230 716 38 8
230 746 32 8
230 760 18 5
230 768 23 10
231 232 1 9
231 236 44 2
231 237 24 10
231 238 33 5
231 239 14 10
231 240 15 1
231 241 2 4
231 242 44 8
231 246 25 10
231 247 6 10
231 266 29 9
231 280 33 4
231 281 14 4
231 301 11 5
231 320 40 4
231 330 10 1
231 361 32 7
231 396 17 8
231 476 17 10
231 549 34 3
231 571 28 5
231 637 27 7
231 718 6 10
231 769 43 3
232 243 35 10
232 244 38 6
232 360 29 4
232 374 6 9
232 421 38 1
232 422 43 6
232 435 30 6
232 517 8 7
232 519 37 6
232 573 36 9
232 603 2 7
232 630 12 1
232 635 6 2
232 677 22 7
232 679 24 9
232 746 15 3
232 760 17 3
232 795 45 8
234 294 47 5
234 687 6 8
234 779 5 1
236 664 17 6
240 699 27 1
241 703 26 6
243 454 15 5
243 588 28 1
245 246 49 10
245 247 47 6
245 248 40 6
245 249 42 5
245 250 21 6
245 251 21 9
245 252 1 5
245 253 16 7
245 266 10 4
245 372 35 6
245 436 43 3
245 437 40 5
245 458 12 4
245 485 31 7
245 572 5 1
245 575 50 1
245 630 16 7
245 637 17 7
245 745 10 8
245 760 25 5
245 768 43 3
246 247 44 2
246 248 6 2
246 254 17 7
246 255 48 7
246 256 41 5
246 257 36 8
246 258 40 9
246 265 28 10
246 300 26 6
246 320 29 4
246 330 17 6
246 396 48 8
246 397 47 8
246 421 20 8
246 422 5 3
246 517 41 8
246 549 6 7
246 654 13 9
246 676 2 4
246 719 3 8
247 248 33 1
247 259 50 7
247 260 7 1
247 261 21 9
247 262 44 6
247 281 21 4
247 300 18 5
247 360 15 3
247 476 24 9
247 517 38 2
247 600 27 6
247 604 42 2
247 637 10 3
247 652 7 2
247 679 14 8
247 746 14 7
247 766 47 7
247 795 32 10
248 263 34 7
248 264 2 9
248 326 20 7
248 360 32 9
248 370 30 10
248 456 25 4
248 475 37 8
248 485 6 9
248 545 38 5
248 630 5 9
248 719 46 5
248 760 24 10
251 408 18 10
256 312 16 4
256 502 2 1
257 749 8 8
258 625 36 10
258 705 12 2
260 380 45 4
262 424 11 7
262 510 19 8
265 266 19 5
265 267 40 9
265 268 30 5
265 283 50 10
265 320 22 1
265 360 23 4
265 420 38 7
265 455 5 1
265 488 3 8
265 515 11 10
265 546 1 10
265 575 44 7
265 605 22 2
265 652 19 8
265 718 21 6
265 746 35 7
265 760 30 4
265 795 42 5
266 267 22 5
266 269 33 6
266 270 25 10
266 271 1 1
266 272 12 7
266 300 42 9
266 302 23 9
266 320 40 10
266 328 13 3
266 373 20 9
266 399 2 6
266 456 23 9
266 475 7 1
266 630 17 1
266 636 38 7
266 795 3 5
267 273 32 2
267 274 30 5
267 275 12 1
267 276 1 2
267 277 27 4
267 278 39 10
267 279 30 6
267 282 46 4
267 329 10 9
267 361 27 5
267 372 2 9
267 398 46 4
267 422 23 3
267 435 20 3
267 437 34 9
267 475 33 7
267 489 6 6
267 519 42 4
267 548 49 5
267 573 33 7
267 601 11 1
267 630 48 2
267 635 23 4
267 650 16 1
267 676 8 7
267 679 23 10
267 719 45 5
267 747 11 9
267 760 34 5
267 770 3 3
269 275 35 8
270 387 38 5
274 341 32 9
275 621 46 9
276 632 40 7
280 281 1 9
280 282 13 5
280 283 7 7
280 284 30 9
280 285 9 2
280 286 32 9
280 287 25 5
280 288 37 9
280 302 32 7
280 320 13 1
280 421 50 9
280 520 17 3
280 545 1 6
280 548 37 7
280 573 22 5
280 652 45 4
280 653 47 3
280 766 46 3
281 282 34 6
281 283 50 6
281 289 2 6
281 290 49 2
281 291 21 3
281 328 34 1
281 360 10 3
281 398 16 7
281 437 9 4
281 455 19 4
281 516 41 4
281 605 4 9
281 630 44 8
281 637 48 1
281 716 12 3
281 747 38 6
281 760 9 8
281 769 10 6
282 283 4 10
282 292 35 8
282 293 22 6
282 294 25 7
282 320 18 5
282 330 37 2
282 371 40 5
282 374 16 8
282 421 21 7
282 458 46 2
282 487 48 6
282 603 6 10
282 635 26 8
282 677 36 8
282 717 46 8
282 745 1 6
282 760 21 4
282 795 31 3
283 295 31 2
283 296 4 6
283 297 32 1
283 298 47 7
283 299 22 9
283 300 30 6
283 395 17 8
283 436 38 1
283 475 40 6
283 476 26 9
283 490 42 4
283 574 26 1
283 630 19 10
283 681 6 10
283 795 10 10
284 608 40 4
286 513 21 6
286 585 1 4
287 445 38 1
287 689 29 9
291 534 46 4
292 462 9 7
293 356 31 6
293 699 6 5
294 323 44 8
294 425 5 3
295 342 32 10
296 407 15 6
296 643 34 7
297 429 50 7
298 406 29 8
299 350 30 6
300 301 47 4
300 302 15 10
300 303 49 3
300 304 6 10
300 305 42 3
300 306 28 4
300 307 32 7
300 308 18 8
300 331 19 2
300 395 20 5
300 421 39 7
300 458 18 7
300 476 45 4
300 547 33 3
300 630 40 9
300 677 14 6
300 746 32 2
300 770 15 6
301 302 41 7
301 303 10 2
301 309 40 8
301 310 40 2
301 361 15 9
301 374 39 5
301 397 42 10
301 455 1 5
301 475 9 1
301 487 9 6
301 516 29 8
301 630 6 9
301 637 8 5
301 654 5 4
301 720 30 7
302 303 44 5
302 311 20 8
302 312 5 5
302 313 44 3
302 314 14 7
302 315 34 7
302 320 24 8
302 435 15 5
302 489 26 8
302 516 10 10
302 546 45 4
302 600 29 2
302 635 46 8
302 747 43 5
302 760 19 5
302 770 9 10
302 795 43 10
303 316 5 7
303 317 30 2
303 318 9 2
303 319 17 6
303 320 1 2
303 326 12 9
303 361 46 5
303 371 49 3
303 420 43 1
303 435 28 10
303 571 14 4
303 575 23 10
303 601 16 3
303 653 14 2
303 718 18 9
303 795 4 9
304 439 30 9
304 442 46 1
305 688 9 4
308 454 35 2
310 414 50 6
312 530 34 2
312 624 49 8
312 776 26 10
315 777 46 6
316 411 19 4
316 734 17 3
319 513 28 6
319 708 27 6
320 321 22 9
320 322 37 4
320 323 20 5
320 324 10 8
320 325 14 5
320 327 17 2
320 360 22 5
320 361 18 1
320 372 1 2
320 373 26 6
320 396 22 4
320 398 39 10
320 421 39 1
320 422 4 7
320 437 3 6
320 438 20 8
320 455 21 2
320 475 1 6
320 476 42 8
320 485 11 2
320 487 49 2
320 517 43 7
320 519 7 9
320 545 15 1
320 549 10 7
320 570 49 9
320 575 23 8
320 603 42 9
320 604 24 3
320 630 31 1
320 635 5 3
320 637 17 9
320 652 1 7
320 676 19 10
320 681 44 2
320 717 50 6
320 718 3 9
320 747 17 2
320 760 8 5
320 765 36 5
320 770 27 6
320 795 49 4
322 387 5 10
322 470 37 8
322 631 30 7
324 576 24 8
325 326 47 5
325 327 29 1
325 328 27 8
325 329 23 10
325 330 31 8
325 331 47 8
325 332 32 2
325 333 28 7
325 334 35 8
325 335 48 4
325 336 21 9
325 337 41 1
325 361 38 4
325 420 12 8
325 572 45 1
325 630 8 3
325 635 38 7
325 770 28 3
325 795 5 6
326 327 17 1
326 328 38 3
326 329 24 5
326 330 47 9
326 331 23 9
326 338 5 1
326 339 26 8
326 398 23 5
326 475 25 10
326 516 28 9
326 760 3 4
327 119 12 4
327 269 33 1
327 328 21 3
327 329 2 8
327 330 23 2
327 331 47 2
327 340 17 10
327 360 45 9
327 372 28 4
327 373 21 10
327 396 12 4
327 476 21 10
327 546 13 9
327 604 30 9
327 760 15 7
328 329 9 3
328 330 7 2
328 331 4 1
328 341 25 7
328 437 50 4
328 485 13 4
328 546 48 7
328 630 3 3
328 650 10 7
328 745 42 7
328 747 37 9
328 795 43 7
329 330 29 8
329 331 34 6
329 342 45 6
329 343 1 8
329 344 23 1
329 345 45 3
329 346 18 3
329 347 42 3
329 420 8 4
329 437 14 5
329 458 19 7
329 516 14 4
329 635 19 1
329 654 39 10
329 720 39 1
330 331 41 7
330 348 29 2
330 349 20 6
330 350 2 2
330 351 8 3
330 352 22 5
330 353 34 2
330 487 14 3
330 602 35 6
330 719 19 2
331 354 30 8
331 355 15 3
331 356 4 6
331 357 6 10
331 358 37 7
331 359 10 6
331 457 41 9
331 575 12 6
331 679 32 6
331 681 11 3
331 769 18 5
336 579 38 7
336 788 35 4
337 384 47 6
337 497 46 3
341 362 47 9
341 460 22 3
341 683 29 10
342 687 2 3
344 491 1 2
348 724 23 5
348 783 25 6
350 556 40 7
360 361 39 4
360 362 47 9
360 363 39 7
360 373 34 8
360 374 20 1
360 398 5 8
360 420 16 9
360 421 34 2
360 438 20 2
360 458 48 6
360 476 7 10
360 486 21 7
360 519 47 7
360 573 11 8
360 630 22 5
360 637 36 8
360 676 2 1
360 680 16 1
360 715 6 5
360 760 8 8
360 769 27 4
360 795 9 8
361 364 11 7
361 365 3 5
361 366 9 7
361 367 21 2
361 368 41 2
361 369 21 6
361 438 44 8
361 458 40 2
361 487 47 6
361 518 46 8
361 545 2 9
361 549 42 9
361 572 11 5
361 601 10 7
361 602 24 1
361 630 3 4
361 636 12 4
361 653 41 4
361 654 18 8
361 715 1 4
361 745 11 2
361 746 46 8
361 769 42 10
363 585 49 2
363 728 37 9
364 740 14 6
365 669 16 3
368 460 10 4
368 798 27 4
369 609 37 1
369 782 35 6
370 371 18 5
370 372 24 9
370 373 17 3
370 374 34 2
370 375 41 3
370 376 40 6
370 377 5 4
370 421 32 1
370 437 37 5
370 458 38 4
370 486 33 4
370 516 6 5
370 635 40 10
370 679 6 6
370 747 7 8
370 768 46 10
370 795 49 9
371 372 11 3
371 373 2 3
371 374 23 6
371 378 47 7
371 379 48 8
371 380 23 7
371 381 17 3
371 382 23 3
371 422 8 7
371 475 24 2
371 602 40 9
371 630 15 4
371 652 49 3
371 716 30 2
371 720 33 5
372 373 29 10
372 374 34 1
372 383 8 10
372 384 33 5
372 385 5 6
372 386 28 3
372 387 34 7
372 388 4 2
372 389 34 4
372 435 50 7
372 547 36 6
372 572 46 9
372 630 18 3
372 635 31 3
372 746 14 2
372 760 37 5
372 766 9 10
372 795 43 9
373 374 14 9
373 390 3 8
373 398 22 1
373 455 33 5
373 476 7 1
373 515 17 5
373 547 19 3
373 605 34 7
373 653 18 3
373 678 7 6
373 760 5 4
374 391 24 8
374 392 42 6
374 393 9 4
374 394 8 7
374 396 3 2
374 486 30 10
374 575 19 6
379 528 9 10
382 609 10 7
383 473 23 10
383 590 13 3
383 791 1 1
387 584 29 2
387 797 23 8
390 555 38 7
390 661 16 7
393 534 3 5
393 704 50 1
395 396 36 7
395 397 8 8
395 398 11 7
395 399 30 1
395 400 48 9
395 436 18 5
395 476 26 7
395 571 6 9
395 602 4 8
395 682 27 9
395 770 26 5
396 397 17 3
396 398 30 8
396 399 1 4
396 401 26 1
396 402 14 5
396 435 24 5
396 455 45 6
396 476 23 7
397 398 44 1
397 399 29 1
397 403 37 6
397 404 36 4
397 405 6 8
397 406 42 1
397 407 18 10
397 408 11 2
397 409 34 5
397 410 13 5
397 411 21 6
397 515 48 4
397 518 33 7
397 549 35 10
397 630 25 2
397 651 48 8
397 654 42 10
397 745 32 7
397 795 35 5
398 399 25 1
398 412 9 9
398 413 24 9
398 414 2 10
398 415 40 7
398 421 39 1
398 458 49 7
398 489 46 9
398 571 46 8
398 603 47 6
398 630 48 7
398 636 7 10
398 678 45 8
398 715 37 7
398 745 19 6
398 760 5 8
399 416 5 8
399 417 41 6
399 418 3 6
399 419 48 2
399 420 22 10
399 490 27 2
399 549 22 1
399 635 17 10
399 717 48 4
399 760 7 3
399 769 38 2
399 795 25 3
401 429 10 9
404 671 20 10
407 510 9 5
408 536 8 6
409 557 35 8
410 710 2 10
413 528 14 8
415 797 19 10
417 606 23 7
418 504 5 9
420 421 36 5
420 422 31 9
420 423 34 3
420 436 16 10
420 458 9 8
420 487 37 1
420 546 6 6
420 571 46 8
420 630 21 1
420 636 12 1
420 747 40 7
420 760 44 6
421 422 26 9
421 424 12 4
421 425 46 3
421 426 14 8
421 427 45 8
421 428 35 1
421 429 27 9
421 475 45 7
421 476 20 6
421 486 15 9
421 515 18 10
421 518 50 1
421 549 15 6
421 574 16 1
421 678 8 3
421 720 3 7
421 745 43 1
421 767 49 1
421 795 28 5
422 430 37 5
422 431 34 4
422 432 9 9
422 433 13 10
422 434 30 1
422 436 26 9
422 457 49 6
422 600 3 8
422 636 28 8
422 652 44 8
422 654 7 4
422 675 23 10
422 719 24 10
422 770 31 3
422 795 33 3
424 609 32 10
424 752 36 9
425 578 44 8
425 711 34 9
428 576 45 7
428 579 49 2
435 436 25 10
435 437 44 3
435 438 31 7
435 439 25 4
435 440 10 4
435 441 20 1
435 442 40 9
435 443 46 1
435 488 20 9
435 630 24 4
435 637 37 6
435 653 11 5
435 747 15 1
435 795 8 2
436 437 7 3
436 438 20 2
436 444 9 10
436 475 5 7
436 546 30 3
436 605 5 4
436 637 22 4
436 745 15 7
436 760 25 1
436 766 19 8
436 795 44 3
437 438 27 6
437 445 29 9
437 446 19 9
437 447 43 4
437 448 25 10
437 516 48 6
437 548 43 5
437 571 42 4
437 602 14 3
437 716 40 6
437 760 26 5
437 765 22 6
438 449 46 7
438 450 35 9
438 451 15 6
438 452 34 1
438 453 46 2
438 454 9 10
438 455 3 8
438 458 4 4
438 486 38 8
438 520 12 9
438 574 28 3
438 630 35 9
438 654 41 1
438 676 37 4
438 678 41 4
438 716 13 6
443 526 27 1
443 690 11 5
444 541 31 3
446 734 26 2
448 514 27 1
452 691 26 9
453 627 31 1
455 456 3 8
455 457 33 2
455 458 16 6
455 459 1 1
455 460 29 5
455 461 5 5
455 462 40 4
455 463 14 3
455 464 40 2
455 489 45 1
455 519 24 8
455 549 19 3
455 574 29 10
455 603 45 5
455 650 35 1
455 746 18 7
455 760 42 3
455 767 26 6
455 795 24 6
456 457 39 1
456 458 18 2
456 465 32 8
456 466 49 2
456 467 31 10
456 468 33 7
456 469 15 5
456 475 48 8
456 485 29 1
456 630 19 6
456 716 43 2
456 747 8 9
456 795 2 3
457 458 29 1
457 470 40 3
457 471 37 4
457 546 43 8
457 630 35 8
457 653 13 4
457 682 4 4
457 720 18 8
457 760 16 10
457 766 46 2
458 472 10 7
458 473 37 10
458 474 12 6
458 475 50 9
458 600 13 1
458 635 43 3
458 637 33 10
458 682 28 2
462 568 15 10
463 740 18 7
468 619 32 10
475 476 6 10
475 477 15 8
475 478 49 8
475 479 16 8
475 480 15 4
475 481 16 7
475 487 20 7
475 489 49 1
475 572 47 1
475 600 20 10
475 603 8 7
475 630 41 3
475 635 40 10
475 636 40 1
475 650 24 3
475 653 21 8
475 681 48 1
475 745 5 5
475 746 18 3
475 760 2 6
475 770 37 4
475 795 17 7
476 482 49 10
476 483 50 9
476 484 48 7
476 519 8 5
476 520 9 2
476 548 29 2
476 574 10 9
476 630 28 10
476 676 35 10
476 718 42 3
476 719 4 10
476 768 39 10
476 795 46 5
480 552 12 6
482 786 3 6
485 486 17 5
485 487 50 3
485 488 6 4
485 489 6 8
485 490 20 8
485 491 15 5
485 492 42 3
485 493 23 3
485 494 41 2
485 495 13 8
485 496 30 3
485 570 2 3
485 602 5 3
485 605 2 5
485 745 8 3
485 795 22 2
486 487 39 4
486 488 9 2
486 489 23 4
486 490 32 8
486 497 32 1
486 498 3 2
486 499 16 2
486 500 13 9
486 501 42 3
486 519 6 10
486 635 4 7
486 766 27 2
486 795 18 5
487 488 23 5
487 489 49 1
487 490 29 8
487 502 38 7
487 503 39 7
487 504 47 8
487 505 25 1
487 506 16 6
487 507 1 5
487 546 36 10
487 630 7 5
487 677 42 1
488 489 18 7
488 490 45 6
488 508 22 5
488 509 10 10
488 510 26 3
488 511 39 10
488 572 36 4
488 651 8 5
488 715 2 10
488 745 37 10
488 767 39 4
489 490 48 5
489 512 29 8
489 546 1 7
489 675 12 5
489 716 35 4
489 760 37 1
490 513 23 8
490 514 37 9
490 518 15 1
490 630 17 9
490 635 18 7
490 652 47 9
490 760 20 1
491 551 26 8
491 638 6 6
491 797 22 1
492 558 50 7
493 502 41 4
495 748 14 8
496 620 25 7
501 621 14 10
502 626 40 7
503 533 4 6
504 582 8 4
504 659 31 10
512 731 46 3
515 516 49 5
515 517 49 1
515 518 32 10
515 519 50 9
515 520 26 7
515 521 45 9
515 522 26 9
515 523 46 5
515 524 10 4
515 602 46 3
515 630 32 6
515 653 18 3
515 760 24 8
515 766 34 3
515 768 30 9
515 795 49 1
516 517 20 10
516 518 28 10
516 519 30 8
516 520 26 7
516 525 18 5
516 549 38 9
517 518 27 6
517 519 9 10
517 520 38 7
517 526 19 2
517 600 43 9
517 637 36 1
517 745 22 6
518 519 46 3
518 520 2 4
518 527 20 1
518 528 13 2
518 529 12 7
518 530 47 9
518 531 48 6
518 532 29 4
518 533 12 10
518 680 46 7
518 717 9 1
519 520 2 6
519 534 28 8
519 535 14 3
519 536 7 9
519 537 23 9
519 538 5 4
519 539 28 1
519 540 1 1
519 541 43 5
519 546 14 5
519 653 22 7
519 715 2 1
519 760 37 1
519 795 9 7
520 542 38 8
520 543 6 9
520 544 20 2
520 570 6 5
520 572 35 7
520 630 23 1
520 637 23 7
520 682 44 9
520 747 21 2
522 782 42 4
523 542 50 5
533 796 19 3
535 629 37 5
544 725 3 3
545 546 6 1
545 547 3 3
545 548 3 2
545 549 43 9
545 550 43 1
545 551 15 4
545 552 32 7
545 604 4 4
545 630 42 10
545 678 27 5
545 795 27 8
546 547 44 8
546 548 15 3
546 549 15 1
546 553 9 9
546 554 16 1
546 555 35 7
546 556 21 2
546 557 30 1
546 558 4 6
546 559 28 2
546 573 27 8
546 604 16 10
546 630 25 9
546 652 11 1
547 548 43 6
547 549 38 2
547 560 47 3
547 561 34 7
547 562 18 1
547 563 7 9
547 635 45 7
547 720 43 4
547 766 11 4
547 770 39 4
548 549 48 8
548 564 27 2
548 565 8 10
548 566 47 1
548 567 20 3
548 651 12 3
548 681 20 3
548 745 18 1
548 760 9 2
548 795 48 4
549 568 23 7
549 569 34 6
549 573 48 10
549 636 40 8
549 715 8 10
549 746 16 9
549 760 14 10
553 583 11 5
553 632 22 10
555 702 50 4
556 591 29 1
562 568 1 5
564 632 48 3
567 699 1 7
567 701 50 9
570 571 2 10
570 572 3 7
570 573 37 3
570 574 28 6
570 575 16 8
570 576 46 9
570 577 48 8
570 578 45 8
570 579 38 9
570 580 47 3
570 581 1 7
570 582 16 3
570 652 36 9
570 767 42 5
571 572 17 7
571 573 25 4
571 574 33 7
571 575 12 6
571 583 47 1
571 584 50 4
571 585 5 9
571 586 45 7
571 587 28 3
571 588 26 10
571 589 22 4
571 590 43 1
571 637 36 9
571 653 40 2
571 677 37 5
571 745 38 8
571 760 28 2
571 768 17 9
571 795 44 7
572 573 48 4
572 574 47 5
572 575 1 9
572 591 41 10
572 592 19 7
572 593 8 8
572 594 40 6
572 595 36 5
572 630 16 3
573 574 26 3
573 575 33 1
573 596 5 7
573 597 1 3
573 600 13 6
573 630 2 4
573 716 36 1
573 760 4 2
573 795 41 6
574 575 8 4
574 598 19 4
574 603 22 6
574 682 11 10
574 746 31 2
575 599 1 5
575 636 45 7
575 718 17 1
576 633 4 8
578 498 44 3
579 648 39 2
579 711 19 2
584 733 29 8
585 628 3 5
587 599 23 7
587 661 1 2
590 655 31 1
596 611 35 6
596 643 23 6
600 601 27 8
600 602 28 10
600 603 6 2
600 604 49 3
600 605 42 10
600 606 20 10
600 607 23 1
600 608 45 3
600 609 16 10
600 610 11 5
600 630 13 3
600 637 35 8
600 682 13 7
600 717 21 9
600 766 8 2
601 602 44 7
601 603 23 10
601 604 22 4
601 605 16 1
601 611 5 5
601 630 12 10
601 637 40 4
601 654 42 3
601 765 5 2
602 603 19 10
602 604 10 3
602 605 48 5
602 612 50 5
602 613 49 8
602 614 22 8
602 760 36 5
603 604 35 7
603 605 40 1
603 615 37 4
603 616 3 2
603 617 2 3
603 618 41 1
603 619 29 2
603 620 45 2
603 621 9 2
603 795 7 3
604 605 17 8
604 622 10 6
604 623 19 3
605 624 9 1
605 625 15 2
605 626 39 10
605 627 39 5
605 628 18 4
605 629 27 2
605 652 25 2
605 680 4 3
605 720 28 5
605 747 6 2
605 760 11 4
611 725 30 10
614 641 50 2
615 732 33 3
616 631 6 9
619 690 42 9
622 646 12 9
623 707 29 8
627 683 7 9
630 631 44 9
630 632 14 7
630 633 17 4
630 634 22 7
630 637 38 2
630 653 2 5
630 654 33 6
630 678 49 1
630 679 50 8
630 717 4 3
630 720 20 8
630 746 50 4
630 760 29 6
630 765 14 5
630 769 29 9
630 795 43 2
635 636 27 7
635 637 8 5
635 638 40 9
635 652 12 2
635 681 4 6
635 718 8 6
635 760 36 8
636 637 43 7
636 639 4 2
636 640 42 3
636 641 16 10
636 642 2 3
636 643 22 8
636 644 48 5
636 645 43 1
636 646 38 3
636 647 11 9
636 651 23 7
636 676 1 3
636 746 4 6
636 760 24 8
636 770 33 2
636 795 48 4
637 648 38 6
637 649 16 6
637 719 46 9
637 766 18 10
637 795 2 1
639 749 19 2
644 782 11 9
647 783 6 5
647 788 42 2
648 709 47 5
650 651 7 10
650 652 12 3
650 653 43 3
650 654 36 1
650 655 47 1
650 656 25 7
650 657 37 5
650 658 44 3
650 659 38 7
650 746 41 2
651 652 39 7
651 653 50 5
651 654 26 4
651 660 45 8
651 661 40 6
651 662 47 2
651 663 11 7
651 682 11 8
651 715 46 1
651 760 8 9
651 770 45 10
651 795 44 8
652 653 38 2
652 654 1 8
652 664 24 7
652 665 4 4
652 666 19 5
652 682 50 10
652 746 6 10
652 767 48 4
653 654 17 3
653 667 11 4
653 668 24 1
653 669 46 6
653 760 10 7
654 670 5 7
654 671 31 1
654 672 25 1
654 673 28 7
654 674 20 7
654 719 12 10
658 738 15 7
667 748 36 9
671 672 24 3
675 676 43 8
675 677 38 1
675 678 8 7
675 679 27 10
675 680 46 8
675 681 8 10
675 682 15 4
675 683 4 8
675 684 14 2
675 685 28 5
675 686 26 3
675 687 12 3
675 715 11 5
675 720 15 4
675 770 22 5
675 795 28 5
676 677 27 10
676 678 32 10
676 679 9 1
676 680 31 5
676 681 37 5
676 682 33 8
676 688 14 9
676 689 44 3
676 690 10 8
676 691 31 10
677 678 47 9
677 679 15 2
677 680 13 6
677 681 44 1
677 682 8 2
677 692 12 2
677 693 40 9
677 694 21 1
677 695 1 1
677 769 10 4
677 795 8 4
678 679 2 2
678 680 10 8
678 681 32 3
678 682 17 3
678 696 34 4
678 697 11 8
678 698 6 5
678 699 4 5
678 700 41 3
678 745 22 4
678 746 30 10
679 680 36 9
679 681 34 5
679 682 41 10
679 701 7 10
679 702 8 4
679 703 31 1
679 704 41 8
680 681 40 8
680 682 29 5
680 705 1 4
680 706 21 5
680 707 15 3
680 708 1 1
680 709 25 9
680 760 36 8
681 682 43 3
681 710 34 10
681 711 8 9
682 712 20 4
682 713 36 9
682 714 36 4
688 743 40 5
695 729 8 7
702 796 32 8
707 778 50 4
715 716 15 7
715 717 3 4
715 718 35 8
715 719 39 5
715 720 14 9
715 721 6 3
715 722 4 4
715 723 13 6
715 724 18 8
715 725 37 3
715 747 44 6
716 717 8 8
716 718 36 8
716 719 35 4
716 720 32 8
716 726 47 4
716 727 31 3
716 728 10 1
716 746 16 7
717 718 20 5
717 719 3 6
717 720 7 5
717 729 25 8
717 730 36 6
717 731 31 4
717 732 8 2
717 733 5 9
717 734 24 9
717 735 28 1
717 760 7 4
718 719 9 1
718 720 8 2
718 736 38 5
718 737 47 1
718 738 6 8
719 720 41 10
719 739 39 7
719 740 21 4
719 741 46 10
719 742 47 5
719 743 7 9
719 767 46 6
720 744 37 10
720 768 11 4
720 795 30 5
745 746 32 4
745 747 40 9
745 748 19 10
745 749 50 6
745 750 46 7
745 767 10 9
746 747 10 10
746 751 25 2
746 760 37 10
746 769 15 7
746 795 48 2
747 752 6 10
747 753 38 5
747 754 35 10
747 755 14 6
747 756 29 2
747 757 29 2
747 758 44 5
747 759 32 5
747 760 35 6
747 795 23 9
749 750 48 3
756 774 45 6
760 761 18 2
760 762 26 1
760 763 17 3
760 764 36 7
760 769 49 4
760 795 46 5
765 766 2 7
765 767 11 5
765 768 14 10
765 769 38 4
765 770 2 9
765 771 12 10
766 767 18 4
766 768 4 5
766 769 38 8
766 770 31 8
766 772 30 8
766 773 12 5
766 774 32 2
766 795 36 5
767 768 43 1
767 769 8 1
767 770 27 10
767 775 1 3
767 776 33 3
767 777 10 9
768 769 49 7
768 770 25 8
768 778 43 6
768 779 13 2
768 780 34 9
768 781 1 7
768 782 18 2
768 783 17 2
768 784 30 5
768 785 30 7
768 786 34 5
768 795 27 9
769 770 33 4
769 787 37 1
769 788 39 3
770 789 30 8
770 790 20 5
770 791 24 4
770 792 29 8
770 793 20 1
770 794 38 10
795 796 7 8
795 797 20 6
795 798 7 4
795 799 11 3

0 578 70
1 340 12
2 501 19
3 88 4
4 339 7
5 580 13
6 178 32
7 214 68
8 521 24
9 598 5
10 499 10
11 470 54
12 461 3
13 110 12
14 87 20
15 163 24
16 504 32
17 229 19
18 734 40
19 256 23
20 453 50
21 335 15
22 525 9
23 556 36
24 430 26
25 788 43
26 343 1
27 342 24
28 434 19
29 778 41
30 464 12
31 242 21
32 68 22
33 183 25
34 794 15
35 384 40
36 250 11
37 567 46
38 37 19
39 233 21
40 89 11
41 108 39
42 467 20
43 441 14
44 348 56
45 555 35
46 385 3
47 606 39
48 264 2
49 418 12
50 666 7
51 595 19
52 566 24
53 223 9
54 614 36
55 404 30
56 243 42
57 591 72
58 383 13
59 10 30
60 277 14
61 452 31
62 298 51
63 484 28
64 347 14
65 224 33
66 209 15
67 559 15
68 532 7
69 239 3
70 7 14
71 394 5
72 621 36
73 724 15
74 705 4
75 355 9
76 146 22
77 509 8
78 237 17
79 194 29
80 431 16
81 736 27
82 15 28
83 49 25
84 319 64
85 596 26
86 481 4
87 449 31
88 262 26
89 407 12
90 592 8
91 253 41
92 98 32
93 554 5
94 469 11
95 393 51
96 314 5
97 640 11
98 763 9
99 589 8
100 798 24
101 284 49
102 482 28
103 513 38
104 58 22
105 419 30
106 104 5
107 135 18
108 673 16
109 503 19
110 137 7
111 357 4
112 672 29
113 659 15
114 757 17
115 380 24
116 423 14
117 543 4
118 533 31
119 617 1
120 350 49
121 154 15
122 641 49
123 544 12
124 631 36
125 472 3
126 129 21
127 483 37
128 196 12
129 145 24
130 345 52
131 249 20
132 730 21
133 60 26
134 495 28
135 494 10
136 71 2
137 510 61
138 173 16
139 409 63
140 460 28
141 796 58
142 588 18
143 776 21
144 633 15
145 597 1
146 111 2
147 240 18
148 496 45
149 44 50
150 511 21
151 86 6
152 93 49
153 352 60
154 132 10
155 369 24
156 433 9
157 23 23
158 569 9
159 726 17
160 539 11
161 443 36
162 468 42
163 783 17
164 333 33
165 756 37
166 512 38
167 534 35
168 367 14
169 241 9
170 36 28
171 351 6
172 174 42
173 615 39
174 703 39
175 714 43
176 498 25
177 291 42
178 387 63
179 275 50
180 576 74
181 527 12
182 623 31
183 29 45
184 381 7
185 107 11
186 632 86
187 38 8
188 753 49
189 272 8
190 225 4
191 80 33
192 346 10
193 294 83
194 609 29
195 402 5
196 120 20
197 57 5
198 113 39
199 684 19
200 271 1
201 138 34
202 711 16
203 749 60
204 658 28
205 99 17
206 405 5
207 311 23
208 688 61
209 112 1
210 92 16
211 215 28
212 762 13
213 190 27
214 274 23
215 713 16
216 356 34
217 731 46
218 784 15
219 127 27
220 82 11
221 725 63
222 24 4
223 582 9
224 639 7
225 189 23
226 378 28
227 709 16
228 169 8
229 305 21
230 793 14
231 308 31
232 152 51
233 660 17
234 106 14
235 644 29
236 700 26
237 523 40
238 27 22
239 74 4
240 478 29
241 40 4
242 708 16
243 133 85
244 417 56
245 222 25
246 474 6
247 712 6
248 583 22
249 94 12
250 55 17
251 781 1
252 564 19
253 649 32
254 697 6
255 81 40
256 84 8
257 789 48
258 213 46
259 268 15
260 41 22
261 462 23
262 368 60
263 299 20
264 228 36
265 147 12
266 238 18
267 493 27
268 180 23
269 259 18
270 664 15
271 175 4
272 479 8
273 505 6
274 686 19
275 619 58
276 19 35
277 160 50
278 91 16
279 692 7
280 390 58
281 388 24
282 428 37
283 62 30
284 9 7
285 764 41
286 669 19
287 210 8
288 541 37
289 254 9
290 775 1
291 698 5
292 365 6
293 581 1
294 317 26
295 586 61
296 450 14
297 593 3
298 296 14
299 429 59
300 416 2
301 400 66
302 377 14
303 628 6
304 103 33
305 657 11
306 440 3
307 18 24
308 43 7
309 206 28
310 500 15
311 212 37
312 530 61
313 693 10
314 526 28
315 269 53
316 739 9
317 707 44
318 558 21
319 661 33
