800 2776 320

0 25 200
1 50 400
2 100 1000
3 150 1600
4 200 2400
5 250 3000

0 1500
1 1500
2 2000
3 2000
4 1000
5 2000
6 2000
7 2000
8 1000
9 1000
10 1500
11 1500
12 2000
13 2000
14 1500
15 2000
16 1500
17 2000
18 1000
19 2000
20 1000
21 1500
22 1500
23 1500
24 500
25 2000
26 2000
27 1000
28 1500
29 1500
30 2000
31 2000
32 1000
33 1000
34 1500
35 2000
36 1000
37 2000
38 1000
39 2000
40 1500
41 1500
42 1500
43 1500
44 2000
45 2000
46 1500
47 2000
48 2000
49 1500
50 2000
51 1000
52 2000
53 1000
54 1000
55 1000
56 2000
57 2000
58 1500
59 1000
60 1500
61 1500
62 1500
63 1500
64 1500
65 1500
66 1500
67 1500
68 2000
69 2000
70 2000
71 2000
72 2000
73 1500
74 1000
75 2000
76 1000
77 2000
78 2000
79 2000
80 2000
81 2000
82 1000
83 1000
84 1000
85 1000
86 2000
87 1000
88 1000
89 1500
90 1000
91 2000
92 2000
93 1000
94 1500
95 1000
96 2000
97 2000
98 2000
99 2000
100 1000
101 500
102 1500
103 1500
104 1500
105 1500
106 1000
107 2000
108 2000
109 2000
110 1000
111 1000
112 1500
113 500
114 500
115 1000
116 1500
117 1500
118 1000
119 2000
120 2000
121 1000
122 2000
123 1000
124 2000
125 1500
126 1500
127 1500
128 1500
129 1500
130 1500
131 1500
132 1500
133 1000
134 1000
135 2000
136 2000
137 1500
138 2000
139 1000
140 2000
141 1000
142 1500
143 2000
144 1000
145 2000
146 1500
147 2000
148 1500
149 2000
150 1500
151 1500
152 1000
153 1000
154 1500
155 2000
156 2000
157 1000
158 2000
159 1000
160 2000
161 1000
162 2000
163 2000
164 2000
165 2000
166 2000
167 2000
168 1500
169 500
170 1500
171 1500
172 1000
173 1500
174 1500
175 1500
176 1000
177 2000
178 1500
179 2000
180 1500
181 2000
182 2000
183 1000
184 1500
185 2000
186 1000
187 1000
188 1000
189 2000
190 1500
191 500
192 2000
193 1000
194 2000
195 2000
196 2000
197 2000
198 2000
199 1500
200 1000
201 1500
202 1000
203 1500
204 1500
205 500
206 1500
207 1500
208 2000
209 2000
210 1500
211 1500
212 2000
213 1500
214 1500
215 1000
216 2000
217 1000
218 2000
219 1000
220 2000
221 1500
222 2000
223 1500
224 2000
225 1500
226 1500
227 2000
228 1500
229 1500
230 1500
231 1500
232 2000
233 1000
234 1000
235 1500
236 1000
237 2000
238 2000
239 2000
240 2000
241 2000
242 1000
243 1000
244 500
245 1000
246 1000
247 1500
248 1500
249 1500
250 1500
251 500
252 500
253 2000
254 2000
255 1000
256 2000
257 2000
258 2000
259 1500
260 2000
261 2000
262 2000
263 1000
264 2000
265 2000
266 2000
267 2000
268 1000
269 1000
270 2000
271 2000
272 2000
273 1000
274 1000
275 1500
276 1500
277 1500
278 1000
279 1500
280 2000
281 1500
282 2000
283 2000
284 2000
285 1500
286 1500
287 2000
288 1500
289 2000
290 1500
291 2000
292 1000
293 1000
294 1000
295 1500
296 2000
297 1500
298 2000
299 1500
300 1500
301 1500
302 1500
303 1500
304 1500
305 1500
306 2000
307 1000
308 1000
309 2000
310 1500
311 2000
312 1000
313 1000
314 1500
315 2000
316 2000
317 2000
318 1000
319 2000
320 1000
321 1500
322 1500
323 2000
324 1500
325 1000
326 1500
327 1500
328 2000
329 1000
330 1500
331 1500
332 1500
333 1500
334 1500
335 2000
336 1500
337 1500
338 2000
339 1000
340 1500
341 1500
342 1500
343 1500
344 2000
345 1500
346 2000
347 1500
348 2000
349 2000
350 1500
351 2000
352 2000
353 2000
354 2000
355 1500
356 1500
357 1500
358 2000
359 2000
360 1500
361 1500
362 1500
363 1500
364 1500
365 1500
366 2000
367 1500
368 1500
369 1000
370 1000
371 2000
372 2000
373 2000
374 1000
375 1000
376 1000
377 2000
378 1000
379 1000
380 1000
381 1500
382 1500
383 2000
384 2000
385 1000
386 1500
387 1500
388 1000
389 2000
390 1500
391 1500
392 1500
393 1500
394 2000
395 1500
396 2000
397 1000
398 2000
399 2000
400 1000
401 2000
402 2000
403 1000
404 2000
405 2000
406 1000
407 2000
408 1000
409 2000
410 1500
411 1500
412 1500
413 1000
414 1500
415 2000
416 1500
417 2000
418 2000
419 1000
420 1500
421 1500
422 1500
423 1500
424 1500
425 2000
426 2000
427 1000
428 2000
429 1000
430 1500
431 2000
432 1000
433 1000
434 1500
435 2000
436 2000
437 2000
438 1000
439 2000
440 1500
441 1000
442 2000
443 2000
444 2000
445 1500
446 1500
447 1500
448 1000
449 2000
450 2000
451 1500
452 2000
453 1000
454 1000
455 1000
456 1000
457 2000
458 2000
459 2000
460 1500
461 1500
462 1500
463 2000
464 1500
465 2000
466 2000
467 1000
468 1500
469 2000
470 2000
471 1500
472 2000
473 2000
474 1000
475 1500
476 1500
477 1500
478 1000
479 1500
480 1500
481 1500
482 1500
483 1500
484 2000
485 1000
486 2000
487 2000
488 2000
489 1000
490 2000
491 2000
492 2000
493 1000
494 2000
495 2000
496 1000
497 2000
498 1500
499 1500
500 500
501 500
502 1500
503 2000
504 2000
505 1000
506 2000
507 1000
508 2000
509 1000
510 2000
511 2000
512 2000
513 1000
514 1500
515 1000
516 1500
517 1500
518 1500
519 1500
520 1500
521 1500
522 1500
523 2000
524 2000
525 2000
526 1000
527 1500
528 1500
529 1000
530 2000
531 2000
532 2000
533 1500
534 2000
535 1500
536 2000
537 2000
538 1000
539 1500
540 1000
541 2000
542 2000
543 2000
544 1000
545 2000
546 1000
547 1000
548 1500
549 2000
550 1500
551 1500
552 1500
553 1500
554 1000
555 2000
556 2000
557 2000
558 1000
559 2000
560 2000
561 1000
562 2000
563 2000
564 2000
565 1500
566 1500
567 1500
568 1500
569 2000
570 2000
571 1000
572 1000
573 2000
574 1000
575 2000
576 2000
577 1500
578 1500
579 1000
580 1500
581 1500
582 1500
583 1500
584 2000
585 2000
586 2000
587 2000
588 2000
589 2000
590 1500
591 1500
592 1500
593 2000
594 1500
595 1000
596 1500
597 1000
598 2000
599 2000
600 1000
601 2000
602 1500
603 1500
604 2000
605 1500
606 1500
607 1500
608 1500
609 1500
610 1500
611 1500
612 1000
613 1500
614 2000
615 2000
616 1000
617 1000
618 2000
619 2000
620 2000
621 2000
622 1000
623 1000
624 1000
625 1500
626 2000
627 1000
628 2000
629 2000
630 1000
631 1500
632 1500
633 2000
634 2000
635 2000
636 2000
637 1000
638 2000
639 2000
640 1500
641 2000
642 2000
643 2000
644 1500
645 1500
646 1500
647 1000
648 1000
649 1500
650 1500
651 2000
652 2000
653 1500
654 1000
655 2000
656 1500
657 2000
658 2000
659 2000
660 1500
661 1500
662 1500
663 1000
664 500
665 1500
666 1500
667 1000
668 1000
669 2000
670 2000
671 1500
672 2000
673 2000
674 2000
675 1000
676 2000
677 500
678 1500
679 500
680 1500
681 1500
682 1500
683 1000
684 1500
685 1500
686 1000
687 1500
688 1000
689 2000
690 2000
691 2000
692 2000
693 1000
694 2000
695 1500
696 2000
697 1000
698 2000
699 2000
700 2000
701 2000
702 2000
703 2000
704 2000
705 500
706 1500
707 1500
708 2000
709 1500
710 2000
711 1000
712 2000
713 2000
714 1500
715 1500
716 1500
717 1500
718 1500
719 1000
720 1000
721 2000
722 2000
723 1500
724 1500
725 1000
726 2000
727 2000
728 1000
729 1500
730 1000
731 2000
732 2000
733 1000
734 1000
735 1500
736 1500
737 1000
738 1500
739 2000
740 2000
741 2000
742 1500
743 2000
744 2000
745 1500
746 1000
747 1500
748 1500
749 500
750 2000
751 2000
752 2000
753 2000
754 2000
755 1500
756 1500
757 1500
758 1500
759 2000
760 2000
761 2000
762 2000
763 1000
764 1000
765 2000
766 1000
767 1500
768 1500
769 2000
770 1500
771 2000
772 1000
773 2000
774 1000
775 1500
776 1500
777 1500
778 1500
779 1500
780 2000
781 2000
782 2000
783 1500
784 2000
785 2000
786 2000
787 1000
788 1000
789 1500
790 1500
791 1500
792 2000
793 1000
794 1000
795 1500
796 1500
797 2000
798 1000
799 2000

0 1 27 9
0 2 2 9
0 3 11 1
0 41 31 4
0 65 49 6
0 66 31 6
0 106 5 3
0 115 50 4
0 127 11 2
0 172 21 2
0 225 48 9
0 226 25 1
0 235 41 7
0 247 34 3
0 277 22 5
0 295 34 1
0 304 6 6
0 330 3 6
0 360 46 8
0 392 25 10
0 393 5 6
0 424 49 1
0 447 46 6
0 462 28 1
0 476 49 10
0 482 42 4
0 551 24 5
0 580 10 3
0 607 46 3
0 609 27 5
0 683 49 5
0 717 47 1
0 735 44 4
0 737 28 1
0 755 13 3
1 4 13 3
1 5 19 1
1 6 33 6
1 7 22 10
1 8 39 1
1 9 46 4
1 10 27 6
1 11 2 3
1 22 31 8
1 42 44 6
1 100 38 5
1 115 48 5
1 129 42 8
1 173 19 9
1 200 18 3
1 202 30 1
1 235 22 2
1 276 49 3
1 290 32 5
1 304 30 8
1 330 44 9
1 342 20 7
1 360 32 9
1 410 50 8
1 423 12 7
1 446 12 4
1 461 12 3
1 518 11 6
1 521 20 3
1 551 30 8
1 565 18 3
1 566 25 9
1 581 26 8
1 591 30 9
1 645 1 1
1 648 23 8
1 666 2 1
1 667 33 8
1 681 49 3
1 716 35 5
1 775 38 8
1 778 1 9
2 80 27 6
3 747 44 6
5 297 8 7
5 791 2 4
7 434 19 4
8 650 34 9
10 11 50 1
10 12 37 5
10 13 7 10
10 21 30 5
10 22 9 10
10 41 26 7
10 100 45 9
10 105 21 4
10 106 33 6
10 129 3 2
10 173 19 3
10 226 2 9
10 236 7 4
10 247 20 5
10 275 43 1
10 290 10 10
10 295 49 3
10 305 8 10
10 331 25 8
10 340 10 2
10 342 39 6
10 365 26 3
10 392 5 7
10 393 49 7
10 411 50 4
10 420 23 3
10 422 7 10
10 447 19 8
10 462 48 7
10 479 49 6
10 551 44 3
10 566 25 6
10 580 38 6
10 590 45 10
10 645 1 8
10 667 47 3
11 14 32 1
11 15 22 8
11 16 1 6
11 17 37 4
11 18 19 3
11 19 9 7
11 41 14 10
11 61 20 9
11 62 34 3
11 100 30 5
11 115 40 3
11 128 22 3
11 171 12 6
11 204 48 9
11 236 17 3
11 250 28 2
11 276 36 5
11 290 27 3
11 302 37 3
11 330 4 6
11 363 31 2
11 410 16 3
11 446 50 8
11 461 13 10
11 477 29 8
11 515 42 10
11 516 3 1
11 550 29 2
11 566 3 5
11 580 6 2
11 591 26 10
11 610 32 1
11 612 18 1
11 645 5 2
11 680 24 6
11 681 42 3
11 715 11 8
11 718 38 2
11 736 33 2
11 738 46 5
11 755 5 10
11 757 3 6
11 776 6 9
11 779 7 2
12 351 36 9
12 430 37 5
13 210 41 6
14 726 8 6
14 771 48 10
15 213 29 2
15 310 15 4
15 430 13 7
16 426 11 9
16 535 33 2
17 49 43 8
17 553 17 6
18 151 40 6
18 369 28 9
18 489 42 7
19 112 13 6
20 21 20 7
20 22 49 6
20 23 29 6
20 24 10 2
20 106 35 4
20 115 27 9
20 171 27 9
20 225 40 1
20 246 6 8
20 295 24 2
20 363 19 2
20 364 50 3
20 411 6 3
20 420 9 7
20 519 15 7
20 550 29 4
20 591 27 1
20 666 43 5
20 756 28 7
20 757 29 3
21 22 16 5
21 23 2 5
21 25 38 8
21 26 43 6
21 27 1 7
21 28 34 6
21 126 15 7
21 290 4 10
21 295 12 1
21 303 36 3
21 330 46 6
21 342 4 1
21 411 25 4
21 461 3 2
21 478 1 2
21 607 8 5
21 683 13 6
21 718 36 6
21 738 1 4
21 777 8 7
22 23 48 2
22 29 37 9
22 30 10 3
22 31 50 9
22 32 28 8
22 33 18 5
22 34 25 10
22 35 29 2
22 42 4 6
22 62 27 8
22 66 29 2
22 100 36 9
22 128 28 4
22 235 18 1
22 246 28 6
22 390 48 2
22 421 48 2
22 482 12 4
22 516 33 1
22 550 45 3
22 566 23 4
22 567 50 8
22 591 37 10
22 607 19 5
22 665 10 6
22 775 47 3
23 36 20 7
23 37 25 7
23 38 29 1
23 39 7 10
23 100 43 3
23 105 17 6
23 116 28 6
23 175 50 5
23 200 21 3
23 201 34 1
23 225 50 6
23 236 8 4
23 276 27 4
23 290 41 2
23 303 22 9
23 331 3 7
23 342 31 4
23 393 19 9
23 447 31 8
23 461 2 6
23 580 8 6
23 581 41 1
23 646 18 1
23 648 13 6
23 686 43 10
23 716 33 7
23 738 50 9
24 496 9 9
25 138 15 3
25 350 37 1
28 166 22 3
28 369 36 1
29 701 11 8
30 635 49 9
30 792 37 5
31 145 22 1
34 389 26 7
34 443 28 8
34 604 34 2
35 69 27 10
35 548 40 4
36 433 32 5
37 58 25 8
37 136 27 7
40 41 36 7
40 42 16 5
40 43 7 7
40 44 36 9
40 45 41 1
40 46 47 9
40 47 6 3
40 48 22 3
40 116 37 8
40 200 36 4
40 225 29 10
40 250 39 7
40 275 4 1
40 290 19 7
40 295 10 3
40 363 28 7
40 390 7 10
40 391 31 2
40 446 34 2
40 517 45 8
40 551 48 7
40 581 13 8
40 592 16 7
40 612 21 8
40 645 7 10
40 666 13 3
40 717 39 7
40 758 44 3
40 776 30 2
40 778 12 3
41 42 8 6
41 43 46 1
41 49 45 2
41 50 44 8
41 51 12 5
41 52 38 1
41 53 44 6
41 66 33 7
41 100 47 6
41 106 25 6
41 116 15 7
41 132 25 3
41 247 43 9
41 277 20 5
41 302 42 8
41 331 1 3
41 422 21 4
41 424 7 5
41 447 27 8
41 460 18 10
41 462 26 6
41 552 4 8
41 580 17 6
41 591 5 4
41 666 9 7
41 716 7 6
42 43 44 2
42 54 3 10
42 55 12 4
42 56 33 6
42 65 33 5
42 172 6 10
42 200 18 9
42 226 28 6
42 235 40 3
42 295 41 3
42 302 40 10
42 341 41 9
42 364 37 6
42 410 41 10
42 480 11 10
42 482 8 10
42 517 8 6
42 686 39 8
42 737 42 4
42 738 22 6
42 757 28 6
43 57 12 9
43 58 12 4
43 59 49 1
43 127 36 7
43 172 23 2
43 236 50 1
43 330 5 8
43 343 11 3
43 411 19 2
43 565 12 10
43 566 2 9
43 605 28 2
43 648 22 10
43 684 31 1
45 197 34 3
45 767 18 1
46 239 30 1
46 523 22 1
47 695 10 7
49 401 9 7
50 322 44 2
50 327 38 9
51 719 18 10
55 627 35 3
57 368 11 10
57 642 16 5
58 238 48 9
59 720 4 6
60 61 9 1
60 62 32 6
60 63 45 3
60 64 13 3
60 65 11 1
60 66 37 6
60 67 34 9
60 68 44 6
60 116 31 3
60 127 35 6
60 236 34 1
60 275 20 7
60 295 31 9
60 411 4 7
60 445 39 5
60 461 17 1
60 580 10 4
60 592 12 1
61 62 26 3
61 63 27 10
61 64 35 8
61 65 48 4
61 66 27 2
61 67 6 4
61 69 12 8
61 70 7 9
61 71 25 5
61 72 21 3
61 73 38 4
61 175 21 8
61 248 11 10
61 277 14 6
61 290 50 2
61 302 47 7
61 340 17 9
61 518 32 9
61 686 2 7
61 718 25 3
61 755 38 7
61 776 35 8
62 63 38 4
62 64 46 6
62 65 20 3
62 66 8 10
62 67 33 6
62 74 50 2
62 75 22 2
62 76 1 8
62 77 9 7
62 78 15 3
62 79 22 9
62 80 15 3
62 100 38 5
62 105 32 9
62 225 15 6
62 362 12 1
62 365 31 4
62 446 3 9
62 565 48 1
63 64 24 1
63 65 39 1
63 66 5 5
63 67 45 5
63 81 2 9
63 82 24 5
63 83 13 1
63 84 6 8
63 129 41 3
63 295 40 9
63 301 50 8
63 331 46 4
63 343 13 1
63 482 6 1
63 591 44 3
63 612 34 6
64 65 40 8
64 66 41 6
64 67 14 3
64 85 43 2
64 86 33 8
64 87 13 10
64 88 36 5
64 89 32 3
64 90 6 10
64 106 44 8
64 116 19 2
64 226 43 2
64 290 47 1
64 393 31 1
64 422 49 10
64 520 48 5
64 551 47 9
64 758 29 5
65 66 2 3
65 67 5 4
65 91 23 10
65 92 42 5
65 93 35 8
65 331 27 1
65 390 36 10
65 423 36 9
65 475 15 1
65 552 25 5
65 581 10 8
65 667 5 1
65 681 24 1
65 778 23 5
66 67 10 8
66 94 2 2
66 95 16 5
66 96 39 3
66 97 15 5
66 171 4 5
66 246 26 9
66 567 13 6
66 665 42 1
66 737 4 8
66 738 47 8
67 98 21 3
67 99 48 10
67 100 29 1
67 200 36 6
67 201 34 2
67 411 36 6
67 460 29 6
67 605 13 2
67 645 9 6
67 647 4 5
67 717 11 10
68 790 43 10
69 598 28 7
70 283 17 2
70 395 16 2
72 120 25 4
72 285 1 1
72 596 20 6
73 593 4 9
74 336 37 4
75 770 17 1
76 219 7 10
76 527 31 4
77 628 7 8
77 742 18 2
79 709 35 3
86 286 14 6
89 280 6 1
89 796 43 5
91 288 29 1
93 114 21 3
94 176 24 6
94 598 15 1
96 206 1 5
97 216 32 10
97 270 17 8
99 498 49 8
99 709 25 3
100 101 49 4
100 102 46 7
100 103 38 4
100 104 32 4
100 105 4 4
100 106 18 10
100 116 31 2
100 126 46 8
100 133 6 6
100 170 14 7
100 200 1 8
100 204 34 6
100 225 6 1
100 226 30 10
100 235 40 4
100 236 9 9
100 247 8 6
100 275 40 7
100 276 1 1
100 290 11 9
100 295 21 2
100 304 36 8
100 305 42 2
100 330 3 4
100 341 6 5
100 365 25 5
100 391 5 6
100 392 45 3
100 410 15 4
100 420 48 9
100 424 17 9
100 445 37 5
100 447 14 6
100 461 48 2
100 462 26 4
100 476 18 9
100 518 20 3
100 550 18 1
100 552 22 6
100 566 42 1
100 567 34 5
100 580 11 6
100 592 5 6
100 608 34 7
100 647 1 8
100 648 37 3
100 665 43 1
100 667 48 6
100 681 13 10
100 684 29 1
100 715 33 3
100 716 41 3
100 737 11 1
100 738 33 7
100 756 38 10
100 757 44 5
100 776 10 4
100 779 15 2
101 312 18 4
102 442 31 9
103 563 31 10
104 598 45 9
105 106 1 9
105 107 23 6
105 108 45 4
105 109 3 3
105 110 18 6
105 111 44 5
105 115 47 3
105 132 7 6
105 171 48 3
105 200 49 1
105 226 24 4
105 276 26 2
105 290 9 8
105 295 31 2
105 331 32 8
105 340 25 5
105 362 34 6
105 390 28 2
105 391 42 2
105 410 12 4
105 422 37 3
105 447 47 7
105 476 19 5
105 521 39 5
105 550 6 5
105 567 10 9
105 580 14 7
105 590 9 5
105 609 33 2
105 612 33 3
105 646 31 2
105 686 34 1
105 717 16 9
105 738 43 2
105 756 12 4
105 775 47 1
105 776 45 10
106 112 2 8
106 113 43 3
106 114 1 1
106 116 47 6
106 129 19 2
106 172 23 7
106 203 27 2
106 235 35 3
106 236 11 7
106 246 46 8
106 248 38 1
106 275 4 8
106 290 20 9
106 295 17 2
106 305 37 5
106 341 35 2
106 361 40 10
106 411 22 2
106 420 34 8
106 446 35 3
106 460 14 7
106 461 38 10
106 481 5 5
106 521 26 3
106 550 6 4
106 567 25 7
106 581 27 7
106 591 28 6
106 648 39 2
106 666 28 8
106 717 34 5
106 738 32 7
106 758 39 8
107 644 41 2
107 707 42 9
108 168 46 3
109 780 34 7
112 224 34 6
112 658 15 7
115 116 7 10
115 117 12 5
115 127 20 9
115 129 13 6
115 170 8 8
115 172 23 7
115 201 7 9
115 236 17 9
115 245 15 7
115 247 31 4
115 295 17 1
115 303 28 6
115 331 8 3
115 340 42 8
115 341 12 8
115 360 38 2
115 392 3 9
115 411 46 5
115 424 26 10
115 447 8 3
115 476 34 10
115 515 40 7
115 565 12 9
115 567 48 9
115 581 6 6
115 590 41 6
115 592 28 4
115 647 19 2
115 665 33 5
115 716 18 5
115 758 27 6
116 118 8 8
116 119 29 2
116 120 7 6
116 121 33 9
116 122 3 6
116 123 25 7
116 124 17 6
116 201 41 2
116 225 29 4
116 226 48 6
116 236 29 1
116 275 36 10
116 277 14 9
116 290 31 10
116 302 26 1
116 330 49 1
116 360 50 7
116 391 7 7
116 411 10 10
116 421 34 5
116 445 41 9
116 462 12 9
116 518 2 3
116 550 40 10
116 551 11 6
116 580 34 10
116 605 44 7
116 606 29 10
116 647 29 7
116 665 38 6
116 682 48 1
116 686 36 9
116 718 44 4
116 735 4 7
116 737 7 1
116 757 10 9
116 775 9 10
117 197 34 1
120 355 42 5
120 464 14 4
122 319 23 4
122 471 50 3
124 356 27 3
125 126 1 6
125 127 2 6
125 128 12 1
125 129 33 5
125 130 18 7
125 131 5 1
125 132 47 5
125 133 8 6
125 134 8 6
125 135 13 1
125 136 3 7
125 137 27 3
125 138 15 3
125 225 16 5
125 248 1 3
125 277 20 2
125 331 17 6
125 567 16 3
125 646 6 8
125 779 30 9
126 127 46 9
126 128 48 8
126 129 19 4
126 130 19 6
126 131 36 7
126 132 46 6
126 133 26 1
126 139 20 9
126 140 28 2
126 141 44 5
126 142 21 5
126 143 16 9
126 174 8 8
126 295 48 5
126 303 20 5
126 423 37 8
126 682 48 10
127 128 35 3
127 129 23 4
127 130 16 4
127 131 14 1
127 132 7 2
127 133 10 10
127 144 42 1
127 145 47 7
127 146 41 9
127 147 17 10
127 148 4 3
127 201 15 3
127 225 9 8
127 235 48 7
127 290 8 9
127 295 39 8
127 340 1 6
127 390 2 2
127 592 34 8
127 667 18 8
127 681 14 7
127 758 39 3
128 129 2 2
128 130 38 3
128 131 24 8
128 132 15 5
128 133 48 5
128 149 24 7
128 150 27 2
128 151 1 2
128 247 4 8
128 606 24 5
128 610 13 1
128 717 10 9
129 130 43 6
129 131 27 7
129 132 23 1
129 133 30 3
129 152 8 3
129 153 25 5
129 154 25 2
129 155 48 2
129 290 19 6
129 340 40 3
129 390 19 10
129 581 24 4
129 755 50 4
130 131 23 5
130 132 14 6
130 133 18 6
130 156 22 1
130 157 37 10
130 158 25 7
130 159 40 10
130 160 50 3
130 161 2 4
130 162 8 9
130 163 50 6
130 462 40 8
130 551 46 7
130 665 39 9
130 778 42 7
131 132 23 1
131 133 47 7
131 164 29 4
131 277 36 10
131 331 47 5
131 410 42 2
131 411 21 6
131 447 22 8
131 479 40 3
131 647 21 7
131 738 4 7
132 133 9 7
132 165 9 4
132 166 21 1
132 167 46 10
132 201 1 3
132 302 28 10
132 363 24 7
132 421 25 8
132 445 42 3
132 736 29 10
133 168 40 2
133 169 38 10
133 175 28 4
133 236 35 3
133 364 37 10
133 462 15 2
133 477 25 4
133 515 43 2
133 520 1 4
133 550 6 10
133 566 27 7
133 580 13 3
133 591 9 4
133 718 33 1
136 142 26 1
136 503 8 1
137 394 19 1
137 632 35 2
138 678 32 7
139 242 33 10
140 319 28 8
140 346 8 1
141 313 20 3
144 146 36 3
145 296 41 9
145 483 32 10
146 383 4 1
146 572 47 7
147 470 23 2
148 699 13 1
149 323 42 10
149 575 39 9
149 594 26 8
149 768 8 10
150 377 7 4
150 676 5 8
151 283 42 7
151 439 50 1
152 616 11 10
153 374 19 3
154 619 7 9
154 663 13 6
155 211 43 8
155 603 32 5
156 724 25 9
158 625 18 7
159 244 8 2
159 571 39 8
160 354 48 10
160 412 15 6
164 229 32 1
168 399 47 10
170 171 26 1
170 172 22 5
170 173 35 6
170 174 1 8
170 175 35 7
170 176 12 8
170 177 17 7
170 178 33 3
170 179 46 10
170 180 13 9
170 181 47 5
170 182 30 3
170 225 31 8
170 236 15 10
170 392 47 1
170 411 14 7
170 580 24 10
170 611 50 10
170 716 23 9
171 172 34 10
171 173 19 6
171 174 1 1
171 175 32 2
171 183 5 5
171 184 47 4
171 185 31 3
171 186 49 2
171 187 35 4
171 188 17 10
171 189 40 4
171 190 20 5
171 290 1 2
171 295 39 5
171 305 10 5
171 343 18 2
171 477 15 4
171 521 23 7
171 551 38 10
171 779 21 10
172 173 21 1
172 174 30 3
172 175 40 2
172 191 12 4
172 235 6 9
172 290 1 2
172 330 35 5
172 343 4 4
172 421 46 9
172 461 11 9
172 565 42 4
172 591 26 2
172 605 36 9
172 667 3 6
172 680 3 6
173 174 39 10
173 175 26 2
173 192 44 5
173 193 33 3
173 194 47 3
173 249 41 8
173 275 14 6
173 300 39 7
173 364 47 1
173 447 43 9
173 476 3 1
173 517 16 9
173 580 42 3
174 175 40 10
174 195 49 2
174 196 45 6
174 200 42 1
174 201 43 1
174 330 45 1
174 360 20 4
174 392 4 2
174 411 31 10
174 445 2 4
174 567 36 10
174 591 41 4
174 716 18 2
174 736 8 1
174 737 25 9
174 756 37 3
175 197 45 9
175 198 15 10
175 199 34 3
175 226 10 10
175 250 3 8
175 277 23 1
175 295 14 9
175 424 12 4
175 462 20 9
175 552 4 9
175 648 18 8
175 665 13 7
175 680 34 7
175 756 8 6
175 775 40 8
177 279 36 6
178 643 49 6
179 214 18 2
180 209 28 9
183 539 7 4
184 584 43 6
185 386 26 7
185 690 34 9
186 501 29 4
189 373 7 7
189 786 49 4
190 435 21 5
190 690 28 10
193 561 16 8
194 468 8 3
195 230 12 2
195 442 23 9
195 535 39 9
195 632 48 5
198 662 43 3
199 310 38 7
199 485 22 1
199 573 39 4
200 201 30 9
200 202 36 4
200 203 34 1
200 204 45 3
200 205 45 8
200 236 13 7
200 276 16 1
200 290 6 1
200 390 28 6
200 410 44 1
200 420 49 8
200 446 35 2
200 515 8 10
200 518 34 3
200 551 35 7
200 680 11 1
200 755 9 7
201 202 3 7
201 203 47 5
201 204 30 9
201 206 16 9
201 207 16 3
201 208 19 10
201 209 48 8
201 276 38 7
201 295 15 7
201 304 22 10
201 343 25 8
201 361 39 3
201 392 19 8
201 423 19 7
201 477 12 2
201 591 10 5
201 606 2 1
201 646 30 5
202 203 13 8
202 204 1 6
202 210 35 10
202 211 34 4
202 226 29 5
202 246 40 6
202 290 23 4
202 330 45 8
202 340 49 1
202 460 49 4
202 482 47 1
202 565 32 3
202 581 15 1
202 590 30 4
202 646 37 5
202 666 41 5
202 738 9 3
202 757 50 7
202 775 2 2
202 778 36 10
203 131 35 3
203 204 25 7
203 212 16 10
203 213 6 10
203 214 28 7
203 235 15 4
203 249 20 5
203 268 49 2
203 300 7 9
203 330 48 2
203 410 21 1
203 566 7 1
203 606 38 3
203 667 44 9
203 735 17 5
204 215 41 4
204 216 45 6
204 217 5 5
204 218 30 9
204 219 29 1
204 220 48 4
204 221 4 7
204 222 12 1
204 223 30 8
204 224 42 9
204 226 46 9
204 295 45 4
204 362 38 10
204 462 39 2
204 550 4 2
204 580 19 7
204 683 34 4
204 716 12 8
204 717 17 9
207 713 40 7
208 714 32 4
209 394 40 10
213 243 45 3
217 793 18 6
218 729 22 8
220 752 16 2
220 795 19 5
221 348 34 8
223 651 37 2
225 226 36 7
225 227 20 4
225 228 28 6
225 229 27 1
225 230 5 4
225 231 50 6
225 295 39 4
225 302 47 7
225 330 40 6
225 340 28 6
225 365 41 2
225 392 26 1
225 410 44 4
225 447 45 5
225 550 16 3
225 566 14 4
225 580 43 4
225 646 45 8
225 736 32 1
226 232 11 4
226 233 50 6
226 234 24 8
226 236 43 10
226 245 50 1
226 248 6 10
226 277 49 2
226 290 23 3
226 295 25 5
226 304 17 1
226 343 8 8
226 363 38 2
226 390 11 7
226 410 16 9
226 420 25 2
226 424 36 7
226 446 35 2
226 461 49 6
226 475 22 5
226 476 20 5
226 516 15 7
226 520 3 5
226 551 44 3
226 566 30 4
226 580 20 10
226 591 46 8
226 611 1 2
226 612 18 2
226 645 14 2
226 667 28 9
226 685 35 10
226 718 47 3
226 735 36 9
226 755 30 3
226 757 50 6
226 775 27 9
226 778 9 2
228 511 49 6
231 270 48 6
232 371 14 3
233 333 18 1
233 729 30 1
234 577 21 1
235 236 17 9
235 237 30 3
235 238 9 8
235 239 10 6
235 240 18 10
235 241 24 1
235 242 46 2
235 245 43 3
235 276 22 2
235 290 10 7
235 304 7 4
235 340 22 7
235 360 36 7
235 393 10 1
235 410 21 9
235 420 22 7
235 460 7 7
235 478 19 2
235 519 2 10
235 521 12 1
235 580 1 1
235 590 37 6
235 606 47 10
235 612 20 6
235 665 47 1
235 685 25 2
235 718 13 1
235 735 40 8
235 755 10 3
235 758 12 5
236 243 31 2
236 244 22 7
236 277 19 10
236 295 24 4
236 300 29 10
236 330 33 1
236 331 15 8
236 343 20 1
236 360 48 1
236 390 47 10
236 421 41 7
236 445 39 4
236 460 28 3
236 482 9 10
236 551 1 7
236 552 37 6
236 566 20 5
236 567 39 6
236 580 49 1
236 591 46 2
236 645 44 4
236 647 45 9
236 665 26 1
236 683 25 7
236 717 49 10
236 737 21 2
236 775 42 8
236 779 22 1
237 240 20 5
238 356 23 10
238 652 38 1
239 650 3 8
240 661 17 6
241 407 18 8
242 386 3 4
245 246 16 6
245 247 20 5
245 248 26 5
245 249 19 2
245 250 5 10
245 251 8 5
245 275 27 8
245 360 25 4
245 390 30 7
245 392 30 6
245 591 2 3
245 645 36 7
245 718 14 4
245 758 20 9
246 247 42 5
246 248 23 4
246 249 41 9
246 250 37 10
246 252 31 9
246 295 29 7
246 302 36 6
246 331 22 10
246 342 31 2
246 411 49 4
246 423 13 6
246 460 25 7
246 476 7 10
246 480 9 9
246 590 14 9
247 248 49 5
247 249 25 7
247 250 40 2
247 253 28 6
247 254 44 3
247 255 35 10
247 256 38 9
247 257 28 8
247 258 11 6
247 259 33 4
247 290 49 8
247 363 7 4
247 447 1 8
247 552 11 7
247 567 50 3
247 646 14 10
247 667 15 5
247 737 48 4
248 249 36 3
248 250 34 4
248 260 31 4
248 261 16 4
248 262 38 2
248 263 34 1
248 275 46 1
248 304 11 5
248 565 38 8
248 605 27 9
248 608 44 4
248 755 48 9
248 779 3 3
249 250 2 6
249 264 21 5
249 265 24 10
249 266 45 8
249 267 12 4
249 268 38 8
249 269 45 5
249 331 4 3
249 341 5 4
249 460 34 4
249 519 43 10
249 580 40 3
249 683 13 2
249 737 39 10
250 270 20 6
250 271 6 8
250 272 29 3
250 273 3 9
250 274 41 7
250 411 6 2
250 518 14 4
250 580 47 10
250 665 14 3
250 683 40 7
250 715 3 10
250 775 5 1
252 432 6 10
255 454 14 6
257 604 50 4
257 796 24 7
259 352 5 2
260 713 8 3
263 326 39 10
264 527 23 8
266 541 22 7
267 347 36 4
268 767 6 8
269 595 49 5
271 348 5 4
272 726 43 9
275 276 3 3
275 277 33 5
275 278 42 3
275 279 31 1
275 280 26 1
275 281 27 1
275 290 48 2
275 295 1 9
275 330 22 10
275 340 16 3
275 343 22 1
275 392 11 10
275 410 33 2
275 411 20 7
275 421 7 6
275 447 12 5
275 550 31 10
275 580 50 7
275 592 21 1
275 605 12 2
275 612 33 6
275 645 50 2
275 682 48 1
275 718 38 3
275 737 5 3
275 738 8 7
275 758 36 7
276 277 37 1
276 282 13 5
276 283 22 6
276 284 45 8
276 285 37 9
276 295 2 5
276 305 38 9
276 331 33 1
276 360 48 4
276 365 39 4
276 393 11 6
276 420 31 4
276 446 13 10
276 460 42 10
276 461 3 4
276 480 42 9
276 481 48 9
276 518 47 9
276 552 13 9
276 648 17 6
276 666 30 2
276 682 9 10
276 715 19 3
276 757 31 9
276 779 26 5
277 286 27 3
277 287 10 1
277 288 37 6
277 289 43 8
277 303 45 6
277 519 42 3
277 565 2 6
277 567 1 6
277 580 13 9
277 591 10 8
277 666 12 7
277 778 20 5
278 505 34 6
281 563 33 5
282 767 8 2
284 602 48 1
286 491 44 6
288 338 16 4
288 538 29 6
290 291 31 1
290 292 38 4
290 293 14 8
290 294 40 3
290 295 16 5
290 300 46 9
290 304 23 2
290 330 15 7
290 331 33 2
290 340 26 3
290 342 29 10
290 361 50 6
290 363 40 5
290 390 19 5
290 392 3 4
290 410 24 5
290 411 33 2
290 421 44 3
290 424 1 10
290 445 20 5
290 447 12 9
290 460 37 2
290 461 25 4
290 480 4 6
290 481 45 5
290 519 26 8
290 550 32 2
290 551 16 5
290 565 44 9
290 567 31 8
290 580 40 5
290 581 19 5
290 592 31 8
290 608 39 5
290 611 36 5
290 646 36 10
290 665 11 6
290 667 39 6
290 682 11 7
290 686 37 7
290 715 48 6
290 716 48 1
290 737 1 10
290 755 42 2
290 758 26 3
290 775 33 2
294 664 25 7
295 296 50 3
295 297 12 3
295 298 33 10
295 299 2 4
295 302 5 1
295 305 12 9
295 330 31 7
295 331 40 7
295 340 14 5
295 364 20 6
295 365 27 10
295 390 9 5
295 392 41 8
295 410 31 3
295 411 30 10
295 422 15 4
295 424 33 1
295 446 33 3
295 461 37 5
295 462 44 7
295 475 1 10
295 478 25 8
295 515 34 8
295 518 22 3
295 551 14 5
295 552 21 4
295 565 7 1
295 566 4 9
295 580 30 9
295 581 43 3
295 590 30 7
295 607 7 6
295 608 13 8
295 645 14 5
295 647 39 1
295 665 48 3
295 667 16 9
295 684 20 10
295 686 35 1
295 716 29 5
295 718 37 8
295 737 41 10
295 756 25 2
295 757 44 2
295 776 43 1
295 777 48 7
296 655 17 4
297 312 1 3
297 759 13 3
298 525 47 6
299 674 28 9
300 301 35 4
300 302 19 2
300 303 29 10
300 304 10 5
300 305 13 5
300 306 37 7
300 307 44 8
300 308 29 3
300 330 18 9
300 331 21 3
300 646 18 9
300 666 24 5
300 775 40 4
300 776 4 4
301 302 17 4
301 303 22 3
301 304 17 7
301 305 18 5
301 309 30 4
301 310 28 2
301 311 12 8
301 340 49 1
301 364 17 1
301 446 19 9
301 475 40 10
301 521 7 8
301 551 12 8
301 580 40 1
301 606 29 3
301 718 20 9
302 303 7 4
302 304 19 9
302 305 39 1
302 312 8 6
302 313 12 9
302 314 39 1
302 315 15 1
302 552 6 10
302 566 26 6
302 606 26 3
302 737 25 6
302 757 48 6
303 304 21 1
303 305 43 2
303 316 20 7
303 317 24 5
303 318 20 6
303 319 35 8
303 320 45 6
303 340 31 8
303 423 26 2
303 460 36 6
303 590 42 4
303 680 26 8
303 684 45 2
303 716 30 10
304 305 32 5
304 321 40 2
304 322 37 7
304 323 9 10
304 324 15 1
304 325 19 10
304 326 6 4
304 364 8 8
304 391 18 3
304 410 41 10
304 420 23 6
304 446 46 9
304 478 2 4
304 567 2 9
304 648 41 7
304 666 13 6
305 327 26 2
305 328 50 5
305 329 6 5
305 390 45 9
305 411 40 7
305 461 33 1
305 517 7 3
305 580 45 6
305 592 12 5
305 735 4 5
305 757 39 8
309 357 41 2
310 499 18 3
312 571 26 3
314 317 44 2
316 522 44 8
316 640 17 2
316 767 29 7
317 618 49 1
319 337 18 2
319 660 3 1
321 372 44 3
321 799 1 3
323 744 27 2
323 760 45 2
324 773 32 10
326 403 10 10
326 731 40 1
327 630 26 10
328 568 14 8
330 331 33 7
330 332 1 3
330 333 49 8
330 334 37 6
330 335 45 10
330 336 22 3
330 342 11 10
330 365 33 8
330 390 43 10
330 411 50 7
330 424 33 5
330 446 13 8
330 460 13 10
330 461 39 3
330 482 48 3
330 520 24 6
330 552 1 10
330 567 17 5
330 608 43 8
330 609 15 10
330 665 10 5
330 666 18 6
330 681 31 5
330 684 26 1
330 718 45 6
330 738 48 2
330 755 25 2
330 777 22 1
331 337 9 3
331 338 11 4
331 339 32 8
331 343 9 6
331 362 25 10
331 392 21 4
331 410 48 3
331 421 36 10
331 446 15 5
331 479 20 7
331 519 8 4
331 551 50 7
331 567 16 7
331 580 35 8
331 581 40 1
331 590 14 8
331 646 47 5
331 647 34 4
331 715 29 2
331 738 45 3
331 755 18 1
331 777 18 9
332 781 15 10
333 635 29 9
333 726 23 6
333 746 9 10
334 537 6 1
336 560 23 10
339 350 21 7
340 341 13 10
340 342 39 3
340 343 45 6
340 344 8 7
340 345 39 3
340 346 12 5
340 347 4 5
340 348 2 4
340 390 50 8
340 552 9 8
340 565 47 2
340 580 30 9
340 592 10 5
340 646 24 5
340 667 47 2
340 686 47 2
340 738 23 5
340 755 43 2
340 756 20 1
340 776 11 6
340 779 26 8
341 342 47 3
341 343 40 5
341 349 4 3
341 350 46 6
341 360 1 1
341 461 21 3
341 480 15 2
341 551 2 7
341 567 3 7
341 611 11 10
341 686 22 8
341 738 48 7
342 343 16 1
342 351 30 7
342 352 49 6
342 353 3 8
342 354 1 10
342 355 41 1
342 356 14 7
342 392 13 9
342 410 2 7
342 411 8 1
342 423 42 5
342 480 1 1
342 516 50 2
342 718 45 6
343 357 17 5
343 358 20 2
343 359 45 1
343 360 12 8
343 424 26 5
343 447 11 7
343 460 29 10
343 521 24 8
343 580 27 9
343 610 46 4
343 647 6 5
343 667 28 2
343 718 8 2
345 704 7 4
347 619 32 6
349 556 18 4
353 613 9 3
354 457 46 7
354 575 48 8
356 486 36 3
356 785 21 2
359 372 39 6
359 418 11 3
359 694 17 9
360 361 10 5
360 362 41 4
360 363 10 1
360 364 42 4
360 365 19 3
360 366 50 5
360 367 26 4
360 423 44 4
360 462 46 7
360 550 35 4
361 362 28 8
361 363 47 7
361 364 45 4
361 365 46 10
361 368 29 3
361 369 8 9
361 370 2 6
361 371 46 4
361 410 3 5
361 422 32 4
361 779 31 9
362 363 2 1
362 364 27 1
362 365 45 1
362 372 20 8
362 373 23 5
362 374 33 10
362 375 45 8
362 376 6 8
362 447 10 4
362 518 2 6
362 567 17 7
362 591 27 1
362 611 34 1
362 667 50 7
363 364 34 10
363 365 44 4
363 377 13 7
363 378 44 2
363 379 30 3
363 380 29 1
363 391 15 6
363 478 3 7
363 550 8 10
363 580 36 9
363 608 39 4
363 681 6 4
363 717 45 4
363 736 34 6
363 758 10 4
363 776 42 1
364 365 16 7
364 381 2 1
364 382 17 10
364 383 3 8
364 384 35 5
364 385 9 1
364 386 17 1
364 392 22 2
364 410 49 10
364 445 32 9
364 462 19 7
364 566 33 7
364 590 33 9
364 680 1 7
365 387 50 2
365 388 6 2
365 389 17 6
365 478 36 2
365 516 12 10
365 580 11 2
365 646 4 5
365 647 45 8
365 718 50 4
365 737 21 7
365 756 39 6
367 740 28 8
368 568 1 8
370 695 17 3
372 407 41 2
372 644 34 4
372 650 30 10
373 687 8 6
375 406 3 6
379 388 43 1
381 435 19 10
381 514 7 2
381 558 46 9
382 700 26 6
383 698 50 5
383 745 48 2
384 771 12 6
387 562 47 10
390 391 13 4
390 392 7 6
390 393 15 6
390 394 38 5
390 395 20 3
390 411 22 8
390 424 40 2
390 481 11 9
390 520 13 8
390 551 18 6
390 605 10 2
390 645 31 3
390 737 37 9
390 757 26 9
390 775 34 3
390 779 50 2
391 392 32 2
391 393 30 3
391 396 45 7
391 397 29 7
391 565 41 2
391 566 18 8
391 591 12 1
391 612 35 4
391 717 18 3
391 737 5 2
392 393 33 3
392 398 34 7
392 399 27 9
392 400 49 5
392 401 7 5
392 402 44 2
392 403 26 4
392 424 44 10
392 517 11 8
392 552 2 6
392 581 28 1
392 590 17 1
392 686 39 5
392 716 23 2
393 404 32 4
393 405 5 4
393 406 41 5
393 407 36 5
393 408 4 10
393 409 37 4
393 411 30 9
393 445 35 9
393 447 38 1
393 461 47 2
393 462 20 1
393 476 29 1
393 581 37 10
393 646 4 6
393 665 43 5
393 681 19 3
393 757 50 6
402 659 43 1
403 770 12 6
409 576 27 1
409 619 1 10
410 411 23 10
410 412 47 6
410 413 50 2
410 414 48 3
410 415 39 1
410 416 35 10
410 447 2 5
410 478 11 10
410 519 1 9
410 520 36 10
410 566 5 9
410 580 50 1
410 592 45 3
410 605 42 7
410 645 16 5
410 666 9 8
410 684 32 10
410 716 30 8
410 718 39 10
410 776 44 6
411 417 33 10
411 418 26 5
411 419 45 8
411 421 21 7
411 423 31 6
411 460 11 5
411 462 39 2
411 475 43 8
411 550 5 10
411 551 47 3
411 567 44 5
411 592 32 4
411 605 43 7
411 648 8 10
411 666 45 2
411 681 22 4
411 736 31 9
411 737 20 9
411 756 6 8
411 757 48 2
411 777 2 4
414 442 24 9
415 729 36 1
416 771 25 6
420 421 21 4
420 422 32 3
420 423 4 9
420 424 23 7
420 425 14 2
420 426 49 9
420 427 40 5
420 428 6 4
420 429 29 2
420 476 32 7
420 518 31 9
420 565 39 3
420 581 40 10
420 610 28 7
420 611 25 3
420 665 1 1
420 682 48 3
420 736 28 5
421 422 30 2
421 423 40 8
421 424 17 2
421 430 19 7
421 431 43 9
421 432 16 3
421 475 20 6
421 550 46 5
421 581 32 3
421 591 17 3
421 735 21 5
421 757 43 5
421 777 13 10
422 423 18 9
422 424 5 7
422 433 7 8
422 434 26 5
422 435 20 6
422 461 3 6
422 590 16 3
422 645 23 4
422 665 5 9
422 715 41 4
423 424 46 2
423 436 36 10
423 437 18 6
423 438 12 6
423 439 21 1
423 447 25 7
423 515 23 9
423 565 17 2
423 646 16 7
423 684 1 7
423 717 20 5
424 440 7 7
424 441 19 5
424 442 17 5
424 443 30 3
424 444 10 7
424 445 4 6
424 462 38 10
424 551 42 6
425 539 25 6
430 763 31 7
432 649 25 10
433 539 18 10
437 632 41 10
437 789 14 2
439 714 15 9
440 523 43 9
445 446 26 2
445 447 4 3
445 448 43 3
445 449 25 6
445 461 25 10
445 476 6 10
445 552 40 2
445 580 28 1
445 605 26 9
445 646 40 10
445 665 8 10
445 682 17 1
445 738 16 9
445 778 40 1
446 447 43 3
446 450 4 4
446 451 31 7
446 452 29 10
446 453 3 2
446 462 45 3
446 518 48 8
446 552 19 10
446 581 16 7
446 592 48 9
446 606 6 1
446 666 47 3
446 715 16 10
446 716 5 3
446 736 31 2
446 779 25 2
447 454 37 1
447 455 41 3
447 456 35 10
447 457 36 7
447 458 25 6
447 459 2 5
447 478 1 4
447 565 21 7
447 592 22 1
447 648 41 8
447 685 12 6
447 758 1 5
449 604 7 5
450 702 9 8
451 499 27 1
451 759 49 6
458 578 10 6
460 461 41 2
460 462 41 3
460 463 9 5
460 464 2 4
460 465 16 4
460 466 50 6
460 476 43 6
460 567 1 5
460 580 12 8
460 581 10 9
460 611 37 5
460 665 3 6
460 686 38 4
460 758 17 9
461 462 20 10
461 467 2 2
461 468 20 9
461 469 4 3
461 470 28 2
461 471 44 5
461 472 47 3
461 478 39 10
461 516 15 4
461 591 8 9
461 645 38 8
461 681 4 5
461 715 20 8
461 716 44 10
461 735 25 8
461 738 32 1
461 756 39 6
461 776 46 7
461 778 23 2
462 473 46 3
462 474 5 8
462 519 45 10
462 550 21 9
462 552 4 6
462 590 39 10
462 605 44 4
462 665 24 6
469 620 2 7
470 621 32 7
471 617 22 3
475 476 1 4
475 477 26 7
475 478 32 2
475 479 30 4
475 480 40 10
475 481 46 10
475 482 5 1
475 483 10 6
475 484 22 6
475 485 43 9
475 581 33 9
475 665 41 4
476 477 18 7
476 478 8 3
476 479 25 10
476 480 42 2
476 481 17 4
476 482 15 6
476 486 3 1
476 487 9 7
476 488 33 9
476 489 27 5
476 490 25 1
476 566 8 9
476 777 43 7
477 478 39 1
477 479 27 6
477 480 6 7
477 481 19 2
477 482 40 5
477 491 5 1
477 492 26 9
477 493 17 10
477 494 31 10
477 495 41 2
477 496 3 2
477 497 13 7
477 498 14 3
477 580 11 4
477 590 44 1
477 606 37 5
478 479 29 2
478 480 13 1
478 481 49 2
478 482 48 6
478 499 8 5
478 500 44 9
478 501 18 9
478 648 5 4
478 718 33 8
479 480 16 4
479 481 46 7
479 482 49 2
479 502 29 4
479 503 39 3
479 504 13 7
479 645 3 3
479 667 13 1
479 716 30 8
480 481 7 4
480 482 32 10
480 505 17 8
480 506 32 5
480 507 19 10
480 508 48 8
480 509 15 8
480 519 34 8
480 550 39 2
480 565 46 5
480 685 40 5
480 755 4 6
480 758 48 2
481 482 21 3
481 510 21 8
481 590 50 3
481 736 50 10
481 779 25 4
482 511 44 6
482 512 13 9
482 513 16 7
482 514 30 10
482 515 43 8
482 552 34 5
482 610 1 1
482 680 42 5
482 738 2 4
484 791 48 8
487 499 27 9
487 525 21 5
488 594 39 5
489 623 41 5
491 615 40 7
491 651 25 9
494 533 29 2
494 760 5 10
497 543 33 5
498 545 12 6
502 573 49 4
504 528 4 10
507 553 37 10
508 706 4 7
514 598 19 5
515 516 24 3
515 517 45 2
515 518 16 9
515 519 26 10
515 520 40 10
515 521 9 9
515 522 2 9
515 551 5 7
515 581 11 7
515 716 16 2
516 517 21 3
516 518 39 8
516 519 41 5
516 520 48 4
516 521 37 1
516 523 45 7
516 524 41 2
516 552 27 8
516 580 14 5
516 647 25 8
516 715 40 3
516 738 25 6
516 757 39 5
517 518 34 1
517 519 13 1
517 520 25 9
517 521 4 6
517 525 24 7
517 526 23 6
517 527 41 2
517 528 50 5
517 529 39 2
517 645 21 6
518 519 21 2
518 520 28 7
518 521 31 8
518 530 1 10
518 531 23 4
518 532 33 5
518 592 7 4
518 758 47 8
518 776 19 3
519 520 12 5
519 521 38 4
519 533 15 6
519 534 39 8
519 535 36 7
519 536 25 3
519 537 19 6
519 567 18 2
519 591 10 3
519 736 8 3
519 777 40 6
520 521 31 1
520 538 12 2
520 539 7 8
520 540 29 9
520 541 50 5
520 542 49 8
520 612 36 3
520 667 22 10
521 543 47 4
521 544 40 4
521 545 42 9
521 546 19 3
521 547 49 3
521 548 50 5
521 549 47 3
521 565 2 6
521 607 38 7
521 666 31 7
521 682 14 4
521 686 31 2
522 529 49 3
522 634 26 2
522 678 3 8
522 721 22 4
525 532 18 1
527 634 7 8
533 561 28 9
539 760 25 10
542 577 24 5
543 721 20 9
545 582 43 9
545 653 36 6
545 656 20 4
545 783 13 3
548 712 38 6
549 583 1 9
549 649 32 9
550 551 46 2
550 552 29 5
550 553 13 8
550 554 50 6
550 555 20 9
550 556 25 1
550 557 9 10
550 580 39 5
550 581 2 9
550 591 15 1
550 606 41 1
550 612 9 10
550 646 10 3
550 717 28 9
550 718 5 8
551 552 31 2
551 558 26 2
551 559 11 10
551 560 25 4
551 561 47 8
551 562 25 5
551 563 17 6
551 665 22 4
551 682 14 6
551 736 45 5
551 757 23 5
551 777 27 4
552 564 27 4
552 565 43 8
552 566 10 6
552 590 19 4
552 647 3 2
552 667 45 7
552 681 7 8
552 736 50 5
552 758 6 8
552 775 18 5
556 770 38 5
565 566 24 6
565 567 13 7
565 568 7 7
565 569 12 1
565 570 45 10
565 571 47 5
565 580 39 2
565 592 48 3
565 680 37 7
565 758 24 9
566 567 47 1
566 572 22 4
566 573 43 7
566 574 38 8
566 605 49 9
566 610 2 6
566 646 23 5
566 666 48 5
566 716 32 8
566 737 40 9
566 779 11 4
567 575 46 6
567 576 46 4
567 577 6 9
567 578 12 7
567 579 5 9
567 580 46 10
567 591 1 8
567 648 17 10
567 666 6 5
567 686 28 6
567 736 12 5
567 755 29 8
567 775 13 2
574 498 50 8
577 658 9 9
580 581 49 1
580 582 27 8
580 583 26 8
580 584 13 5
580 585 25 6
580 586 14 7
580 587 42 9
580 590 50 2
580 612 17 6
580 646 21 2
580 665 39 9
580 680 23 5
580 717 7 5
580 718 43 6
580 755 6 5
580 776 9 3
581 588 24 1
581 589 18 6
581 590 48 6
581 608 20 6
581 645 1 2
581 667 11 6
581 686 47 1
581 735 46 8
581 738 10 1
581 755 38 9
581 777 15 1
588 731 47 8
590 591 39 2
590 592 12 2
590 593 36 3
590 594 38 9
590 595 50 4
590 596 35 4
590 597 1 1
590 607 33 5
590 609 48 3
590 647 21 10
590 667 41 3
590 738 36 10
590 779 33 7
591 592 12 2
591 598 28 8
591 599 16 2
591 600 8 1
591 601 13 5
591 602 32 2
591 603 11 5
591 645 10 5
591 665 50 1
591 686 1 5
591 715 43 7
591 716 45 7
591 736 49 8
591 777 14 10
592 604 39 4
592 685 22 4
592 755 33 2
592 757 19 9
594 719 39 3
597 661 47 1
601 799 7 3
603 694 5 9
605 606 49 1
605 607 30 2
605 608 3 1
605 609 16 3
605 610 36 5
605 611 19 4
605 612 46 6
605 613 49 4
605 614 19 1
605 615 32 3
605 616 11 2
605 617 3 7
605 618 44 4
606 607 33 2
606 608 13 5
606 609 28 1
606 610 50 5
606 611 36 8
606 612 16 1
606 619 11 5
606 620 33 2
606 621 5 2
606 622 17 3
606 623 36 2
606 624 28 3
607 608 47 5
607 609 33 5
607 610 28 3
607 611 9 3
607 612 36 9
607 625 15 2
607 626 2 2
607 627 25 1
607 628 19 6
607 629 47 3
607 685 10 5
607 718 3 4
607 755 27 4
607 779 24 8
608 609 22 7
608 610 42 4
608 611 27 8
608 612 49 4
608 630 7 2
608 631 13 5
608 632 35 3
608 633 10 2
608 665 30 8
608 686 20 2
608 736 9 10
608 758 39 1
609 610 40 1
609 611 15 1
609 612 30 9
609 634 9 4
609 635 42 1
609 636 3 4
609 637 21 10
609 638 19 10
609 639 33 9
609 648 37 8
609 735 41 3
610 611 2 10
610 612 11 1
610 640 18 9
610 641 48 8
610 642 31 8
610 647 31 3
610 777 5 7
611 612 13 10
611 643 30 3
611 665 48 7
611 715 16 6
612 644 46 8
631 761 12 10
636 754 36 7
639 723 44 2
645 646 27 6
645 647 4 6
645 648 46 9
645 649 49 6
645 650 15 3
645 651 11 10
645 652 43 6
645 779 28 5
646 647 50 6
646 648 6 1
646 653 48 7
646 654 4 2
646 655 29 5
646 656 6 6
646 657 8 5
646 658 40 5
646 659 12 3
646 660 16 9
646 665 25 2
646 683 15 6
646 715 47 3
646 716 6 5
646 758 18 3
646 779 25 5
647 648 16 10
647 661 20 2
647 662 27 3
647 682 31 3
647 758 43 4
648 663 38 6
648 664 27 9
648 665 32 2
648 735 2 8
652 795 44 1
655 658 43 3
665 666 17 3
665 667 22 2
665 668 49 8
665 669 27 10
665 670 17 8
665 671 24 1
665 685 24 9
665 718 42 5
665 735 49 9
665 758 39 2
666 667 34 9
666 672 4 4
666 673 30 2
666 674 26 1
666 675 44 3
666 676 14 1
666 715 26 8
666 737 21 7
666 755 12 8
666 775 46 8
666 778 39 1
667 677 6 1
667 678 19 4
667 679 17 6
667 686 13 10
671 785 1 2
680 681 11 4
680 682 17 7
680 683 9 2
680 684 16 8
680 685 21 4
680 686 37 8
680 687 46 6
680 688 9 9
680 689 4 5
680 690 20 2
680 691 6 6
680 692 5 8
680 693 35 1
680 694 15 6
680 695 39 2
681 682 8 9
681 683 1 5
681 684 20 4
681 685 34 8
681 686 48 2
681 696 4 4
681 697 44 4
681 735 17 2
681 736 41 5
682 683 8 8
682 684 36 2
682 685 5 7
682 686 29 3
682 698 9 6
682 699 46 9
682 700 30 1
682 701 48 3
682 702 16 10
682 703 18 9
682 704 49 2
682 776 23 3
683 684 2 5
683 685 24 7
683 686 43 9
683 705 42 6
683 706 26 9
683 717 44 5
683 755 40 6
683 757 39 7
684 685 25 3
684 686 24 4
684 707 7 1
684 708 49 4
684 709 19 6
684 710 36 8
684 711 41 6
685 686 31 7
685 712 10 5
685 713 21 4
685 778 29 10
686 714 29 3
686 715 23 6
695 713 16 1
706 732 34 8
715 716 23 2
715 717 24 9
715 718 13 10
715 719 41 10
715 720 35 4
715 721 1 10
715 722 45 7
715 723 24 9
715 736 2 6
715 775 28 10
716 717 47 9
716 718 2 10
716 724 30 1
716 725 49 10
716 726 27 6
716 776 1 5
717 718 13 8
717 727 36 7
717 728 31 3
717 729 48 2
717 730 12 2
717 738 45 3
717 757 5 6
718 731 49 3
718 732 34 6
718 733 30 1
718 734 3 5
718 758 34 7
735 736 45 7
735 737 39 2
735 738 7 3
735 739 34 6
735 740 39 8
735 741 29 2
735 742 43 5
735 743 34 2
736 737 16 5
736 738 29 6
736 744 13 4
736 745 25 7
736 757 41 9
736 777 45 1
737 738 14 9
737 746 14 1
737 747 41 8
737 748 17 1
737 749 15 8
737 757 49 1
737 776 1 9
738 750 23 7
738 751 24 1
738 752 43 1
738 753 34 1
738 754 49 6
748 751 39 6
748 760 25 10
755 756 45 9
755 757 17 7
755 758 16 7
755 759 21 7
755 760 35 9
755 761 29 8
755 762 9 3
755 763 33 6
755 764 1 7
756 757 10 5
756 758 27 4
756 765 42 1
756 766 10 9
756 767 35 6
756 768 22 4
756 769 11 4
756 776 41 4
757 758 10 6
757 770 43 1
757 771 7 5
757 778 16 10
758 772 35 7
758 773 43 3
758 774 20 5
759 786 28 4
762 797 14 3
775 776 43 4
775 777 4 3
775 778 18 8
775 779 28 6
775 780 31 6
775 781 26 5
775 782 45 5
775 783 44 6
775 784 20 1
776 777 49 2
776 778 46 2
776 779 18 4
776 785 9 2
777 778 36 9
777 779 45 10
777 786 25 4
777 787 50 7
777 788 8 1
777 789 38 10
778 779 20 8
778 790 39 4
778 791 23 2
778 792 33 7
778 793 37 10
779 794 10 2
779 795 28 5
779 796 19 8
779 797 35 5
779 798 44 10
779 799 37 8
781 789 16 6

0 635 34
1 744 12
2 628 15
3 541 24
4 585 13
5 70 12
6 651 51
7 81 1
8 740 34
9 669 7
10 398 19
11 708 14
12 316 48
13 366 29
14 428 3
15 639 34
16 587 15
17 237 13
18 182 14
19 372 95
20 311 5
21 39 2
22 691 5
23 222 5
24 189 40
25 160 33
26 700 29
27 626 2
28 283 18
29 359 28
30 470 41
31 769 5
32 124 15
33 731 78
34 504 10
35 491 44
36 465 11
37 162 4
38 418 26
39 107 51
40 543 63
41 415 18
42 109 21
43 284 62
44 338 7
45 618 63
46 78 6
47 30 59
48 785 20
49 449 13
50 72 39
51 135 6
52 753 18
53 7 10
54 459 2
55 224 25
56 792 46
57 701 24
58 317 46
59 26 17
60 525 40
61 511 60
62 56 20
63 17 64
64 227 9
65 643 32
66 291 10
67 166 23
68 761 20
69 122 16
70 396 31
71 589 12
72 209 59
73 563 42
74 659 22
75 436 13
76 349 11
77 394 33
78 673 17
79 373 22
80 68 56
81 238 65
82 537 9
83 564 19
84 797 20
85 760 62
86 344 3
87 98 9
88 405 3
89 271 5
90 407 58
91 506 7
92 194 22
93 260 15
94 765 19
95 138 27
96 399 29
97 726 23
98 713 22
99 315 4
100 346 6
101 557 6
102 759 69
103 549 48
104 754 50
105 371 18
106 536 14
107 771 50
108 620 11
109 289 17
110 47 9
111 450 4
112 641 15
113 545 61
114 96 16
115 523 46
116 721 10
117 280 10
118 13 12
119 328 41
120 435 14
121 270 18
122 633 5
123 704 34
124 658 27
125 5 9
126 79 22
127 799 23
128 712 25
129 352 28
130 165 4
131 240 19
132 458 19
133 319 58
134 599 7
135 401 11
136 384 22
137 638 6
138 588 50
139 508 20
140 584 24
141 155 86
142 642 20
143 727 18
144 752 21
145 555 13
146 220 35
147 50 53
148 488 43
149 532 15
150 52 9
151 253 8
152 452 14
153 145 38
154 197 33
155 784 13
156 702 7
157 108 63
158 741 20
159 570 17
160 3 15
161 732 14
162 562 38
163 75 27
164 239 24
165 91 15
166 503 16
167 44 22
168 699 14
169 212 8
170 621 8
171 264 16
172 306 24
173 751 38
174 672 2
175 48 10
176 463 6
177 409 19
178 71 14
179 466 33
180 487 22
181 655 39
182 348 12
183 484 30
184 510 15
185 542 18
186 119 14
187 12 38
188 703 7
189 786 57
190 670 9
191 256 9
192 92 29
193 657 4
194 179 29
195 556 41
196 652 58
197 208 15
198 282 7
199 296 33
200 674 15
201 323 35
202 45 30
203 437 39
204 425 27
205 743 13
206 692 4
207 136 38
208 494 22
209 524 22
210 181 32
211 6 16
212 739 10
213 143 7
214 634 13
215 2 10
216 158 18
217 690 42
218 573 91
219 486 27
220 57 15
221 149 46
222 267 18
223 298 50
224 120 29
225 512 6
226 185 47
227 177 21
228 25 55
229 164 35
230 37 28
231 287 7
232 309 34
233 530 1
234 258 8
235 773 51
236 782 14
237 750 9
238 698 35
239 163 30
240 358 13
241 404 23
242 586 7
243 473 16
244 80 11
245 389 18
246 402 26
247 762 8
248 598 74
249 140 14
250 710 8
251 167 27
252 265 7
253 19 12
254 86 29
255 15 43
256 443 31
257 156 11
258 254 30
259 694 13
260 426 18
261 257 57
262 676 4
263 97 28
264 417 7
265 198 40
266 457 32
267 636 9
268 383 39
269 351 21
270 560 25
271 492 16
272 534 10
273 781 32
274 689 3
275 531 7
276 614 7
277 472 22
278 575 44
279 377 8
280 629 17
281 354 64
282 218 13
283 77 15
284 696 3
285 722 23
286 196 25
287 147 13
288 569 7
289 266 29
290 469 4
291 262 21
292 490 14
293 216 25
294 431 25
295 559 7
296 442 21
297 241 16
298 353 5
299 261 4
300 69 18
301 604 85
302 444 4
303 619 11
304 593 26
305 780 25
306 615 26
307 192 15
308 99 67
309 195 44
310 497 26
311 35 32
312 495 16
313 31 37
314 601 12
315 335 13
316 232 13
317 576 41
318 272 34
319 439 46
