800 2758 320

0 25 200
1 50 400
2 100 1000
3 150 1600
4 200 2400
5 250 3000

0 1500
1 2000
2 1000
3 2000
4 1000
5 1500
6 1500
7 1500
8 1500
9 1500
10 2000
11 1500
12 1500
13 1500
14 2000
15 2000
16 1000
17 2000
18 1500
19 2000
20 1000
21 1000
22 1000
23 1000
24 2000
25 1500
26 1500
27 1500
28 2000
29 2000
30 1500
31 2000
32 1000
33 2000
34 2000
35 2000
36 2000
37 2000
38 1000
39 1500
40 1500
41 1500
42 2000
43 2000
44 2000
45 1500
46 2000
47 2000
48 2000
49 1000
50 1500
51 1500
52 1500
53 1500
54 1500
55 1000
56 2000
57 2000
58 2000
59 2000
60 2000
61 2000
62 1000
63 2000
64 2000
65 1000
66 2000
67 1000
68 2000
69 2000
70 1000
71 1000
72 2000
73 2000
74 2000
75 1500
76 1000
77 1500
78 1500
79 2000
80 1000
81 2000
82 1000
83 1500
84 1000
85 1500
86 2000
87 2000
88 2000
89 2000
90 2000
91 1000
92 1000
93 1500
94 2000
95 1500
96 1500
97 1500
98 2000
99 2000
100 1000
101 1000
102 1500
103 1500
104 2000
105 2000
106 2000
107 1500
108 2000
109 1500
110 1500
111 1500
112 2000
113 1000
114 1500
115 1500
116 1000
117 1500
118 2000
119 1000
120 1000
121 1500
122 1500
123 1500
124 500
125 1000
126 1500
127 1000
128 2000
129 2000
130 2000
131 1500
132 2000
133 1000
134 2000
135 1500
136 1500
137 2000
138 2000
139 1500
140 1500
141 1500
142 1500
143 1500
144 1500
145 1000
146 2000
147 1000
148 2000
149 2000
150 1000
151 2000
152 1500
153 1000
154 2000
155 1500
156 1500
157 2000
158 1000
159 1000
160 1000
161 1000
162 2000
163 1500
164 2000
165 500
166 1000
167 500
168 1500
169 1500
170 1500
171 1500
172 1500
173 1000
174 2000
175 2000
176 2000
177 1500
178 1000
179 2000
180 1500
181 2000
182 1000
183 1000
184 2000
185 1500
186 1500
187 1500
188 1500
189 2000
190 1500
191 1000
192 2000
193 1000
194 2000
195 1000
196 1000
197 1500
198 2000
199 1500
200 1500
201 1000
202 2000
203 1500
204 2000
205 1500
206 1500
207 1500
208 1500
209 2000
210 2000
211 1500
212 2000
213 1000
214 1000
215 2000
216 1000
217 1000
218 2000
219 2000
220 2000
221 1500
222 2000
223 1000
224 2000
225 1500
226 1500
227 1500
228 1500
229 1500
230 2000
231 2000
232 2000
233 1000
234 1500
235 2000
236 2000
237 1000
238 1500
239 2000
240 2000
241 1000
242 2000
243 1500
244 2000
245 1000
246 1500
247 1500
248 500
249 500
250 1500
251 1000
252 1500
253 1000
254 2000
255 1500
256 1500
257 1500
258 1000
259 1500
260 2000
261 1500
262 2000
263 1000
264 1000
265 2000
266 2000
267 1500
268 1000
269 2000
270 2000
271 1500
272 1000
273 1500
274 1500
275 1000
276 1500
277 1500
278 500
279 500
280 1000
281 2000
282 1500
283 1000
284 1000
285 1000
286 2000
287 2000
288 1000
289 2000
290 1500
291 1500
292 1500
293 1000
294 1500
295 1500
296 1500
297 1500
298 2000
299 1000
300 2000
301 2000
302 2000
303 2000
304 2000
305 1500
306 2000
307 1000
308 2000
309 2000
310 1500
311 1000
312 1000
313 1000
314 2000
315 1500
316 1000
317 1000
318 2000
319 2000
320 1500
321 1500
322 1500
323 1500
324 1000
325 1500
326 2000
327 2000
328 1500
329 1000
330 1000
331 1000
332 2000
333 2000
334 2000
335 1500
336 1500
337 1000
338 1000
339 2000
340 2000
341 1000
342 1000
343 2000
344 1000
345 1500
346 500
347 500
348 1500
349 2000
350 1500
351 1500
352 1500
353 1500
354 2000
355 1000
356 2000
357 2000
358 1000
359 2000
360 1500
361 2000
362 1000
363 2000
364 2000
365 2000
366 1000
367 2000
368 1000
369 2000
370 1500
371 1500
372 1500
373 1500
374 1500
375 1500
376 1000
377 1500
378 2000
379 1500
380 2000
381 2000
382 2000
383 2000
384 1000
385 1000
386 1500
387 2000
388 2000
389 1500
390 2000
391 2000
392 2000
393 2000
394 1000
395 2000
396 2000
397 2000
398 2000
399 1000
400 1500
401 1000
402 2000
403 1500
404 2000
405 1500
406 1500
407 1500
408 2000
409 1000
410 2000
411 1000
412 1000
413 1500
414 2000
415 1000
416 1000
417 2000
418 1500
419 1000
420 1500
421 2000
422 2000
423 1000
424 1500
425 1500
426 1500
427 1500
428 1500
429 1500
430 2000
431 2000
432 1500
433 2000
434 2000
435 1000
436 1000
437 1500
438 2000
439 1500
440 2000
441 2000
442 2000
443 2000
444 1000
445 2000
446 2000
447 1500
448 2000
449 1000
450 1500
451 1500
452 1500
453 1500
454 1500
455 2000
456 2000
457 2000
458 1000
459 1000
460 1000
461 1000
462 2000
463 2000
464 1000
465 2000
466 1000
467 1000
468 1500
469 1000
470 2000
471 2000
472 2000
473 2000
474 2000
475 1500
476 1500
477 1500
478 1500
479 1500
480 1500
481 2000
482 1000
483 2000
484 1000
485 1000
486 1500
487 1500
488 2000
489 2000
490 1000
491 2000
492 1000
493 2000
494 2000
495 1500
496 2000
497 1000
498 2000
499 1000
500 2000
501 2000
502 2000
503 1000
504 2000
505 1500
506 1500
507 1000
508 1500
509 2000
510 2000
511 1000
512 2000
513 2000
514 2000
515 1500
516 1500
517 1500
518 2000
519 2000
520 2000
521 1000
522 1000
523 1500
524 2000
525 2000
526 2000
527 2000
528 1500
529 2000
530 1500
531 1500
532 1500
533 1500
534 1000
535 1500
536 2000
537 2000
538 2000
539 1000
540 1500
541 2000
542 1000
543 1500
544 1000
545 2000
546 1000
547 2000
548 2000
549 1500
550 1500
551 1000
552 1000
553 2000
554 2000
555 2000
556 2000
557 500
558 1500
559 2000
560 1500
561 1500
562 1500
563 1500
564 1500
565 1500
566 1500
567 2000
568 2000
569 1000
570 1500
571 1500
572 2000
573 2000
574 1000
575 1500
576 2000
577 2000
578 1500
579 1500
580 1500
581 1000
582 1500
583 1000
584 2000
585 1000
586 1500
587 1500
588 1000
589 1000
590 1500
591 1500
592 2000
593 1000
594 2000
595 1000
596 2000
597 2000
598 2000
599 2000
600 1500
601 1000
602 1500
603 1500
604 1500
605 2000
606 2000
607 1000
608 2000
609 1000
610 1500
611 500
612 500
613 2000
614 2000
615 2000
616 2000
617 2000
618 2000
619 1500
620 2000
621 2000
622 1500
623 2000
624 2000
625 1500
626 1500
627 1500
628 1500
629 1500
630 2000
631 1000
632 1500
633 2000
634 2000
635 1000
636 2000
637 2000
638 1500
639 1500
640 1500
641 2000
642 2000
643 1000
644 1000
645 1500
646 1000
647 2000
648 1500
649 1500
650 1500
651 1500
652 1500
653 1500
654 1500
655 1500
656 2000
657 2000
658 2000
659 2000
660 1000
661 2000
662 1500
663 2000
664 1500
665 1000
666 1500
667 1500
668 2000
669 2000
670 2000
671 1000
672 2000
673 1000
674 1000
675 2000
676 2000
677 1000
678 2000
679 2000
680 1500
681 1500
682 1500
683 1500
684 2000
685 1500
686 1000
687 2000
688 1500
689 1500
690 1000
691 2000
692 1000
693 2000
694 2000
695 1500
696 1500
697 2000
698 2000
699 1500
700 1500
701 1500
702 1500
703 1500
704 1000
705 2000
706 1500
707 2000
708 2000
709 1000
710 2000
711 2000
712 1500
713 1000
714 1000
715 1000
716 1000
717 2000
718 2000
719 1000
720 1000
721 1500
722 1500
723 1500
724 1500
725 1000
726 1500
727 1500
728 2000
729 1500
730 2000
731 2000
732 1500
733 1000
734 2000
735 1500
736 1500
737 2000
738 1500
739 1000
740 2000
741 2000
742 1000
743 1500
744 2000
745 2000
746 1500
747 2000
748 1000
749 2000
750 1000
751 500
752 1500
753 2000
754 2000
755 1500
756 1500
757 1500
758 1500
759 1500
760 1500
761 1500
762 1500
763 1500
764 2000
765 1500
766 1000
767 2000
768 2000
769 2000
770 2000
771 2000
772 2000
773 2000
774 2000
775 1000
776 1500
777 1500
778 1000
779 2000
780 2000
781 1500
782 1000
783 2000
784 2000
785 1500
786 2000
787 1500
788 2000
789 2000
790 1500
791 2000
792 1000
793 2000
794 2000
795 2000
796 1000
797 1000
798 2000
799 2000

0 1 13 5
0 2 14 7
0 3 8 8
0 4 19 10
0 5 37 8
0 6 31 7
0 26 32 3
0 27 11 2
0 40 13 5
0 41 47 10
0 51 20 2
0 52 28 4
0 77 5 7
0 78 10 5
0 95 43 4
0 97 26 4
0 110 39 8
0 111 16 5
0 120 33 6
0 121 35 9
0 140 8 9
0 143 32 3
0 172 15 2
0 186 30 6
0 205 44 6
0 208 4 6
0 227 5 4
0 228 15 8
0 245 12 6
0 246 46 6
0 258 13 7
0 276 29 4
0 277 46 5
0 292 35 9
0 294 29 4
0 315 33 1
0 324 50 2
0 352 22 2
0 372 17 9
0 400 10 2
0 405 43 2
0 407 1 5
0 420 17 10
0 427 22 1
0 429 47 4
0 450 48 2
0 453 41 8
0 476 22 6
0 480 9 6
0 505 20 9
0 506 26 9
0 515 8 1
0 517 15 4
0 530 5 8
0 562 31 7
0 563 4 3
0 586 49 7
0 601 43 6
0 602 32 9
0 625 25 10
0 627 1 7
0 652 27 10
0 655 45 2
0 680 27 6
0 702 11 7
0 703 22 5
0 720 27 8
0 721 28 1
0 758 18 8
0 761 16 6
1 437 14 2
3 568 20 4
4 150 25 4
4 695 45 10
5 6 20 5
5 7 25 6
5 8 26 1
5 9 34 6
5 10 33 4
5 11 37 5
5 12 34 10
5 13 47 10
5 14 11 4
5 40 27 6
5 41 39 3
5 53 39 1
5 110 15 2
5 172 5 2
5 276 9 9
5 374 18 6
5 426 43 1
5 530 14 7
5 601 16 4
5 702 7 9
5 703 38 2
5 723 24 2
6 7 24 2
6 8 13 4
6 15 31 5
6 75 33 4
6 78 11 2
6 97 32 6
6 111 48 7
6 172 42 3
6 185 11 1
6 187 50 6
6 208 14 1
6 225 16 6
6 255 41 1
6 275 32 3
6 291 39 1
6 315 1 1
6 353 42 10
6 400 5 2
6 405 17 7
6 406 1 4
6 451 8 10
6 453 6 7
6 587 10 7
6 625 11 7
6 626 12 9
6 650 10 8
6 755 33 6
7 8 36 1
7 16 37 1
7 17 28 10
7 18 25 4
7 19 29 1
7 20 35 6
7 21 5 3
7 22 37 10
7 26 11 2
7 50 42 8
7 143 28 2
7 207 8 9
7 245 22 7
7 255 24 3
7 315 50 7
7 352 27 10
7 400 8 6
7 420 19 8
7 427 22 4
7 477 35 10
7 480 10 3
7 515 4 2
7 564 42 7
7 653 40 10
7 683 44 8
8 23 10 7
8 24 30 4
8 25 23 7
8 95 28 7
8 120 21 7
8 122 13 9
8 143 23 2
8 228 21 10
8 294 20 6
8 322 30 10
8 325 49 3
8 370 47 2
8 420 18 8
8 505 20 3
8 506 10 6
8 515 15 6
8 533 10 2
8 564 40 3
8 603 25 8
8 683 20 7
8 722 38 1
8 757 20 3
9 87 39 1
10 105 8 6
11 456 47 3
11 619 5 1
12 20 39 1
12 21 6 3
12 609 26 10
12 744 40 9
13 164 35 4
14 388 36 5
15 699 49 5
17 456 18 8
17 622 38 7
18 791 49 10
19 102 21 3
19 361 34 8
21 686 23 5
24 648 34 9
25 26 19 2
25 27 47 4
25 28 2 4
25 29 13 5
25 30 47 1
25 31 7 10
25 97 13 8
25 111 15 3
25 121 14 3
25 170 5 1
25 172 24 4
25 225 17 2
25 277 1 5
25 291 45 10
25 315 40 2
25 322 33 8
25 350 29 7
25 352 46 6
25 370 31 2
25 374 45 3
25 406 12 9
25 427 20 4
25 428 10 4
25 451 18 3
25 480 37 2
25 506 15 2
25 516 8 2
25 517 44 9
25 530 27 10
25 560 3 6
25 561 2 10
25 652 1 3
25 702 8 7
25 760 33 6
26 27 34 1
26 32 4 7
26 33 5 4
26 34 12 3
26 54 23 10
26 96 17 5
26 141 28 5
26 143 28 6
26 187 28 10
26 188 15 7
26 205 17 7
26 208 44 2
26 226 12 2
26 245 27 5
26 257 49 9
26 323 46 5
26 400 5 8
26 454 12 2
26 479 20 10
26 531 44 5
26 587 24 9
26 604 35 10
26 625 44 2
26 681 29 1
26 725 48 9
26 726 38 8
27 35 47 5
27 36 16 3
27 37 39 7
27 38 39 9
27 39 13 4
27 40 35 9
27 41 50 5
27 54 35 6
27 76 23 1
27 77 37 2
27 121 50 10
27 246 36 10
27 257 21 8
27 276 26 4
27 291 15 8
27 400 6 6
27 405 26 5
27 420 24 4
27 505 34 5
27 585 41 2
27 601 29 1
27 629 2 6
27 652 48 5
27 701 36 2
27 760 21 9
28 474 25 10
30 128 37 6
30 389 40 4
31 66 10 8
31 175 28 1
31 424 46 3
33 550 47 10
33 566 1 7
33 582 11 4
33 693 40 9
35 440 21 8
36 408 42 7
39 56 42 4
40 41 13 10
40 42 26 2
40 43 26 3
40 77 4 6
40 97 14 8
40 110 23 10
40 142 50 7
40 187 31 9
40 246 36 1
40 257 10 4
40 258 22 6
40 275 21 4
40 276 30 6
40 315 33 3
40 321 40 1
40 325 24 3
40 350 50 6
40 372 40 3
40 400 45 5
40 420 10 10
40 429 42 6
40 450 3 3
40 453 13 3
40 505 14 5
40 506 39 4
40 515 46 10
40 516 44 6
40 532 14 9
40 534 23 2
40 560 47 1
40 629 47 1
40 655 29 6
40 702 31 9
40 723 10 4
41 44 31 7
41 45 10 1
41 46 32 5
41 47 41 9
41 48 7 9
41 49 4 1
41 53 30 3
41 54 49 7
41 76 28 1
41 96 10 8
41 110 10 9
41 120 7 10
41 122 17 8
41 142 40 3
41 170 21 5
41 172 1 10
41 187 31 4
41 205 36 8
41 206 46 7
41 228 41 3
41 246 44 6
41 291 27 5
41 294 16 6
41 315 3 4
41 353 6 7
41 372 20 9
41 405 2 8
41 406 19 1
41 420 43 6
41 426 29 1
41 475 16 5
41 480 30 3
41 561 6 1
41 585 39 1
41 603 12 4
41 604 35 9
41 626 6 9
41 650 12 10
41 681 47 3
41 683 16 3
41 702 19 1
41 722 48 7
41 756 42 5
41 757 36 3
42 468 26 3
42 793 27 10
43 527 47 4
43 547 11 3
44 591 8 3
44 661 36 2
45 694 32 9
46 710 27 3
48 192 3 5
50 51 43 5
50 52 1 1
50 53 43 4
50 54 29 9
50 55 19 1
50 56 46 7
50 57 17 7
50 58 33 4
50 59 16 3
50 60 40 2
50 187 20 7
50 246 12 7
50 325 33 9
50 451 40 9
50 563 20 3
50 600 25 1
50 625 43 9
50 682 24 10
50 701 36 4
50 723 1 5
50 763 24 10
51 52 2 3
51 53 49 6
51 54 28 6
51 61 30 3
51 62 13 1
51 63 38 10
51 64 31 4
51 95 1 3
51 145 40 1
51 291 27 4
51 351 13 3
51 406 23 4
51 475 38 10
51 478 23 1
51 506 39 2
51 516 31 3
51 563 37 3
51 629 40 1
51 703 7 1
51 756 29 8
52 53 12 7
52 54 20 9
52 65 44 1
52 66 2 5
52 67 12 8
52 77 4 6
52 120 17 1
52 122 34 4
52 172 29 8
52 185 33 5
52 205 32 5
52 226 42 6
52 323 31 5
52 407 22 3
52 420 23 9
52 429 50 4
52 451 15 8
52 534 19 7
52 587 6 3
52 650 11 7
53 54 45 7
53 68 3 2
53 69 38 8
53 70 41 5
53 71 3 8
53 95 20 9
53 171 13 1
53 208 47 8
53 228 3 6
53 246 48 1
53 276 22 5
53 290 41 4
53 315 34 5
53 371 19 6
53 373 39 9
53 505 7 2
53 603 7 10
53 654 38 2
53 723 12 3
54 72 18 3
54 73 26 8
54 74 30 6
54 77 7 3
54 110 50 4
54 111 50 8
54 145 29 10
54 257 11 1
54 276 29 6
54 350 4 6
54 400 11 10
54 429 21 9
54 515 9 9
54 587 40 9
61 508 18 10
63 367 9 9
63 752 3 4
66 798 24 2
68 270 44 5
69 250 32 10
69 582 46 8
71 147 41 5
71 331 26 8
72 305 37 7
72 689 35 8
74 510 39 6
75 76 32 3
75 77 35 3
75 78 2 6
75 79 28 5
75 80 19 10
75 81 25 4
75 120 44 2
75 142 5 7
75 170 3 1
75 225 28 5
75 246 15 3
75 275 1 2
75 292 13 5
75 322 44 9
75 420 7 7
75 506 12 3
75 533 6 8
75 600 6 9
75 627 20 4
75 650 21 3
76 77 15 4
76 78 35 2
76 82 14 9
76 83 41 7
76 84 22 2
76 170 21 2
76 186 3 10
76 187 7 6
76 206 50 4
76 226 27 9
76 323 35 7
76 352 21 5
76 373 43 9
76 428 6 7
76 454 48 7
76 475 32 4
76 516 7 9
76 561 5 8
76 562 6 9
76 586 2 10
76 603 48 1
76 681 36 1
76 683 5 7
76 703 7 4
76 758 8 2
77 78 33 9
77 85 26 1
77 86 22 5
77 87 3 7
77 110 12 6
77 122 47 9
77 144 1 1
77 255 33 6
77 351 47 1
77 400 45 6
77 406 17 1
77 426 13 8
77 531 24 6
77 628 29 1
77 651 42 10
77 722 9 7
78 88 40 6
78 89 43 1
78 90 25 6
78 91 33 4
78 92 20 7
78 93 8 3
78 94 42 5
78 96 21 8
78 97 22 5
78 110 32 4
78 208 42 7
78 245 6 9
78 258 49 2
78 276 8 10
78 294 2 8
78 315 23 6
78 374 31 10
78 400 24 7
78 407 42 9
78 420 13 8
78 453 47 7
78 479 49 1
78 505 28 1
78 516 32 7
78 585 45 4
78 701 21 9
78 724 47 1
78 763 15 2
82 508 32 1
83 730 18 1
84 180 36 5
85 662 38 4
85 718 48 9
86 130 10 4
86 496 22 9
88 203 7 2
88 443 25 5
91 487 14 9
93 343 41 2
94 727 32 3
95 96 2 3
95 97 28 8
95 98 17 5
95 120 44 5
95 123 15 6
95 188 36 9
95 207 41 6
95 277 6 8
95 290 12 1
95 292 32 1
95 375 4 3
95 400 32 5
95 406 4 2
95 428 50 6
95 505 14 7
95 516 37 2
95 531 30 7
95 625 14 6
95 654 6 2
95 757 24 2
96 97 48 7
96 99 11 2
96 100 29 7
96 101 5 9
96 102 9 8
96 103 33 10
96 104 45 2
96 110 6 3
96 111 30 3
96 142 11 1
96 170 18 2
96 172 44 5
96 225 30 2
96 228 26 6
96 256 33 9
96 315 15 5
96 350 49 7
96 370 22 10
96 406 22 1
96 420 2 6
96 428 7 9
96 453 5 10
96 454 37 7
96 476 2 5
96 560 39 9
96 603 4 3
96 629 26 1
96 700 49 9
96 722 42 1
96 763 48 7
97 105 2 6
97 106 36 8
97 107 40 8
97 108 45 2
97 109 17 6
97 140 38 1
97 187 40 2
97 205 8 2
97 245 38 1
97 246 16 5
97 256 37 10
97 276 42 7
97 315 40 6
97 321 11 1
97 323 18 5
97 476 28 1
97 505 9 4
97 516 16 6
97 533 42 2
97 564 37 8
97 586 7 8
97 587 30 6
97 601 22 3
97 651 39 5
97 682 12 3
97 683 31 8
97 700 1 4
97 721 21 5
98 211 19 2
99 105 41 10
99 570 10 3
102 125 19 9
103 210 19 2
104 523 23 2
105 489 36 2
105 787 46 7
107 440 46 9
107 594 7 3
109 393 5 6
109 409 36 3
110 111 38 4
110 112 49 3
110 113 18 6
110 114 3 2
110 120 8 1
110 172 26 6
110 187 31 3
110 206 46 7
110 226 27 2
110 245 42 8
110 257 38 10
110 292 43 5
110 293 9 4
110 315 35 6
110 323 12 8
110 351 23 10
110 353 50 3
110 406 15 9
110 420 15 4
110 427 31 8
110 451 7 1
110 479 47 8
110 505 24 9
110 516 23 3
110 533 23 3
110 535 22 9
110 563 32 6
110 626 3 3
110 650 27 10
110 651 44 10
110 682 29 9
110 701 8 4
110 702 26 2
110 720 38 8
110 757 29 4
111 115 26 5
111 116 35 5
111 117 20 5
111 118 36 8
111 119 16 8
111 120 38 10
111 141 30 8
111 145 44 10
111 172 23 9
111 188 39 1
111 205 23 2
111 228 44 2
111 245 37 6
111 256 43 1
111 277 31 10
111 323 18 9
111 371 9 10
111 372 26 8
111 400 34 5
111 429 12 6
111 451 1 1
111 477 2 9
111 506 40 2
111 515 24 10
111 563 21 9
111 586 12 7
111 587 25 3
111 602 23 2
111 603 45 6
111 629 29 7
111 682 40 8
111 723 9 10
111 762 42 3
112 388 7 6
113 419 27 1
114 553 11 4
114 783 6 3
115 174 36 10
117 537 14 8
117 540 34 7
118 582 8 2
120 121 44 9
120 122 7 6
120 123 36 10
120 124 42 6
120 125 40 10
120 126 15 7
120 170 10 5
120 227 37 7
120 245 12 8
120 246 15 10
120 290 30 10
120 315 35 7
120 324 30 6
120 350 39 8
120 400 3 3
120 451 16 6
120 533 40 10
120 602 48 2
120 604 37 4
120 625 37 8
120 652 38 8
120 653 43 5
120 683 12 6
120 762 20 3
121 122 16 7
121 123 16 1
121 127 39 2
121 128 38 6
121 129 13 7
121 130 32 2
121 131 7 9
121 132 13 8
121 275 11 3
121 276 17 1
121 293 18 2
121 352 32 4
121 406 18 5
121 420 12 10
121 427 7 2
121 450 30 4
121 475 17 7
121 505 7 1
121 517 49 1
121 530 49 7
122 123 14 5
122 133 15 7
122 134 41 9
122 135 27 1
122 185 27 10
122 187 27 1
122 207 45 10
122 315 19 8
122 321 31 1
122 371 44 4
122 373 50 3
122 406 14 9
122 425 11 2
122 476 35 1
122 561 23 8
122 585 2 5
122 587 37 3
122 625 14 6
122 702 30 5
122 722 28 1
123 136 29 6
123 137 49 8
123 138 37 6
123 139 7 8
123 142 16 3
123 143 13 1
123 170 49 2
123 228 38 6
123 256 5 5
123 257 30 5
123 400 39 2
123 420 40 2
123 516 2 3
123 563 23 3
123 683 38 2
123 700 5 8
123 726 27 8
123 762 1 4
124 499 39 10
126 314 37 2
128 579 11 10
131 448 40 1
131 458 17 2
132 286 40 2
133 221 22 7
134 558 34 7
135 339 10 3
135 659 40 5
136 153 33 4
136 710 36 9
139 417 38 5
139 555 35 7
140 141 47 3
140 142 17 6
140 143 1 10
140 144 18 7
140 145 12 1
140 146 45 2
140 147 37 3
140 170 49 6
140 185 39 3
140 256 20 9
140 315 25 1
140 374 17 7
140 407 3 5
140 506 31 3
140 560 23 1
141 142 23 9
141 143 2 7
141 144 33 5
141 145 31 10
141 148 18 6
141 149 20 10
141 208 13 2
141 225 9 1
141 245 3 10
141 322 4 1
141 427 27 6
141 561 35 3
141 603 48 7
141 655 50 5
141 683 33 10
141 701 15 1
141 723 3 7
142 143 50 4
142 144 37 9
142 145 19 5
142 150 19 8
142 151 21 7
142 152 4 8
142 153 47 6
142 154 27 2
142 155 15 5
142 156 24 8
142 206 1 5
142 257 29 10
142 275 34 8
142 322 3 7
142 350 32 1
142 400 8 2
142 406 23 8
142 420 6 10
142 425 36 5
142 477 49 7
142 516 33 8
142 517 11 7
142 533 48 4
142 603 27 7
142 726 28 5
143 144 40 2
143 145 29 5
143 157 41 9
143 158 9 7
143 159 13 1
143 276 37 8
143 351 18 8
143 400 20 4
143 702 5 4
143 756 34 3
144 145 48 5
144 160 46 4
144 161 7 5
144 162 25 7
144 163 36 3
144 164 48 4
144 420 15 1
144 506 42 8
144 535 23 9
144 585 8 2
144 757 12 4
145 165 37 10
145 166 21 5
145 167 38 3
145 168 50 7
145 169 40 6
145 170 9 10
145 188 11 5
145 226 2 6
145 245 45 2
145 290 8 1
145 291 15 2
145 370 38 6
145 450 8 10
145 454 21 4
145 477 12 10
145 625 35 2
145 626 24 6
145 655 37 7
145 681 4 5
146 389 40 4
147 644 43 3
148 543 32 9
148 567 9 1
148 780 22 2
150 591 8 6
152 189 49 1
153 595 42 10
154 155 50 3
154 446 21 1
155 184 8 7
155 445 33 1
155 550 26 3
155 565 10 10
156 474 13 8
156 782 7 2
157 765 11 1
159 259 22 5
162 512 10 4
163 297 22 4
163 386 22 4
163 642 19 5
163 772 39 1
164 528 31 2
166 461 6 8
166 550 10 6
168 396 15 7
168 666 22 7
169 262 35 10
170 171 48 2
170 172 12 9
170 173 10 8
170 174 46 2
170 185 16 10
170 188 13 9
170 207 10 3
170 227 42 6
170 256 2 4
170 315 48 10
170 372 41 6
170 400 46 4
170 425 42 1
170 476 14 7
170 506 44 9
170 516 29 9
170 534 50 2
170 602 26 1
170 625 8 6
170 682 48 3
170 720 14 3
170 721 19 2
170 758 31 3
171 172 1 2
171 175 46 5
171 176 35 7
171 177 30 9
171 246 30 2
171 256 11 3
171 276 11 9
171 293 31 3
171 315 22 6
171 405 19 5
171 420 43 1
171 425 38 9
171 454 36 4
171 476 33 8
171 535 15 7
171 561 40 5
171 564 45 9
171 585 48 2
171 587 49 2
171 601 45 8
171 628 21 9
171 682 42 7
171 701 49 5
171 702 35 6
172 178 1 1
172 179 48 3
172 180 11 1
172 181 9 7
172 182 23 3
172 183 13 8
172 184 50 4
172 205 13 1
172 228 46 2
172 292 17 5
172 320 19 1
172 324 9 4
172 350 50 9
172 351 50 10
172 370 33 10
172 400 13 8
172 406 34 8
172 420 31 8
172 515 25 5
172 652 12 6
172 654 23 1
172 762 50 7
176 553 41 9
177 606 47 2
179 659 41 8
180 296 49 7
180 518 50 8
181 266 44 3
185 186 20 4
185 187 17 2
185 188 42 10
185 189 26 1
185 190 2 1
185 245 39 4
185 315 46 10
185 372 17 7
185 475 19 7
185 600 30 3
185 627 30 10
185 650 40 8
185 655 45 10
185 681 22 3
185 758 44 10
186 187 19 1
186 188 10 7
186 191 15 6
186 192 7 5
186 193 9 3
186 205 10 4
186 245 43 7
186 258 4 9
186 277 40 9
186 291 22 4
186 292 45 8
186 324 12 3
186 350 29 8
186 352 11 4
186 407 21 2
186 427 11 1
186 428 14 4
186 453 24 7
186 505 14 1
186 506 21 4
186 533 15 5
186 562 39 10
186 564 15 7
186 604 5 2
186 628 38 10
186 721 35 2
187 188 35 8
187 194 44 8
187 195 17 5
187 196 45 4
187 197 40 10
187 208 5 4
187 275 19 6
187 420 22 7
187 478 27 1
187 517 45 1
187 587 48 9
187 680 2 9
187 703 14 1
187 720 21 6
188 198 9 3
188 199 4 4
188 200 6 8
188 201 8 9
188 202 30 2
188 203 36 2
188 204 29 9
188 226 39 4
188 227 19 1
188 315 46 2
188 322 9 1
188 372 22 4
188 400 50 4
188 420 37 6
188 453 35 10
188 516 34 4
188 530 48 9
188 586 2 7
188 700 5 7
188 760 35 3
190 410 46 1
190 588 2 2
192 615 38 1
194 197 11 9
194 333 33 10
195 214 1 4
196 360 30 7
197 392 16 4
198 442 45 8
199 717 1 1
200 263 2 3
200 349 31 5
200 378 29 9
205 206 1 7
205 207 29 2
205 208 27 8
205 209 34 4
205 210 22 6
205 211 39 2
205 212 2 4
205 213 38 10
205 226 46 9
205 370 14 2
205 400 5 8
205 420 15 10
205 429 50 4
205 505 16 10
205 530 36 8
205 564 32 7
205 587 46 4
205 625 5 7
205 626 44 3
205 682 43 5
205 701 24 8
205 758 10 2
206 207 18 5
206 208 14 8
206 214 23 10
206 215 48 2
206 216 46 8
206 246 36 7
206 256 25 5
206 277 28 4
206 320 12 1
206 325 9 1
206 351 17 1
206 454 6 7
206 477 15 9
206 479 42 8
206 603 30 7
206 683 23 5
206 720 25 1
206 724 21 3
207 208 35 8
207 217 20 3
207 218 44 6
207 219 8 8
207 220 31 9
207 221 13 3
207 246 40 6
207 257 13 7
207 277 1 1
207 294 20 1
207 315 34 3
207 370 6 3
207 406 5 5
207 427 7 7
207 453 22 1
207 506 48 6
207 516 2 9
207 534 12 8
207 587 18 5
207 650 36 8
207 653 48 8
207 761 7 4
208 222 48 10
208 223 23 3
208 224 7 6
208 228 48 9
208 291 9 10
208 353 43 2
208 405 21 4
208 420 42 2
208 516 42 10
208 564 50 8
208 700 43 8
211 588 32 3
213 461 17 1
219 777 8 2
220 345 13 2
220 729 48 1
221 274 21 4
221 456 29 4
221 781 15 1
222 746 8 2
222 754 37 7
223 739 23 10
224 556 20 1
225 226 30 5
225 227 7 6
225 228 18 8
225 229 40 10
225 230 12 6
225 231 27 10
225 232 19 4
225 233 6 6
225 234 33 6
225 235 44 3
225 255 45 7
225 323 29 3
225 370 7 10
225 400 21 2
225 427 3 10
225 478 23 7
225 516 22 8
225 533 24 10
225 602 20 2
225 757 44 6
226 227 22 5
226 228 44 2
226 236 23 6
226 237 42 5
226 238 10 2
226 315 43 3
226 406 29 1
226 454 3 10
226 480 25 3
226 505 25 9
226 533 42 8
226 560 14 3
226 601 2 1
226 625 49 4
226 701 12 2
226 760 3 6
227 228 35 3
227 239 35 7
227 240 46 2
227 246 24 8
227 350 32 4
227 372 31 2
227 400 7 9
227 407 38 1
227 420 27 2
227 425 27 1
227 451 47 8
227 516 6 4
227 561 2 2
227 587 22 2
227 628 13 3
227 652 19 2
227 683 43 8
227 726 39 10
228 241 42 6
228 242 37 8
228 243 33 5
228 244 6 7
228 246 1 4
228 256 7 9
228 275 38 4
228 293 5 10
228 294 38 2
228 315 50 8
228 352 50 1
228 420 24 6
228 505 42 3
228 586 8 7
228 654 11 1
228 681 25 9
228 701 15 3
228 720 42 7
229 434 40 5
231 332 48 4
232 295 1 9
234 308 28 8
238 239 39 1
243 308 42 8
243 367 29 4
244 262 22 10
244 301 41 6
245 246 50 3
245 247 38 6
245 248 22 4
245 249 21 6
245 250 46 9
245 255 27 2
245 275 15 6
245 293 35 8
245 315 23 8
245 324 7 3
245 350 34 10
245 351 17 6
245 370 33 1
245 400 44 2
245 406 28 8
245 451 28 8
245 454 22 2
245 480 22 10
245 505 50 7
245 506 24 6
245 515 43 5
245 530 37 9
245 535 25 5
245 562 35 9
245 563 6 9
245 602 14 4
245 629 6 5
245 655 33 8
245 682 45 7
245 703 12 3
246 251 7 7
246 252 11 3
246 253 1 6
246 254 29 2
246 256 12 2
246 276 6 9
246 291 5 9
246 315 26 8
246 320 18 8
246 370 14 9
246 406 1 2
246 420 33 5
246 426 3 7
246 429 22 6
246 477 23 9
246 516 6 9
246 585 35 8
246 602 20 6
246 627 24 4
246 655 12 5
246 683 11 6
246 700 31 10
246 722 48 5
246 723 36 3
246 758 42 3
246 759 36 6
247 404 26 5
251 765 8 3
252 615 21 9
254 543 12 3
255 256 33 8
255 257 14 1
255 258 39 4
255 259 19 5
255 260 20 6
255 277 1 10
255 293 45 3
255 372 44 1
255 375 15 5
255 405 35 4
255 425 23 8
255 452 47 6
255 476 19 8
255 601 20 6
255 654 31 2
255 702 2 5
255 724 1 4
256 257 21 1
256 258 20 5
256 261 34 5
256 262 11 8
256 263 44 6
256 264 7 1
256 265 28 4
256 266 33 1
256 267 30 6
256 325 4 2
256 351 25 3
256 352 3 10
256 451 38 1
256 505 14 4
256 517 29 5
256 587 32 2
256 602 34 5
256 628 12 7
256 654 14 4
256 683 20 2
256 702 8 4
256 761 1 6
256 762 15 8
257 258 41 9
257 268 43 5
257 269 44 4
257 270 45 8
257 271 4 10
257 272 26 7
257 293 27 8
257 315 6 10
257 400 32 2
257 479 45 7
257 530 43 6
257 535 43 8
257 586 19 1
257 680 42 8
258 273 47 3
258 274 9 10
258 276 13 7
258 323 1 5
258 406 26 7
258 420 39 5
258 506 10 9
258 516 10 6
258 562 32 1
258 564 4 2
258 627 22 7
258 726 17 7
259 340 3 9
260 335 50 2
261 747 21 7
262 688 44 4
263 439 6 2
265 447 17 8
266 619 25 2
267 507 40 2
267 669 14 2
267 768 18 7
268 716 47 5
269 737 45 10
271 642 18 2
273 463 45 4
273 617 46 8
274 488 10 7
275 276 39 5
275 277 14 10
275 278 36 9
275 279 46 7
275 294 3 2
275 315 23 5
275 400 17 3
275 406 3 8
275 426 44 7
275 505 39 5
275 506 22 5
275 563 38 2
275 587 1 6
275 600 21 7
275 604 10 3
275 629 49 5
275 652 37 5
275 703 15 5
275 759 15 1
276 277 17 10
276 280 32 2
276 281 40 4
276 282 13 4
276 292 30 7
276 323 12 7
276 351 14 8
276 374 50 9
276 405 7 8
276 477 48 3
276 516 15 3
276 585 34 10
276 625 35 9
276 654 28 2
276 680 33 7
276 683 41 6
276 703 2 8
277 283 38 5
277 284 26 7
277 285 37 7
277 286 37 4
277 287 48 9
277 288 44 2
277 289 17 6
277 315 23 4
277 320 37 10
277 350 21 1
277 373 36 6
277 400 38 9
277 420 37 1
277 429 24 7
277 450 18 2
277 453 4 10
277 477 28 7
277 517 19 9
277 532 36 8
277 534 30 1
277 564 27 10
277 721 46 5
277 723 49 8
277 762 7 6
282 412 36 8
282 789 33 6
289 493 29 10
289 706 27 2
290 291 10 1
290 292 6 10
290 293 32 1
290 294 39 9
290 295 20 5
290 296 28 3
290 297 35 8
290 298 30 8
290 299 20 1
290 300 31 4
290 301 32 7
290 321 30 3
290 351 13 1
290 373 16 4
290 420 34 6
290 426 37 6
290 516 47 1
290 587 34 10
290 602 38 7
290 681 46 2
290 701 16 3
291 292 18 2
291 293 43 5
291 294 41 9
291 302 25 10
291 303 15 7
291 304 34 8
291 315 38 2
291 370 13 4
291 400 39 3
291 420 22 6
291 516 38 10
291 532 14 9
291 561 50 8
291 629 50 9
291 654 44 7
291 755 16 9
292 293 50 10
292 294 19 8
292 305 7 6
292 306 43 3
292 307 18 8
292 308 1 3
292 309 37 4
292 315 47 9
292 451 25 1
292 506 45 5
292 535 5 10
292 587 28 8
292 600 5 7
292 683 34 5
293 294 41 2
293 310 39 10
293 400 8 4
293 451 23 7
293 478 12 3
293 480 32 6
293 563 7 9
293 651 20 4
293 721 36 5
293 762 15 1
294 311 27 5
294 312 38 1
294 313 47 10
294 314 12 9
294 352 13 2
294 407 39 9
294 425 47 7
294 506 42 6
294 625 5 3
294 703 31 2
294 725 26 5
295 707 19 9
296 471 47 4
297 556 34 3
298 367 20 4
298 504 27 10
301 710 36 1
304 670 17 2
307 776 14 10
310 545 35 2
310 669 30 4
312 341 38 1
312 522 25 1
313 394 47 5
313 458 27 10
313 557 1 6
315 316 3 5
315 317 15 8
315 318 6 5
315 319 34 8
315 320 10 3
315 321 21 10
315 352 41 7
315 370 39 8
315 400 50 4
315 406 14 7
315 407 46 7
315 420 7 4
315 428 29 2
315 429 8 3
315 450 36 4
315 452 2 2
315 479 46 1
315 480 35 9
315 505 2 7
315 506 39 1
315 515 27 4
315 516 19 2
315 534 30 3
315 535 44 7
315 560 15 6
315 564 31 10
315 585 7 5
315 587 30 8
315 601 43 5
315 604 15 4
315 625 2 2
315 628 9 5
315 652 9 5
315 655 33 1
315 682 34 9
315 700 42 7
315 701 29 9
315 722 29 3
315 726 1 1
315 755 12 2
315 762 2 8
320 321 11 10
320 322 3 3
320 323 30 2
320 324 37 8
320 325 23 7
320 326 24 2
320 327 34 7
320 328 19 8
320 329 5 1
320 330 21 4
320 331 45 9
320 332 11 5
320 420 30 6
320 453 13 3
320 562 18 3
320 585 1 9
320 626 20 3
320 680 36 10
321 322 20 3
321 323 48 5
321 324 36 1
321 325 19 2
321 333 10 1
321 334 22 5
321 335 26 1
321 428 18 9
321 531 39 5
322 323 40 4
322 324 6 1
322 325 30 3
322 336 9 8
322 337 17 6
322 338 28 2
322 339 2 6
322 407 35 8
322 420 15 5
322 454 22 1
322 517 14 8
322 561 28 3
322 652 19 9
323 324 28 5
323 325 37 6
323 340 45 3
323 341 20 10
323 342 25 10
323 343 17 6
323 344 36 7
323 352 48 3
323 400 7 10
323 427 36 2
323 506 3 7
323 530 11 5
323 600 2 3
323 603 49 10
323 625 45 5
323 702 8 8
323 721 46 9
323 722 22 3
323 761 42 6
324 325 49 6
324 345 43 9
324 346 49 2
324 347 5 1
324 374 14 2
324 400 1 8
324 475 21 2
324 516 7 5
324 586 1 8
324 682 21 8
324 762 27 2
325 348 8 9
325 349 24 6
325 352 46 3
325 370 22 4
325 405 15 8
325 477 14 1
325 505 41 1
325 654 11 7
326 439 6 10
328 597 6 10
328 660 13 2
328 695 16 10
330 546 30 10
330 551 25 8
330 644 17 3
332 687 14 9
334 472 39 10
334 594 28 10
335 421 23 6
335 733 18 4
336 339 8 5
336 783 35 9
338 539 26 7
342 632 17 7
348 613 18 2
349 729 24 6
350 351 5 9
350 352 38 1
350 353 19 9
350 354 33 2
350 355 46 7
350 356 32 1
350 357 33 2
350 358 43 8
350 359 48 1
350 400 35 2
350 428 26 5
350 451 34 9
350 453 2 7
350 479 30 3
350 563 24 8
350 587 48 7
350 722 15 1
350 724 30 7
350 756 22 9
350 761 47 10
351 352 28 9
351 353 26 2
351 360 7 4
351 361 50 6
351 405 29 7
351 420 22 6
351 426 26 8
351 563 33 2
351 602 20 5
351 652 20 9
351 654 42 1
351 683 48 9
351 700 30 9
352 353 26 1
352 362 44 4
352 363 32 1
352 364 9 9
352 365 17 2
352 375 18 6
352 405 38 2
352 475 37 7
352 505 9 2
352 516 2 9
352 627 41 1
352 703 30 1
353 366 19 5
353 367 45 5
353 368 24 3
353 369 34 5
353 375 17 5
353 400 11 9
353 420 17 7
353 505 50 6
353 515 14 5
353 532 16 8
353 534 20 5
353 603 21 9
353 625 34 1
353 682 22 1
356 781 15 9
359 708 14 10
360 794 4 3
362 444 27 10
364 619 2 9
365 487 12 7
366 750 14 1
367 662 31 5
367 678 49 9
369 545 16 8
370 371 26 9
370 372 9 6
370 373 47 1
370 374 15 9
370 375 38 1
370 376 41 1
370 377 7 7
370 378 50 4
370 420 32 8
370 506 39 9
370 534 2 5
370 560 11 5
370 629 34 7
370 651 32 2
370 681 1 10
371 372 45 3
371 373 5 4
371 374 11 1
371 375 1 2
371 379 23 5
371 380 7 6
371 381 10 8
371 506 30 2
371 531 35 8
371 625 44 7
371 701 43 4
372 373 9 2
372 374 9 5
372 375 27 4
372 382 32 1
372 383 45 4
372 384 2 2
372 385 45 5
372 386 14 6
372 400 3 1
372 425 10 3
372 453 37 4
372 585 5 7
373 374 44 3
373 375 28 1
373 387 15 7
373 388 9 9
373 389 50 9
373 407 35 4
373 420 2 10
373 477 36 5
373 601 4 4
373 726 41 6
373 763 44 8
374 375 8 4
374 390 49 10
374 391 50 4
374 392 36 4
374 393 5 6
374 400 1 2
374 429 15 10
374 516 8 7
374 562 32 2
374 585 24 7
374 655 47 3
374 723 8 6
375 394 31 2
375 395 26 8
375 396 5 5
375 397 15 7
375 398 24 7
375 399 41 7
375 407 17 6
375 451 37 5
375 477 32 3
375 516 19 7
375 604 36 6
375 700 46 7
375 762 10 6
377 545 29 5
378 620 49 7
379 397 12 10
385 565 11 10
386 504 37 7
386 510 19 7
387 553 43 3
389 618 30 2
395 617 39 6
396 486 5 7
399 461 38 2
399 593 36 2
400 401 26 10
400 402 27 4
400 403 27 3
400 404 32 6
400 405 11 6
400 407 28 2
400 420 43 9
400 425 49 6
400 429 49 4
400 450 26 1
400 453 16 1
400 475 46 7
400 477 16 5
400 505 30 5
400 506 12 1
400 516 31 5
400 517 41 10
400 532 46 6
400 535 1 10
400 560 31 10
400 562 3 2
400 585 23 3
400 601 20 5
400 603 11 7
400 628 29 10
400 651 40 9
400 653 2 9
400 682 11 10
400 702 22 10
400 703 38 1
400 720 41 2
400 724 2 10
400 762 32 10
403 467 44 1
403 707 13 6
405 406 21 10
405 407 40 3
405 408 28 10
405 409 26 3
405 410 6 7
405 411 46 2
405 412 49 4
405 413 12 10
405 420 40 4
405 451 47 1
405 476 28 6
405 517 49 5
405 587 9 7
405 601 11 3
405 763 39 2
406 407 25 7
406 414 26 10
406 426 9 4
406 506 8 6
406 533 18 10
406 560 39 5
406 563 48 1
406 587 28 6
406 603 8 2
406 625 46 1
406 626 46 4
406 653 18 2
406 723 20 1
407 415 24 1
407 416 30 3
407 417 36 3
407 418 7 8
407 419 32 2
407 428 31 4
407 452 45 8
407 480 47 1
407 506 23 8
407 517 2 5
407 534 19 10
407 652 14 2
407 681 22 9
407 682 41 6
407 702 13 8
407 720 23 10
407 760 42 3
410 468 12 2
413 780 36 2
417 504 40 7
418 596 14 1
418 719 50 10
419 699 41 3
420 421 7 7
420 422 23 9
420 423 35 5
420 424 17 5
420 426 4 8
420 429 28 8
420 451 17 6
420 452 12 7
420 475 31 9
420 478 46 10
420 505 41 7
420 506 7 3
420 515 7 3
420 533 27 5
420 535 35 2
420 563 30 10
420 585 40 1
420 586 46 9
420 601 31 10
420 603 30 9
420 626 44 4
420 629 20 8
420 650 42 1
420 652 29 8
420 680 6 5
420 683 45 7
420 700 45 7
420 702 11 2
420 724 2 8
420 726 22 4
420 757 24 5
420 763 14 4
424 734 23 5
425 426 2 6
425 427 43 8
425 428 20 10
425 429 23 2
425 430 18 9
425 431 48 4
425 432 36 7
425 433 40 7
425 505 38 8
425 585 26 3
426 427 28 3
426 428 8 8
426 429 16 5
426 434 5 7
426 435 5 10
426 436 13 2
426 437 17 4
426 438 12 6
426 451 17 2
426 585 16 7
426 600 28 5
426 603 42 1
426 629 8 6
426 681 45 3
426 702 28 6
426 703 2 10
427 428 37 9
427 429 45 9
427 439 48 6
427 440 24 5
427 476 10 6
427 516 14 10
427 655 7 3
427 722 47 8
427 723 42 5
428 429 29 7
428 441 4 1
428 442 19 5
428 443 11 10
428 444 18 10
428 453 48 10
428 480 8 7
428 505 15 6
428 516 45 8
428 535 46 5
428 560 16 9
428 562 3 10
428 628 26 8
428 680 42 5
429 445 23 6
429 446 22 7
429 447 42 5
429 448 50 10
429 449 19 7
429 535 12 6
429 653 17 3
429 759 40 4
429 762 4 6
432 545 7 1
432 594 50 10
434 622 9 6
440 529 11 10
441 776 42 1
443 527 44 7
446 555 22 6
448 537 36 10
449 588 14 9
450 451 41 1
450 452 20 8
450 453 46 10
450 454 42 1
450 455 48 3
450 456 43 7
450 457 18 2
450 458 36 4
450 459 36 9
450 515 13 5
450 564 1 1
450 683 31 10
450 725 39 4
451 452 21 4
451 453 13 3
451 454 48 9
451 460 33 2
451 461 30 10
451 462 44 8
451 463 46 4
451 477 36 1
451 505 14 1
451 515 33 4
451 602 39 8
451 625 19 9
451 653 29 10
451 703 7 1
452 453 4 3
452 454 41 9
452 464 12 7
452 465 29 10
452 466 47 1
452 531 45 2
452 535 35 1
452 586 5 9
452 587 12 6
452 654 14 9
452 757 31 3
452 762 15 6
453 454 34 7
453 467 34 3
453 468 4 3
453 469 23 6
453 470 28 3
453 476 16 3
453 505 50 6
453 603 31 8
453 629 15 1
453 682 8 3
453 726 44 10
454 471 24 6
454 472 47 5
454 473 35 2
454 474 35 4
454 561 44 9
454 702 1 5
455 661 30 2
455 735 19 3
456 558 27 9
456 580 38 5
457 610 39 6
468 607 11 8
471 649 23 2
471 676 14 3
475 476 27 2
475 477 17 7
475 478 15 8
475 479 50 9
475 480 25 3
475 481 9 1
475 482 28 9
475 483 10 10
475 560 1 1
475 586 48 3
475 601 27 7
475 604 42 5
475 682 28 6
475 702 26 3
476 477 33 10
476 478 37 6
476 479 28 7
476 480 8 2
476 484 21 3
476 485 13 2
476 486 22 3
476 487 48 6
476 488 17 8
477 478 8 10
477 479 48 4
477 480 7 10
477 489 2 4
477 490 34 5
477 491 1 7
477 492 32 7
477 493 13 8
477 494 40 10
477 703 1 9
478 479 34 3
478 480 26 8
478 495 39 8
478 496 29 8
478 497 14 3
478 498 4 10
478 499 45 2
478 561 7 6
478 625 30 10
478 654 36 9
478 723 50 4
478 763 27 1
479 480 11 5
479 500 1 1
479 501 18 7
479 505 4 9
479 530 44 2
479 586 31 7
479 628 18 10
479 722 18 3
480 502 9 2
480 503 38 10
480 504 48 2
480 506 14 9
480 517 31 1
480 531 20 1
480 651 29 8
480 683 30 5
480 757 41 5
484 490 29 5
486 735 3 2
488 685 8 3
492 688 41 5
495 527 24 5
500 712 11 7
502 523 9 4
505 506 48 7
505 507 50 3
505 508 25 7
505 509 3 8
505 516 49 7
505 517 1 5
505 563 33 7
505 564 17 10
505 585 6 9
505 625 34 10
505 627 5 5
505 651 31 3
505 680 8 4
505 722 13 4
505 756 21 9
506 510 27 7
506 511 47 6
506 512 33 3
506 513 7 9
506 514 34 5
506 530 17 1
506 532 30 8
506 587 21 9
506 600 11 4
506 603 50 7
506 651 23 9
506 681 1 9
506 701 4 5
506 703 17 1
506 725 26 9
506 757 5 8
509 578 36 2
509 667 35 9
515 516 43 2
515 517 40 1
515 518 10 5
515 519 30 5
515 520 45 7
515 533 27 9
515 561 47 4
515 586 1 1
515 701 6 1
515 763 40 10
516 517 22 2
516 521 34 2
516 522 46 5
516 523 28 3
516 524 8 5
516 525 26 10
516 586 49 4
516 626 23 8
516 653 41 7
516 682 40 2
516 724 49 3
516 761 10 9
517 526 37 8
517 527 31 4
517 528 34 9
517 529 15 1
517 534 45 7
517 562 4 8
517 600 45 10
517 603 14 3
517 627 50 6
517 650 8 3
517 683 16 9
517 702 28 8
517 725 46 10
519 666 7 9
520 679 45 9
529 693 38 5
529 779 17 3
530 531 16 6
530 532 39 7
530 533 5 10
530 534 46 7
530 535 12 5
530 536 20 10
530 537 31 9
530 563 38 2
530 586 3 3
530 650 9 6
530 760 29 7
531 532 9 4
531 533 3 8
531 534 39 1
531 535 16 10
531 538 8 10
531 539 30 5
531 540 39 10
531 541 2 9
531 542 20 2
531 543 43 9
531 544 11 4
531 545 37 3
531 546 24 6
531 586 37 10
531 626 48 10
532 533 41 7
532 534 8 7
532 535 11 4
532 547 22 9
532 548 16 6
532 549 31 6
532 602 36 5
532 681 40 6
532 701 5 2
532 724 29 2
532 725 33 3
533 534 47 2
533 535 48 4
533 550 9 6
533 551 19 5
533 552 24 2
533 553 18 10
533 554 15 9
533 555 2 8
533 556 46 6
533 600 11 4
533 681 18 2
534 535 2 9
534 557 49 1
534 560 41 2
534 627 29 2
534 653 43 3
534 760 1 1
535 558 30 8
535 559 39 7
535 701 15 5
540 669 5 7
541 799 17 9
544 736 39 3
549 613 43 10
550 718 25 5
552 662 37 7
552 732 10 9
555 610 40 10
555 738 18 6
560 561 50 5
560 562 12 3
560 563 37 3
560 564 35 2
560 565 45 1
560 566 21 2
560 567 30 2
561 562 17 5
561 563 9 10
561 564 43 1
561 568 25 7
561 600 14 9
561 627 14 1
561 683 3 3
561 720 45 4
561 757 14 5
562 563 17 7
562 564 29 8
562 569 50 9
562 570 13 7
562 571 36 4
562 572 35 6
562 573 20 9
562 587 48 10
562 629 22 1
562 701 38 7
562 725 45 1
563 564 8 1
563 574 27 7
563 575 39 9
563 576 2 4
563 577 36 3
563 578 41 3
563 579 9 7
563 587 12 8
563 602 46 9
563 762 7 9
564 580 36 10
564 581 29 5
564 582 7 5
564 583 9 9
564 584 12 9
564 652 38 5
564 654 19 8
564 680 39 4
564 701 15 1
565 795 20 8
566 577 7 5
569 748 15 8
571 636 43 8
575 496 21 8
575 599 31 6
575 623 37 3
575 646 39 9
576 666 10 9
577 610 11 9
580 595 24 3
585 586 13 5
585 587 46 8
585 588 16 6
585 600 19 10
585 603 13 2
585 628 25 9
585 653 50 3
585 723 47 3
585 759 30 10
586 587 44 6
586 589 49 6
586 590 41 7
586 591 29 6
586 592 32 5
586 593 6 5
586 682 34 6
586 762 4 9
587 594 1 10
587 595 12 9
587 596 21 2
587 597 37 9
587 598 4 7
587 599 7 1
587 627 38 3
587 653 37 5
587 683 17 8
587 701 41 9
587 703 29 10
587 722 49 7
590 616 22 8
592 773 16 10
599 623 3 5
599 664 11 4
600 601 45 6
600 602 33 10
600 603 2 4
600 604 12 3
600 605 5 10
600 606 38 6
600 607 49 4
600 608 7 7
600 683 42 6
600 726 41 6
601 602 1 1
601 603 5 10
601 604 47 9
601 609 20 2
601 610 16 1
601 611 47 4
601 612 6 8
601 756 13 10
602 603 34 6
602 604 6 6
602 613 5 2
602 614 47 9
602 615 29 4
602 616 34 9
602 617 25 5
602 625 21 7
602 654 30 6
602 723 23 2
603 604 8 4
603 618 22 6
603 619 38 10
603 620 19 5
603 621 20 9
603 622 33 2
603 623 28 1
603 627 6 10
603 655 3 5
603 700 14 5
603 761 6 7
604 624 17 5
604 680 43 7
604 703 5 6
605 610 32 10
607 688 47 6
607 752 6 8
620 765 23 4
621 640 28 4
621 696 10 5
621 787 27 7
625 626 47 1
625 627 2 10
625 628 41 5
625 629 3 7
625 630 40 9
625 631 8 2
625 683 18 1
626 627 21 1
626 628 30 2
626 629 26 1
626 632 30 1
626 633 5 9
626 634 46 7
626 635 48 2
626 636 19 9
626 701 34 3
627 628 9 7
627 629 41 4
627 637 23 2
627 638 21 5
627 639 3 2
627 654 14 3
627 682 43 7
628 629 12 1
628 640 25 1
628 641 35 2
628 642 28 3
628 643 45 2
628 644 11 2
628 645 8 4
628 702 36 6
628 721 17 1
629 646 29 7
629 647 25 9
629 648 49 2
629 649 34 7
629 650 18 10
629 722 6 10
629 758 9 7
629 763 37 9
630 638 7 3
632 663 27 2
639 668 16 7
645 753 16 4
650 651 49 7
650 652 23 1
650 653 20 8
650 654 35 5
650 655 20 10
650 656 31 3
650 657 8 9
650 658 37 4
650 659 33 8
650 660 6 2
650 661 10 10
650 662 24 6
650 701 37 2
651 652 42 8
651 653 41 8
651 654 35 10
651 655 13 8
651 663 29 4
651 664 49 6
651 665 40 3
651 666 26 6
651 667 12 7
651 680 43 10
651 760 34 8
652 653 37 8
652 654 33 9
652 655 40 4
652 668 30 10
652 669 28 4
653 654 5 2
653 655 24 1
653 670 4 8
653 671 1 3
653 672 12 7
653 673 2 2
653 682 13 5
653 724 28 5
654 655 10 8
654 674 35 4
654 675 39 6
654 676 3 7
654 677 3 5
655 678 48 1
655 679 46 2
655 703 1 10
655 726 1 6
655 763 12 9
656 664 15 4
658 732 44 1
663 785 11 7
665 688 1 4
668 736 26 8
675 743 23 9
680 681 49 8
680 682 27 9
680 683 5 3
680 684 2 5
680 685 33 9
680 686 47 5
680 687 27 8
680 688 47 4
680 689 43 5
681 682 1 6
681 683 44 9
681 690 19 3
681 691 8 3
681 692 36 2
681 757 46 3
682 683 18 1
682 693 15 2
682 694 12 8
682 695 24 4
682 696 18 7
682 701 13 4
683 697 6 1
683 698 48 10
683 699 8 3
683 702 26 9
683 723 43 10
683 724 34 6
683 755 39 8
691 737 30 2
695 799 39 4
700 701 26 9
700 702 12 5
700 703 28 3
700 704 45 9
700 705 2 6
700 722 9 3
700 725 46 6
701 702 11 2
701 703 47 1
701 706 20 2
701 707 42 1
701 708 35 6
701 709 48 4
701 760 47 9
701 762 22 9
702 703 13 4
702 710 39 1
702 711 44 6
702 712 35 3
702 713 29 6
702 714 41 2
702 715 32 1
703 716 26 1
703 717 9 10
703 718 12 4
703 719 6 1
720 721 1 5
720 722 7 10
720 723 7 10
720 724 47 1
720 725 11 9
720 726 44 9
720 727 32 1
721 479 24 4
721 722 37 10
721 723 30 9
721 724 6 6
721 725 46 10
721 726 26 8
721 728 14 6
721 729 14 9
721 730 15 4
721 731 40 5
721 732 27 7
722 723 6 6
722 724 30 10
722 725 13 5
722 726 50 6
722 733 37 8
722 734 48 7
722 735 42 2
722 736 2 1
722 737 41 2
722 738 5 8
722 739 11 10
722 761 18 9
723 724 49 3
723 725 13 7
723 726 12 4
723 740 13 3
723 741 34 10
723 742 50 5
723 743 47 7
723 744 15 7
724 725 17 1
724 726 14 4
724 745 2 4
724 746 48 1
724 747 25 4
724 748 9 1
724 749 8 9
724 750 44 5
725 726 32 1
725 751 46 3
725 752 12 7
726 753 33 8
726 754 16 6
726 758 14 3
755 756 42 1
755 757 1 5
755 758 26 8
755 759 23 8
755 760 12 8
755 761 11 3
755 762 7 6
755 763 39 1
755 764 47 8
756 757 48 4
756 758 25 7
756 759 41 5
756 760 22 2
756 761 17 8
756 762 18 8
756 763 41 7
756 765 44 7
756 766 24 3
756 767 13 7
756 768 3 5
757 758 1 6
757 759 27 9
757 760 32 5
757 761 45 7
757 762 17 5
757 763 8 9
757 769 26 1
757 770 43 4
757 771 40 5
757 772 9 4
757 773 1 1
758 759 33 9
758 760 34 3
758 761 15 5
758 762 27 7
758 763 6 6
758 774 49 1
758 775 37 7
758 776 5 1
758 777 4 1
759 760 44 8
759 761 17 7
759 762 6 9
759 763 24 10
759 778 9 2
759 779 11 5
759 780 6 9
759 781 30 2
759 782 42 5
759 783 30 9
760 761 18 8
760 762 43 9
760 763 2 1
760 784 15 10
760 785 45 7
760 786 21 10
760 787 25 5
761 268 23 2
761 762 19 9
761 763 35 5
761 788 28 7
761 789 9 7
762 763 31 5
762 790 46 10
762 791 16 10
763 792 35 5
763 793 36 6
763 794 22 10
763 795 45 7
763 796 7 4
763 797 14 8
763 798 9 4
763 799 33 3
767 790 24 10
771 788 12 2

0 242 12
1 422 11
2 410 39
3 339 10
4 718 39
5 361 58
6 794 12
7 349 20
8 74 26
9 526 13
10 179 42
11 734 42
12 417 32
13 314 31
14 164 67
15 240 32
16 434 25
17 512 26
18 306 30
19 319 18
20 661 43
21 501 8
22 608 3
23 684 2
24 397 11
25 440 50
26 791 43
27 194 30
28 747 10
29 488 14
30 538 4
31 326 20
32 554 5
33 691 11
34 265 18
35 705 1
36 764 20
37 694 28
38 64 18
39 483 5
40 541 6
41 527 85
42 1 19
43 744 18
44 47 24
45 137 10
46 798 18
47 573 12
48 302 10
49 391 31
50 369 11
51 536 14
52 378 72
53 771 30
54 151 12
55 463 21
56 556 45
57 510 52
58 31 50
59 202 21
60 668 42
61 594 58
62 741 19
63 42 37
64 470 11
65 56 41
66 772 27
67 438 5
68 304 14
69 354 10
70 446 36
71 132 29
72 431 27
73 48 4
74 731 19
75 672 7
76 442 23
77 68 32
78 597 18
79 545 39
80 568 15
81 87 21
82 636 42
83 94 32
84 46 41
85 710 89
86 780 33
87 104 29
88 537 52
89 753 19
90 793 34
91 235 29
92 767 19
93 14 32
94 327 21
95 212 1
96 637 16
97 232 7
98 518 14
99 414 18
100 210 12
101 567 24
102 773 9
103 189 24
104 618 30
105 148 20
106 457 36
107 698 25
108 708 30
109 224 19
110 395 18
111 623 20
112 334 46
113 489 16
114 254 23
115 106 12
116 520 60
117 381 5
118 43 50
119 633 2
120 676 5
121 494 9
122 730 18
123 29 5
124 298 52
125 433 24
126 88 35
127 509 19
128 493 9
129 669 52
130 471 26
131 745 1
132 365 14
133 462 29
134 357 22
135 333 26
136 380 4
137 86 15
138 656 15
139 308 39
140 108 15
141 596 8
142 387 26
143 548 9
144 128 34
145 34 8
146 44 24
147 198 16
148 456 134
149 230 5
150 408 42
151 287 20
152 659 37
153 613 46
154 430 10
155 504 51
156 697 4
157 181 18
158 61 24
159 90 14
160 89 22
161 455 50
162 799 44
163 35 22
164 711 31
165 72 48
166 262 57
167 577 19
168 301 22
169 786 15
170 63 17
171 162 19
172 768 13
173 740 3
174 359 23
175 231 23
176 303 5
177 599 12
178 244 42
179 309 20
180 81 6
181 219 12
182 404 14
183 220 55
184 642 24
185 236 12
186 614 27
187 138 14
188 57 5
189 383 31
190 555 36
191 572 17
192 218 13
193 514 10
194 598 3
195 606 33
196 498 1
197 396 13
198 707 37
199 795 27
200 36 38
201 393 3
202 129 8
203 154 68
204 754 24
205 24 20
206 28 11
207 105 30
208 770 27
209 3 19
210 239 45
211 769 15
212 60 21
213 33 31
214 73 19
215 749 3
216 617 25
217 465 15
218 388 16
219 657 4
220 99 17
221 174 52
222 363 13
223 340 17
224 621 47
225 496 23
226 332 31
227 576 6
228 717 7
229 784 11
230 364 6
231 616 34
232 624 4
233 473 17
234 658 18
235 300 21
236 134 47
237 502 5
238 474 41
239 774 13
240 519 25
241 15 53
242 146 50
243 553 39
244 783 35
245 343 39
246 176 27
247 112 21
248 675 14
249 157 31
250 663 14
251 779 7
252 390 23
253 630 13
254 647 17
255 605 21
256 175 17
257 402 9
258 382 20
259 222 27
260 559 24
261 641 16
262 66 24
263 421 18
264 398 14
265 59 4
266 789 11
267 524 6
268 615 58
269 392 21
270 281 18
271 443 53
272 584 7
273 620 40
274 215 21
275 19 21
276 547 15
277 269 38
278 441 26
279 529 55
280 192 24
281 118 9
282 184 36
283 788 21
284 491 1
285 130 20
286 448 82
287 737 60
288 728 7
289 37 21
290 445 17
291 286 49
292 149 5
293 500 5
294 10 13
295 98 13
296 670 5
297 693 59
298 79 15
299 592 30
300 367 83
301 356 13
302 318 2
303 513 4
304 209 10
305 679 53
306 204 15
307 481 4
308 634 21
309 270 53
310 472 55
311 17 27
312 525 15
313 687 22
314 69 49
315 678 25
316 58 13
317 260 31
318 289 30
319 266 61
