800 2762 320

0 25 200
1 50 400
2 100 1000
3 150 1600
4 200 2400
5 250 3000

0 1500
1 1500
2 1500
3 1500
4 2000
5 2000
6 2000
7 2000
8 2000
9 2000
10 1000
11 1500
12 1000
13 1000
14 2000
15 2000
16 1500
17 1500
18 2000
19 2000
20 1500
21 1500
22 1500
23 1500
24 1500
25 2000
26 2000
27 2000
28 2000
29 2000
30 2000
31 2000
32 1000
33 2000
34 2000
35 1500
36 2000
37 2000
38 2000
39 1500
40 2000
41 1500
42 2000
43 2000
44 2000
45 1000
46 1500
47 1500
48 1000
49 500
50 1000
51 2000
52 2000
53 2000
54 2000
55 1500
56 1500
57 1000
58 1500
59 1000
60 2000
61 2000
62 1000
63 2000
64 2000
65 2000
66 500
67 1500
68 1500
69 2000
70 1000
71 2000
72 2000
73 1500
74 2000
75 1500
76 1000
77 1500
78 1500
79 1500
80 2000
81 2000
82 1500
83 1500
84 1000
85 1500
86 1500
87 2000
88 1000
89 1000
90 1000
91 2000
92 2000
93 2000
94 1500
95 2000
96 1000
97 1500
98 1500
99 2000
100 1500
101 1500
102 1000
103 1000
104 2000
105 2000
106 2000
107 2000
108 1000
109 1500
110 2000
111 500
112 500
113 500
114 500
115 1500
116 1500
117 1500
118 1500
119 2000
120 1000
121 2000
122 2000
123 2000
124 1500
125 1000
126 1000
127 1500
128 2000
129 2000
130 2000
131 1500
132 2000
133 2000
134 1000
135 1500
136 1500
137 1500
138 1000
139 1500
140 2000
141 2000
142 2000
143 2000
144 2000
145 2000
146 1500
147 2000
148 2000
149 1000
150 2000
151 500
152 2000
153 1500
154 2000
155 2000
156 2000
157 1500
158 1500
159 2000
160 1500
161 1500
162 1500
163 1500
164 1500
165 1500
166 1500
167 1000
168 2000
169 1000
170 2000
171 1000
172 1500
173 1000
174 2000
175 1000
176 1000
177 1000
178 1000
179 2000
180 2000
181 1000
182 2000
183 2000
184 1000
185 2000
186 2000
187 1500
188 2000
189 1500
190 2000
191 2000
192 2000
193 2000
194 2000
195 1500
196 1500
197 1500
198 1500
199 1500
200 1500
201 1500
202 1500
203 2000
204 1000
205 1000
206 1000
207 1500
208 2000
209 2000
210 1000
211 2000
212 2000
213 2000
214 1000
215 1000
216 2000
217 2000
218 2000
219 2000
220 1000
221 1000
222 1000
223 1500
224 2000
225 2000
226 1000
227 2000
228 2000
229 2000
230 1500
231 1500
232 1500
233 1500
234 2000
235 1500
236 2000
237 2000
238 1500
239 2000
240 1000
241 1000
242 1500
243 1000
244 2000
245 1500
246 1000
247 2000
248 1000
249 1500
250 1000
251 1500
252 1500
253 1500
254 1500
255 1000
256 500
257 1000
258 1500
259 500
260 1000
261 1500
262 1500
263 2000
264 1500
265 1500
266 1000
267 1500
268 2000
269 2000
270 1000
271 1000
272 1500
273 2000
274 1000
275 2000
276 1000
277 2000
278 1000
279 1500
280 1000
281 1500
282 1000
283 1500
284 1500
285 1500
286 500
287 1500
288 500
289 1500
290 2000
291 500
292 1000
293 1000
294 1500
295 2000
296 1500
297 2000
298 1000
299 2000
300 1500
301 1500
302 1000
303 1000
304 2000
305 1000
306 1500
307 1500
308 2000
309 2000
310 1500
311 1500
312 1500
313 1500
314 1000
315 2000
316 1500
317 1000
318 2000
319 1500
320 2000
321 2000
322 2000
323 2000
324 2000
325 2000
326 2000
327 2000
328 2000
329 2000
330 1500
331 1000
332 1500
333 1000
334 2000
335 2000
336 2000
337 500
338 500
339 1500
340 2000
341 1500
342 1500
343 1000
344 1500
345 1500
346 1500
347 1500
348 1500
349 1500
350 1000
351 1500
352 1000
353 2000
354 2000
355 2000
356 2000
357 2000
358 2000
359 1000
360 1500
361 2000
362 2000
363 2000
364 2000
365 2000
366 2000
367 2000
368 2000
369 1000
370 2000
371 2000
372 2000
373 1500
374 1500
375 1000
376 1500
377 1500
378 500
379 500
380 2000
381 2000
382 2000
383 1500
384 1000
385 1500
386 1000
387 1000
388 1500
389 2000
390 1500
391 1500
392 1500
393 1500
394 1500
395 1500
396 1500
397 2000
398 1500
399 1500
400 2000
401 1500
402 2000
403 1000
404 2000
405 1500
406 2000
407 2000
408 1000
409 2000
410 2000
411 1000
412 1000
413 2000
414 2000
415 1000
416 2000
417 2000
418 1000
419 2000
420 2000
421 2000
422 1500
423 2000
424 2000
425 1500
426 1500
427 1500
428 1500
429 1500
430 1000
431 2000
432 1000
433 1000
434 1000
435 2000
436 1500
437 2000
438 1000
439 1500
440 2000
441 1500
442 1500
443 2000
444 1500
445 2000
446 2000
447 2000
448 2000
449 1500
450 2000
451 2000
452 2000
453 1500
454 1500
455 1500
456 2000
457 1500
458 2000
459 1000
460 1500
461 1500
462 1500
463 1500
464 1500
465 1500
466 1500
467 2000
468 2000
469 1500
470 1000
471 2000
472 1000
473 2000
474 1000
475 1500
476 2000
477 2000
478 1000
479 2000
480 2000
481 1500
482 2000
483 2000
484 1000
485 1000
486 2000
487 2000
488 1000
489 2000
490 2000
491 2000
492 1000
493 2000
494 1000
495 1000
496 1000
497 1500
498 1500
499 1500
500 1500
501 1000
502 500
503 1500
504 1500
505 2000
506 2000
507 1500
508 2000
509 2000
510 2000
511 1000
512 1000
513 2000
514 2000
515 2000
516 2000
517 1000
518 2000
519 2000
520 1000
521 2000
522 2000
523 2000
524 2000
525 1500
526 1000
527 1500
528 1000
529 2000
530 1000
531 1000
532 1000
533 1000
534 1000
535 1000
536 1500
537 2000
538 1500
539 2000
540 1500
541 1500
542 1500
543 2000
544 1500
545 1500
546 2000
547 2000
548 2000
549 2000
550 1500
551 2000
552 2000
553 2000
554 2000
555 1500
556 1000
557 1500
558 1500
559 1500
560 1500
561 1500
562 1500
563 1500
564 1000
565 2000
566 2000
567 1500
568 1500
569 1500
570 2000
571 2000
572 2000
573 1000
574 1500
575 1500
576 1000
577 1500
578 1000
579 2000
580 2000
581 2000
582 2000
583 2000
584 2000
585 2000
586 2000
587 2000
588 2000
589 2000
590 1500
591 1500
592 1500
593 1500
594 1500
595 1000
596 2000
597 2000
598 1000
599 2000
600 1000
601 1000
602 1000
603 1500
604 1000
605 2000
606 2000
607 1500
608 1000
609 1500
610 2000
611 1500
612 2000
613 1000
614 1000
615 1500
616 1500
617 1000
618 1000
619 1000
620 1000
621 2000
622 1500
623 1500
624 1000
625 1500
626 2000
627 1000
628 1500
629 500
630 1500
631 1500
632 1000
633 1000
634 2000
635 2000
636 1000
637 1500
638 2000
639 2000
640 1500
641 1500
642 1500
643 1000
644 2000
645 1500
646 1000
647 1500
648 2000
649 2000
650 1500
651 1500
652 1000
653 1000
654 2000
655 1500
656 1500
657 2000
658 2000
659 2000
660 1500
661 1500
662 2000
663 1500
664 2000
665 1500
666 2000
667 2000
668 2000
669 1000
670 1500
671 1500
672 1500
673 1000
674 2000
675 1000
676 2000
677 2000
678 2000
679 2000
680 2000
681 1000
682 2000
683 2000
684 1000
685 1500
686 1500
687 1000
688 2000
689 1000
690 1000
691 1500
692 1500
693 1000
694 2000
695 1500
696 1500
697 1500
698 1500
699 1500
700 1000
701 1500
702 2000
703 2000
704 2000
705 1000
706 2000
707 1000
708 2000
709 1000
710 2000
711 1000
712 1000
713 1000
714 1500
715 1500
716 1000
717 1000
718 1500
719 2000
720 1500
721 1000
722 1500
723 2000
724 1500
725 2000
726 500
727 500
728 500
729 1000
730 1500
731 1500
732 2000
733 2000
734 1500
735 1500
736 1000
737 2000
738 1500
739 1000
740 1500
741 1500
742 1500
743 2000
744 2000
745 1000
746 2000
747 2000
748 1500
749 2000
750 1000
751 1000
752 2000
753 2000
754 2000
755 1000
756 1000
757 1500
758 1500
759 1000
760 500
761 500
762 1500
763 1000
764 500
765 500
766 500
767 2000
768 1000
769 2000
770 2000
771 1000
772 1500
773 2000
774 2000
775 1500
776 1500
777 1500
778 1500
779 1500
780 2000
781 1500
782 2000
783 1000
784 2000
785 2000
786 2000
787 2000
788 1000
789 1000
790 1000
791 2000
792 1000
793 2000
794 1000
795 1500
796 2000
797 1000
798 1000
799 1500

0 1 20 2
0 2 29 1
0 3 10 5
0 4 47 10
0 5 28 1
0 6 17 8
0 7 33 4
0 102 8 8
0 160 47 6
0 199 19 9
0 253 46 2
0 377 40 10
0 541 8 9
0 560 18 5
0 617 49 2
0 631 31 2
0 645 20 1
0 672 31 3
0 686 1 9
0 695 25 1
0 741 40 7
1 2 38 2
1 3 8 3
1 8 15 5
1 57 23 4
1 79 28 9
1 100 6 7
1 345 16 9
1 395 34 1
1 429 25 5
1 455 23 10
1 541 7 3
1 631 23 5
1 640 1 7
1 650 16 2
1 715 34 3
1 742 16 8
1 757 5 8
1 777 22 1
2 3 26 4
2 9 22 1
2 10 45 1
2 11 15 4
2 12 33 7
2 24 33 6
2 116 25 3
2 199 47 3
2 230 25 7
2 425 19 2
2 462 50 3
2 500 19 9
2 525 20 1
2 590 16 8
2 592 21 3
2 615 13 8
2 645 19 2
2 685 40 4
2 717 36 8
2 730 6 4
2 731 45 9
2 779 4 3
3 13 20 1
3 14 36 8
3 15 38 10
3 16 2 6
3 17 42 8
3 18 21 5
3 19 44 10
3 45 4 2
3 46 40 2
3 56 34 7
3 75 41 10
3 116 32 9
3 136 41 5
3 161 38 3
3 230 24 8
3 253 6 8
3 285 39 9
3 312 21 10
3 313 44 10
3 331 5 5
3 332 47 3
3 349 40 8
3 375 21 8
3 390 39 9
3 462 14 3
3 496 19 4
3 651 15 4
3 661 20 1
3 671 33 7
3 697 16 2
3 758 2 10
4 236 48 10
4 421 41 4
4 733 40 8
4 734 26 10
5 694 19 1
6 147 34 4
6 664 25 3
7 477 15 4
7 667 25 9
8 97 20 2
8 509 42 3
8 537 2 8
9 107 1 4
11 180 44 3
11 293 24 10
11 325 7 5
11 437 7 10
11 518 28 2
12 624 23 2
13 387 36 7
13 729 12 7
15 413 30 6
15 692 46 8
16 179 28 1
16 632 15 6
17 353 8 7
18 73 28 2
18 316 25 2
19 37 31 9
19 637 34 6
20 21 22 8
20 22 10 1
20 23 32 5
20 24 49 1
20 25 9 8
20 26 44 1
20 45 41 8
20 56 44 1
20 136 14 6
20 139 4 10
20 196 23 3
20 230 38 4
20 250 19 1
20 392 11 4
20 396 10 2
20 455 30 7
20 460 30 9
20 461 19 7
20 496 12 5
20 640 29 1
20 645 32 2
20 651 14 7
20 661 35 3
20 696 50 8
20 730 45 2
20 741 10 8
20 756 48 9
21 22 2 10
21 23 19 7
21 24 10 1
21 27 34 8
21 28 37 1
21 29 10 6
21 30 32 3
21 45 4 1
21 57 29 3
21 102 21 9
21 117 50 4
21 165 39 3
21 232 36 1
21 283 9 6
21 427 10 1
21 499 6 10
21 527 11 1
21 660 41 3
21 685 4 7
21 696 5 7
22 23 27 1
22 24 18 4
22 31 12 3
22 32 45 4
22 33 4 9
22 34 36 1
22 35 7 10
22 312 4 2
22 313 18 5
22 330 3 5
22 345 23 1
22 377 17 2
22 542 10 3
22 556 5 3
22 593 21 6
22 631 24 2
22 640 42 7
22 672 8 7
22 777 5 5
23 24 31 8
23 36 25 7
23 37 41 10
23 38 42 3
23 39 46 9
23 40 41 10
23 41 24 10
23 79 2 6
23 115 14 5
23 199 42 9
23 255 10 4
23 331 44 2
23 349 15 9
23 455 19 6
23 527 16 1
23 592 41 4
23 616 25 4
23 617 10 2
23 671 32 8
23 715 29 3
23 731 36 10
23 755 11 1
24 42 49 2
24 43 2 8
24 44 37 4
24 77 5 6
24 102 15 7
24 161 26 1
24 281 15 9
24 376 32 6
24 425 34 7
24 541 34 2
24 559 3 7
24 631 32 4
24 650 16 5
24 685 42 3
24 717 47 8
24 742 38 8
24 777 46 3
26 569 48 9
26 575 6 7
27 704 33 10
27 722 29 8
28 385 6 7
28 550 25 3
30 714 25 5
31 799 10 4
33 577 15 3
33 623 50 6
34 245 41 5
34 467 8 4
35 612 18 1
36 422 27 6
36 586 35 8
39 769 20 1
40 267 4 7
40 580 29 4
41 94 16 1
41 193 38 3
42 69 27 10
44 235 18 1
44 699 10 4
45 46 50 4
45 47 46 1
45 48 31 3
45 49 22 10
45 56 3 2
45 100 26 10
45 116 1 8
45 136 20 3
45 165 13 6
45 200 10 7
45 230 20 8
45 280 23 2
45 332 12 5
45 348 49 6
45 377 22 5
45 390 39 7
45 455 25 2
45 462 7 9
45 463 43 2
45 500 29 3
45 526 15 6
45 541 50 9
45 560 48 3
45 617 18 10
45 640 1 7
45 645 33 5
45 651 30 8
45 660 31 1
45 685 17 8
45 696 16 10
45 717 37 7
45 730 39 10
45 731 26 9
45 740 46 9
45 775 8 8
46 50 29 4
46 51 49 6
46 52 37 1
46 53 34 8
46 54 31 5
46 56 8 7
46 77 44 6
46 79 16 1
46 118 24 7
46 136 45 7
46 160 17 9
46 197 25 8
46 232 49 4
46 251 13 6
46 254 7 8
46 312 46 9
46 313 33 8
46 330 18 5
46 346 27 5
46 377 20 3
46 393 15 10
46 430 30 9
46 455 19 4
46 495 10 10
46 527 11 2
46 542 22 1
46 556 9 8
46 591 47 8
46 592 39 1
46 617 38 2
46 630 37 6
46 631 38 5
46 640 42 8
46 645 15 4
46 650 20 4
46 660 50 3
46 671 19 7
46 686 35 8
46 695 22 2
46 715 25 6
46 742 25 1
46 756 13 5
46 778 12 4
47 522 8 7
48 385 13 7
48 771 49 5
50 126 28 1
50 729 50 2
51 306 13 10
52 398 9 10
54 451 34 9
55 56 8 6
55 57 49 5
55 58 40 3
55 59 14 4
55 60 20 8
55 139 27 7
55 197 30 10
55 201 14 7
55 230 24 7
55 232 4 4
55 285 5 5
55 330 23 3
55 346 22 6
55 376 19 5
55 377 44 7
55 396 33 3
55 426 35 1
55 455 17 3
55 466 5 9
55 495 32 1
55 591 7 8
55 640 41 2
55 645 40 5
55 650 50 2
55 778 26 10
56 57 9 8
56 58 33 10
56 61 23 6
56 62 27 7
56 63 35 4
56 64 7 8
56 65 49 8
56 77 19 1
56 102 7 6
56 116 22 3
56 117 5 6
56 161 23 5
56 254 16 1
56 313 34 7
56 396 3 3
56 541 8 6
56 616 5 8
56 617 34 3
56 671 48 1
56 717 25 6
56 731 8 4
56 742 11 9
56 755 46 5
57 58 3 2
57 66 18 1
57 67 32 8
57 68 7 10
57 76 5 3
57 251 41 7
57 332 34 8
57 348 2 8
57 427 11 6
57 460 26 10
57 592 32 10
57 630 28 8
57 660 50 5
57 670 16 2
57 685 20 9
57 717 10 5
57 740 7 1
57 758 20 8
58 69 47 6
58 70 2 1
58 71 41 3
58 72 23 5
58 73 17 2
58 74 21 6
58 102 11 1
58 138 27 3
58 284 25 5
58 313 30 8
58 455 18 8
58 500 2 5
58 525 7 1
58 540 4 4
58 557 33 3
58 561 11 2
58 631 27 6
58 645 12 10
58 696 30 8
58 697 35 6
58 777 38 5
61 265 29 8
61 371 8 9
65 351 25 3
67 309 29 9
68 480 22 1
69 647 7 10
73 204 21 3
74 664 31 4
75 76 15 5
75 77 30 2
75 78 33 2
75 79 39 7
75 80 20 2
75 81 7 2
75 82 13 8
75 116 19 1
75 137 28 8
75 164 27 9
75 230 39 6
75 231 6 9
75 254 42 5
75 331 36 3
75 375 49 7
75 395 41 5
75 616 22 10
75 630 12 8
75 651 38 5
75 695 20 5
76 77 34 1
76 78 13 5
76 79 39 8
76 83 35 4
76 84 38 1
76 85 49 8
76 118 6 2
76 332 5 5
76 345 27 1
76 428 25 4
76 460 3 4
76 461 50 10
76 527 34 5
76 592 20 6
76 640 16 8
76 645 19 7
76 670 22 8
76 685 40 5
76 778 42 6
77 78 27 9
77 79 22 10
77 86 11 1
77 87 31 4
77 88 41 5
77 89 23 3
77 90 8 3
77 91 50 1
77 163 39 5
77 196 14 6
77 310 28 1
77 377 44 1
77 391 28 2
77 499 12 1
77 540 2 5
77 559 4 7
77 640 11 7
77 661 13 3
77 756 45 6
77 775 11 2
78 79 43 9
78 92 4 4
78 93 11 4
78 94 32 1
78 95 45 10
78 96 5 9
78 102 49 8
78 285 30 4
78 428 10 5
78 455 13 5
78 497 3 6
78 526 8 8
78 594 8 3
78 616 16 7
78 630 42 4
78 651 31 4
78 661 3 1
78 671 27 8
78 695 41 4
78 715 6 3
78 731 37 1
79 97 49 9
79 98 13 10
79 99 42 5
79 101 43 9
79 135 47 8
79 197 16 10
79 250 49 3
79 285 7 9
79 311 42 3
79 345 23 8
79 455 40 9
79 540 11 9
79 561 47 9
79 686 27 5
79 716 41 5
79 731 35 9
79 740 8 5
79 758 43 7
80 795 9 6
81 522 45 9
82 549 5 4
83 229 4 2
83 774 26 2
84 272 6 5
85 124 47 2
85 531 38 9
85 635 9 7
85 763 26 8
86 366 34 9
86 747 48 7
88 293 13 8
88 693 26 1
89 307 22 5
91 536 34 4
93 628 2 2
93 793 35 8
94 416 1 5
95 170 46 4
95 584 34 9
97 124 35 3
97 156 14 6
98 107 13 7
98 666 28 9
99 242 23 2
99 279 4 8
100 101 17 6
100 102 4 7
100 103 31 4
100 104 19 10
100 105 30 6
100 200 23 4
100 231 40 2
100 251 10 3
100 310 39 5
100 347 20 4
100 393 27 10
100 394 10 9
100 455 32 6
100 497 15 4
100 525 21 2
100 540 47 5
100 556 40 6
100 593 26 5
100 594 31 3
100 616 38 10
100 630 15 3
100 660 45 10
100 661 10 5
100 697 39 10
100 716 3 9
101 102 49 4
101 106 19 1
101 107 6 6
101 108 2 2
101 109 49 9
101 110 16 10
101 116 21 10
101 164 41 5
101 311 11 5
101 330 42 9
101 346 39 3
101 376 6 7
101 377 31 8
101 430 18 3
101 455 36 2
101 460 33 1
101 465 17 1
101 525 45 4
101 540 39 4
101 560 47 10
101 617 37 10
101 631 33 4
101 640 35 6
101 645 32 10
101 651 36 5
101 685 29 1
101 731 4 9
101 741 26 4
101 742 45 5
101 755 6 2
101 756 1 9
101 778 22 3
102 111 39 9
102 112 25 1
102 113 4 10
102 114 1 9
102 115 29 4
102 135 41 1
102 137 31 6
102 162 26 8
102 197 34 6
102 231 33 7
102 252 26 2
102 281 28 4
102 283 50 10
102 332 18 2
102 429 33 3
102 499 25 2
102 645 39 10
102 650 23 6
102 670 14 4
102 686 34 2
102 697 47 6
102 717 40 4
102 730 37 4
102 779 37 8
103 189 2 3
106 444 42 9
107 586 47 10
108 242 10 1
109 132 26 10
109 434 5 2
109 532 25 4
110 249 38 9
110 554 50 4
115 116 27 3
115 117 19 4
115 118 49 10
115 119 45 8
115 195 21 7
115 250 7 3
115 310 39 1
115 311 28 4
115 330 12 6
115 377 26 8
115 396 2 10
115 461 39 8
115 500 30 5
115 526 44 3
115 594 28 8
115 615 42 1
115 661 27 1
115 671 2 9
115 686 37 1
115 717 43 9
115 740 34 9
116 117 24 6
116 118 10 6
116 120 30 7
116 121 1 6
116 122 35 1
116 123 12 10
116 124 42 7
116 125 39 9
116 126 26 1
116 139 48 9
116 230 31 3
116 250 7 10
116 283 6 10
116 464 8 2
116 497 43 2
116 594 1 10
116 617 29 7
116 630 33 1
116 645 24 2
116 651 10 8
116 660 48 2
116 671 20 10
116 695 46 2
116 776 3 8
117 118 42 5
117 127 49 8
117 128 10 8
117 129 40 3
117 163 2 5
117 200 27 3
117 280 24 5
117 330 30 6
117 346 33 1
117 375 14 9
117 455 13 10
117 527 27 7
117 541 19 9
117 559 14 3
117 630 35 1
117 640 26 5
117 645 20 2
117 651 48 4
117 685 11 3
117 731 35 4
117 755 32 4
118 130 6 4
118 131 30 10
118 132 37 10
118 133 24 8
118 134 35 10
118 163 22 4
118 230 39 1
118 348 14 1
118 390 17 6
118 428 13 5
118 430 7 2
118 542 12 8
118 557 41 10
118 640 37 6
118 717 11 3
118 730 43 9
118 756 23 7
118 776 21 10
121 724 31 8
123 245 46 5
123 516 50 8
123 603 2 4
124 186 36 5
124 584 40 5
125 578 8 1
127 263 43 8
127 700 42 4
129 294 28 6
130 245 45 2
131 694 15 8
132 258 14 5
133 290 10 5
133 609 30 10
135 136 40 9
135 137 37 4
135 138 13 3
135 139 48 3
135 140 40 10
135 141 50 7
135 142 8 4
135 231 45 7
135 252 23 5
135 255 8 10
135 312 46 7
135 375 13 6
135 376 22 7
135 390 9 3
135 395 25 7
135 496 18 7
135 540 10 3
135 616 34 1
135 617 44 6
135 630 29 1
135 640 29 6
135 650 4 6
135 661 7 8
135 686 17 2
136 137 32 6
136 138 13 1
136 139 37 6
136 143 43 8
136 144 4 3
136 145 33 7
136 146 15 3
136 147 42 5
136 282 31 8
136 332 48 6
136 429 17 5
136 455 14 6
136 499 41 10
136 526 12 10
136 557 35 4
136 591 10 7
136 594 25 7
136 640 28 6
136 672 11 5
136 685 47 4
136 696 30 9
136 698 42 6
136 731 44 5
137 138 31 4
137 139 14 9
137 148 16 2
137 149 5 9
137 150 25 3
137 195 10 1
137 232 45 8
137 331 31 6
137 428 43 2
137 460 41 4
137 526 9 4
137 542 3 8
137 672 29 9
137 717 7 1
137 730 25 10
137 740 23 2
138 139 16 8
138 151 42 8
138 164 7 10
138 166 24 9
138 197 5 9
138 281 41 10
138 310 23 9
138 461 27 5
138 561 15 2
138 651 42 3
138 755 40 2
138 756 9 8
138 775 44 4
139 152 6 7
139 153 34 3
139 154 31 7
139 155 15 3
139 156 41 8
139 157 24 4
139 158 40 9
139 159 23 3
139 348 34 7
139 350 21 5
139 630 21 9
139 645 31 1
139 717 39 8
139 742 38 2
139 778 27 1
140 263 32 9
140 444 24 1
141 187 47 6
141 324 25 10
143 510 43 10
143 565 40 10
145 679 31 9
146 355 42 3
149 642 48 4
151 789 40 2
153 340 28 10
155 481 5 6
155 562 24 5
156 306 20 10
156 563 44 8
156 580 29 8
157 381 42 5
157 404 37 1
157 477 27 9
158 618 9 6
158 784 24 3
159 406 23 3
159 449 27 7
159 786 29 9
160 161 8 3
160 162 30 3
160 163 24 9
160 164 40 2
160 165 47 8
160 166 18 1
160 167 8 6
160 168 29 3
160 330 11 4
160 375 50 4
160 430 42 7
160 498 16 2
160 631 24 7
160 640 46 7
160 672 28 4
160 686 42 6
160 777 39 8
161 162 16 4
161 163 9 8
161 164 35 5
161 165 6 8
161 166 37 3
161 169 30 10
161 170 26 7
161 171 4 3
161 172 1 1
161 173 27 9
161 310 10 3
161 496 20 3
161 645 28 10
161 715 15 9
161 731 46 2
161 740 5 3
162 163 8 9
162 164 25 10
162 165 34 6
162 166 1 10
162 174 41 4
162 175 35 10
162 176 4 7
162 177 36 9
162 178 50 7
162 282 28 8
162 392 16 4
162 594 44 1
162 617 3 5
162 640 33 1
162 716 24 5
162 758 47 6
163 164 13 2
163 165 9 8
163 166 3 1
163 179 31 10
163 180 8 3
163 181 8 6
163 182 4 6
163 233 13 8
163 455 11 2
163 527 22 6
163 560 40 1
163 591 9 6
163 631 21 5
163 650 27 3
163 698 32 4
163 779 22 7
164 165 41 3
164 166 34 5
164 183 25 1
164 184 40 9
164 185 10 2
164 186 42 6
164 198 49 3
164 233 46 6
164 464 33 7
164 527 31 7
164 540 37 3
164 617 39 7
164 645 38 5
164 660 14 7
164 730 10 5
164 740 41 5
165 166 41 10
165 187 23 8
165 188 1 2
165 189 34 7
165 200 40 7
165 283 7 4
165 311 11 3
165 345 49 6
165 376 37 4
165 392 16 5
165 426 36 4
165 461 21 1
165 542 40 5
165 558 49 3
165 661 5 9
165 686 45 9
165 696 39 3
166 190 19 2
166 191 48 7
166 192 44 3
166 193 39 8
166 194 10 3
166 250 43 6
166 254 31 5
166 331 29 5
166 345 2 3
166 650 25 6
166 670 41 1
166 757 49 9
167 502 22 5
170 216 16 5
172 749 35 3
173 629 35 10
175 378 27 5
177 246 43 5
182 504 15 1
183 442 1 4
183 644 46 9
183 795 49 3
184 258 23 5
187 479 49 2
189 193 15 6
194 554 15 2
194 658 9 3
195 196 42 6
195 197 6 8
195 198 3 9
195 199 46 5
195 200 30 2
195 201 15 1
195 202 31 6
195 203 30 4
195 204 26 4
195 205 11 9
195 349 28 3
195 395 45 2
195 463 34 6
195 496 12 5
195 540 8 4
195 561 30 1
195 631 26 10
195 651 44 4
195 715 26 9
195 777 33 5
196 197 44 5
196 198 23 10
196 199 44 9
196 200 29 7
196 201 41 8
196 206 24 1
196 207 13 2
196 208 7 4
196 253 13 4
196 311 32 5
196 429 42 1
196 661 44 10
196 670 12 4
197 198 39 7
197 199 14 2
197 200 29 6
197 201 43 6
197 209 20 8
197 210 29 6
197 231 40 9
197 269 21 1
197 330 32 9
197 455 29 3
197 460 47 4
197 640 3 9
198 199 40 3
198 200 29 8
198 201 17 8
198 211 2 7
198 212 24 5
198 213 3 3
198 214 7 4
198 215 12 2
198 216 33 7
198 252 13 6
198 281 19 1
198 282 24 8
198 350 8 6
198 376 37 5
198 377 44 6
198 499 43 2
198 542 5 3
198 591 23 1
198 594 7 10
198 630 10 2
198 686 14 9
198 696 21 7
198 730 46 7
199 200 45 10
199 201 15 10
199 217 19 9
199 218 41 3
199 219 35 6
199 220 43 7
199 221 40 3
199 222 26 6
199 223 7 8
199 224 37 9
199 332 26 3
199 615 10 5
199 645 6 1
199 716 48 10
199 741 23 5
199 775 8 9
200 201 30 2
200 225 44 4
200 226 20 4
200 227 6 4
200 311 25 4
200 427 14 4
200 455 8 6
200 526 17 2
200 645 48 9
200 651 23 5
200 660 28 5
200 758 2 10
201 228 18 10
201 229 24 2
201 230 20 8
201 392 3 2
201 527 35 7
201 555 22 9
201 617 49 10
201 640 39 6
201 670 38 10
201 685 16 7
201 698 24 2
201 742 37 9
201 758 16 5
202 236 31 1
202 515 24 6
203 244 19 2
204 276 49 5
204 601 1 1
206 759 2 5
207 356 27 9
207 596 18 6
210 242 47 3
210 300 45 3
210 618 40 3
210 625 26 1
211 373 49 7
213 247 18 6
214 643 50 1
216 453 21 7
219 306 48 3
220 403 23 7
221 600 11 9
222 438 36 7
223 239 19 8
224 385 45 7
224 568 41 8
225 699 34 7
227 701 8 9
228 490 24 8
229 519 5 2
229 634 49 3
229 725 13 2
230 231 10 4
230 232 22 6
230 233 41 1
230 234 35 4
230 235 18 6
230 236 17 4
230 253 4 5
230 255 35 7
230 331 12 6
230 345 21 2
230 394 26 2
230 455 39 3
230 540 37 8
230 590 43 9
230 615 19 5
230 640 46 5
230 661 28 9
230 670 50 4
230 698 46 1
230 716 22 2
230 730 36 3
231 232 18 6
231 233 30 10
231 237 20 9
231 238 10 2
231 239 2 6
231 240 20 10
231 241 47 3
231 242 47 8
231 243 22 1
231 376 6 7
231 429 20 3
231 460 32 8
231 542 44 10
231 557 48 3
231 630 21 9
231 650 14 7
231 672 10 10
231 686 13 7
231 740 32 10
231 756 3 7
231 778 42 4
232 233 49 7
232 244 10 5
232 245 25 2
232 282 21 9
232 330 25 7
232 346 50 3
232 377 22 4
232 391 6 4
232 455 5 4
232 460 12 7
232 496 33 3
232 526 50 6
232 591 37 3
232 615 24 6
232 630 49 5
232 645 15 9
232 698 18 4
232 731 40 1
232 741 41 9
232 756 18 1
232 776 17 2
233 246 43 5
233 247 13 2
233 248 14 4
233 249 24 1
233 285 11 9
233 313 27 8
233 498 13 3
233 526 28 2
233 557 36 6
233 640 8 2
233 645 19 4
233 651 16 8
233 685 17 7
233 716 34 6
234 272 38 7
236 407 26 2
236 503 9 6
237 665 24 10
238 269 1 3
238 687 25 3
239 388 41 9
242 664 25 2
244 300 34 10
250 251 8 8
250 252 20 1
250 253 26 9
250 254 41 5
250 255 47 8
250 256 6 2
250 257 6 9
250 258 13 10
250 259 21 4
250 330 30 10
250 332 30 7
250 390 33 2
250 650 31 2
250 715 5 7
251 252 11 5
251 253 7 4
251 254 11 4
251 255 35 4
251 260 35 10
251 261 15 5
251 262 39 9
251 263 40 5
251 264 1 7
251 265 15 9
251 266 20 6
251 267 24 10
251 313 23 5
251 347 19 6
251 496 25 4
251 592 32 3
251 630 23 5
251 740 6 1
251 742 2 5
251 757 21 10
252 253 13 9
252 254 30 9
252 255 40 9
252 268 4 5
252 269 32 6
252 270 9 6
252 271 39 3
252 285 48 9
252 345 15 1
252 375 19 1
252 426 32 1
252 430 22 9
252 465 19 5
252 496 3 8
252 660 1 7
252 661 35 8
252 686 23 5
252 698 31 3
252 779 27 1
253 254 14 4
253 255 48 8
253 272 10 8
253 273 7 1
253 274 31 2
253 283 17 10
253 455 18 1
253 527 6 3
253 541 20 8
253 615 4 9
253 672 3 5
253 696 41 1
253 731 1 5
253 755 15 9
254 255 2 10
254 275 20 8
254 276 3 2
254 277 6 6
254 278 34 4
254 312 2 4
254 375 9 4
254 395 30 7
254 464 4 4
254 558 2 8
254 560 24 10
254 640 23 10
254 645 3 8
254 650 19 4
254 716 23 5
254 730 2 6
254 776 22 1
255 279 50 6
255 455 4 4
255 525 7 2
255 541 35 2
255 591 29 10
255 617 28 4
255 630 50 10
255 640 17 9
255 672 38 5
255 686 42 9
256 729 35 3
257 262 49 5
261 340 39 5
261 524 28 10
262 603 30 6
262 657 22 8
264 308 16 8
264 628 40 6
267 516 45 4
272 398 32 10
276 736 8 9
278 751 40 4
280 281 38 7
280 282 18 6
280 283 47 1
280 284 42 9
280 285 27 7
280 286 5 9
280 287 11 3
280 288 19 1
280 289 44 6
280 332 48 9
280 345 1 5
280 376 3 10
280 395 31 9
280 542 1 9
280 556 38 5
280 590 28 7
280 593 21 8
280 631 20 10
280 640 50 5
280 661 40 9
280 716 9 4
280 731 38 7
280 757 25 5
281 282 10 5
281 283 41 10
281 284 20 6
281 285 40 6
281 290 17 2
281 310 44 4
281 332 19 10
281 455 35 6
281 463 38 9
282 283 34 8
282 284 13 6
282 285 41 3
282 291 50 9
282 292 10 3
282 293 34 8
282 310 48 5
282 375 26 8
282 427 36 9
282 465 25 9
282 527 27 5
282 541 39 8
282 615 38 2
282 651 32 5
282 741 48 5
283 284 15 1
283 285 11 6
283 294 35 3
283 295 5 4
283 296 18 8
283 297 8 1
283 298 49 5
283 393 9 8
283 499 5 10
283 500 6 1
283 615 9 6
283 631 15 1
283 645 43 5
283 651 7 10
283 672 44 7
283 696 35 8
283 715 11 1
284 285 11 8
284 299 1 2
284 300 28 7
284 301 45 10
284 302 25 9
284 425 48 1
284 559 44 10
284 640 6 4
284 645 47 1
284 660 24 1
284 686 47 7
284 758 40 8
284 775 3 1
285 303 19 10
285 304 1 5
285 305 39 7
285 306 17 8
285 307 23 9
285 308 6 1
285 309 42 3
285 350 11 3
285 455 20 3
285 526 39 1
285 670 10 6
285 686 11 7
285 695 22 1
285 731 42 5
285 741 3 2
285 779 42 5
287 519 38 4
287 528 34 10
289 793 38 4
292 442 45 8
295 374 9 6
295 701 18 4
296 413 49 10
301 547 48 3
301 729 46 8
302 434 31 2
303 528 18 4
304 747 26 6
306 400 26 5
306 533 50 2
307 424 49 9
308 642 6 7
309 421 30 5
310 311 23 5
310 312 8 2
310 313 42 9
310 314 22 3
310 315 37 9
310 316 50 6
310 317 24 6
310 375 2 2
310 377 37 4
310 455 29 10
310 465 40 2
310 466 33 1
310 497 44 8
310 631 35 4
310 640 33 2
310 650 38 8
310 660 41 10
310 670 27 8
310 672 10 9
310 698 28 6
310 717 36 3
310 777 44 9
310 779 8 2
311 312 4 7
311 313 47 2
311 318 30 3
311 331 50 6
311 346 27 5
311 396 11 9
311 527 2 4
311 540 44 10
311 558 9 1
311 592 39 2
311 645 21 1
311 686 48 10
311 731 31 7
311 741 11 5
312 313 36 3
312 319 24 3
312 320 25 4
312 321 19 10
312 322 5 8
312 323 4 1
312 330 6 7
312 392 38 10
312 425 40 4
312 455 49 1
312 495 32 1
312 525 37 10
312 559 36 6
312 617 7 7
312 640 10 3
312 651 33 7
312 660 10 1
312 695 4 8
312 717 37 9
312 731 25 4
312 742 6 9
313 324 48 8
313 325 21 2
313 326 12 7
313 327 16 10
313 328 7 5
313 329 9 9
313 349 26 2
313 429 49 9
313 542 37 8
313 590 32 8
313 615 22 8
313 631 36 9
313 645 4 8
313 686 3 9
313 756 15 2
313 758 14 9
314 384 47 10
315 366 23 4
315 628 18 8
318 674 11 9
319 380 27 3
319 521 25 4
322 437 45 9
322 457 29 3
324 342 19 8
324 358 35 7
326 410 35 9
328 547 47 9
329 341 45 4
329 655 20 8
330 331 39 8
330 332 40 10
330 333 5 1
330 334 16 4
330 335 1 4
330 336 29 2
330 455 31 2
330 462 37 2
330 540 35 4
330 631 17 9
330 645 31 10
330 651 38 6
330 660 50 4
330 671 18 10
330 685 42 9
330 715 21 6
330 717 33 1
330 741 21 3
330 742 23 8
331 332 43 4
331 337 7 2
331 338 6 7
331 345 38 2
331 348 32 4
331 375 45 10
331 376 33 5
331 455 26 8
331 463 44 5
331 526 36 5
331 557 6 10
331 592 47 9
331 640 23 4
331 651 50 2
331 661 15 4
331 697 15 2
331 731 44 5
331 778 39 9
332 339 32 7
332 340 30 8
332 341 25 2
332 342 13 9
332 343 11 9
332 344 25 9
332 390 19 1
332 425 49 6
332 428 13 7
332 497 6 10
332 499 50 2
332 527 38 6
332 558 48 8
332 591 7 8
332 615 27 2
332 645 48 8
332 672 12 10
332 697 31 9
332 756 5 3
332 757 45 8
332 775 35 10
339 566 7 4
340 402 11 3
342 545 25 7
342 770 10 9
343 705 48 4
344 546 3 2
345 346 7 1
345 347 36 5
345 348 32 1
345 349 50 9
345 350 21 3
345 351 44 6
345 352 21 2
345 353 39 5
345 354 37 1
345 355 4 2
345 356 12 1
345 357 2 6
345 391 3 7
345 461 19 1
345 498 35 1
345 500 30 7
345 525 47 9
345 593 47 1
345 631 45 7
345 661 23 4
345 670 49 5
345 671 1 9
345 698 38 7
345 755 33 7
346 347 23 9
346 348 39 9
346 349 7 7
346 350 50 5
346 358 38 4
346 359 4 2
346 360 12 10
346 361 12 4
346 462 49 9
346 525 11 4
346 640 36 8
346 660 49 4
346 698 36 7
346 730 13 1
346 740 13 5
347 348 41 6
347 349 47 5
347 350 39 4
347 362 35 6
347 363 4 6
347 364 44 10
347 365 31 10
347 425 13 10
347 541 21 9
347 615 26 8
347 631 33 7
347 651 49 10
347 715 30 6
347 775 41 4
347 778 6 9
348 349 34 7
348 350 16 7
348 366 44 2
348 367 3 6
348 394 24 5
348 430 4 6
348 542 42 6
348 615 18 2
348 645 35 6
348 686 39 4
348 730 37 8
349 350 37 1
349 368 46 3
349 369 47 9
349 370 49 4
349 371 11 6
349 372 39 6
349 376 31 4
349 377 27 5
349 455 45 3
349 651 10 7
349 715 50 7
349 756 49 7
350 373 24 5
350 374 19 6
350 556 17 1
350 558 49 10
350 591 38 1
350 645 8 4
350 742 31 1
351 597 15 1
353 607 33 7
354 718 36 2
356 389 13 2
358 718 16 5
360 417 25 5
360 484 12 1
360 655 26 4
360 665 36 5
366 656 1 3
371 409 41 2
372 401 11 7
375 376 43 6
375 377 11 4
375 378 4 10
375 379 48 10
375 426 9 8
375 455 21 4
375 527 35 8
375 540 48 6
375 631 24 1
375 640 5 4
375 645 6 1
375 670 19 7
375 756 21 4
375 775 35 7
376 377 33 9
376 380 20 1
376 381 47 9
376 382 42 2
376 383 35 10
376 384 8 3
376 395 48 8
376 455 43 8
376 496 5 10
376 497 11 7
376 525 36 7
376 557 5 8
376 592 26 8
376 640 21 7
376 650 13 7
376 651 30 4
376 670 8 9
376 695 9 6
376 697 17 2
376 716 8 6
376 731 36 9
376 740 10 4
376 742 44 9
376 758 24 3
377 385 46 7
377 386 13 3
377 387 27 4
377 388 13 3
377 389 40 7
377 395 42 1
377 426 25 4
377 460 4 1
377 461 43 2
377 540 11 9
377 558 38 9
377 590 44 10
377 617 38 3
377 631 45 2
377 645 5 6
377 660 23 8
377 661 37 6
377 685 15 8
377 717 23 6
377 730 46 7
377 776 15 2
382 584 14 7
383 573 14 6
383 579 23 7
384 627 25 8
385 771 13 9
390 281 16 9
390 391 13 10
390 392 21 3
390 393 38 1
390 394 13 1
390 395 23 2
390 396 11 1
390 397 46 2
390 455 20 9
390 463 15 5
390 541 24 6
390 640 10 3
390 645 48 3
390 778 37 2
391 392 22 1
391 393 4 4
391 394 16 10
391 395 47 5
391 396 3 6
391 398 31 3
391 399 29 7
391 400 16 3
391 496 7 5
391 497 20 6
391 526 32 9
391 557 19 7
391 590 26 7
391 686 43 3
391 716 38 10
391 717 6 9
392 393 36 5
392 394 26 2
392 395 3 10
392 396 16 2
392 401 31 9
392 402 10 9
392 403 7 6
392 404 47 4
392 405 37 7
392 406 25 6
392 407 1 4
392 425 48 3
392 461 15 7
392 645 29 10
392 696 11 8
392 731 35 10
393 394 42 3
393 395 26 4
393 396 38 10
393 408 8 6
393 409 32 1
393 410 18 7
393 455 5 4
393 651 5 8
393 685 12 3
393 757 22 2
393 775 8 5
394 395 18 1
394 396 1 9
394 411 2 7
394 412 35 4
394 413 47 6
394 414 38 3
394 415 42 9
394 416 6 1
394 430 25 5
394 525 43 8
394 542 20 7
394 615 19 6
394 630 44 6
394 661 11 4
394 671 7 5
394 672 44 8
394 740 49 5
394 741 11 4
394 758 22 1
395 396 6 1
395 417 9 8
395 418 27 4
395 419 35 8
395 420 43 9
395 421 47 3
395 650 4 2
395 695 18 4
396 422 3 6
396 423 15 9
396 424 27 6
396 558 26 6
396 593 40 5
396 616 27 1
396 631 21 4
396 661 23 8
399 733 34 10
405 424 41 8
407 580 42 10
411 601 50 5
413 491 33 3
414 441 47 7
416 545 27 4
417 611 42 7
418 568 1 7
422 713 25 9
423 546 14 8
423 772 45 4
424 625 12 2
425 426 43 10
425 427 30 5
425 428 44 1
425 429 21 6
425 430 21 3
425 431 8 6
425 432 35 8
425 433 12 6
425 593 10 4
425 651 46 3
425 660 48 6
425 672 31 3
425 716 10 3
425 742 2 3
426 427 47 10
426 428 50 4
426 429 36 6
426 430 34 9
426 434 34 2
426 435 21 4
426 436 15 5
426 455 11 7
426 495 49 1
426 525 47 6
426 616 6 1
426 672 30 3
426 686 1 4
426 696 41 8
427 428 16 1
427 429 28 7
427 430 43 1
427 437 24 9
427 438 47 1
427 439 30 7
427 440 3 6
427 441 25 4
427 525 41 5
427 540 21 8
427 559 29 8
427 561 34 3
427 594 36 5
427 615 4 6
427 640 28 2
427 645 35 8
427 661 47 7
427 740 45 1
428 429 29 4
428 430 6 8
428 442 42 2
428 443 12 10
428 444 2 5
428 445 40 7
428 462 38 10
428 463 50 1
428 631 45 9
428 730 34 6
428 779 9 2
429 430 43 8
429 446 14 7
429 447 50 3
429 448 42 8
429 449 31 6
429 450 23 7
429 451 16 4
429 452 12 5
429 453 3 7
429 496 18 5
429 651 35 1
429 685 7 1
429 695 42 2
429 730 8 6
429 757 13 9
430 454 14 3
430 455 42 4
430 541 7 6
430 631 15 10
430 645 34 8
430 716 43 3
430 756 34 9
430 777 6 7
434 438 24 4
435 445 3 6
436 473 25 4
436 483 37 2
438 624 22 9
439 471 40 1
443 469 33 3
454 706 5 4
455 456 10 6
455 457 23 7
455 458 47 6
455 459 37 2
455 462 35 6
455 464 19 9
455 496 44 8
455 499 6 6
455 525 26 5
455 526 14 1
455 541 33 10
455 558 22 6
455 559 44 6
455 592 29 9
455 616 46 1
455 617 48 5
455 631 30 3
455 640 39 5
455 645 43 5
455 650 43 3
455 651 42 3
455 660 40 5
455 661 33 8
455 670 41 4
455 672 47 5
455 685 15 10
455 686 24 9
455 696 16 9
455 697 25 7
455 715 33 3
455 716 38 6
455 730 42 2
455 731 2 5
455 740 16 3
455 742 46 4
455 756 36 1
455 758 30 8
455 776 29 7
455 777 16 2
456 718 24 4
460 461 32 7
460 462 23 8
460 463 50 5
460 464 31 1
460 465 48 9
460 466 21 2
460 467 45 8
460 468 3 8
460 469 36 6
460 470 15 5
460 471 44 10
460 472 31 6
460 617 6 5
460 631 33 9
460 775 28 4
461 462 19 10
461 463 1 1
461 464 21 3
461 465 18 10
461 466 30 6
461 473 24 6
461 474 36 3
461 475 44 7
461 476 50 9
461 477 35 2
461 499 40 9
461 661 47 8
461 672 46 10
461 742 27 2
461 757 34 4
462 463 31 4
462 464 41 1
462 465 34 9
462 466 7 10
462 478 5 8
462 479 6 4
462 498 35 7
462 541 41 2
462 591 26 1
462 617 30 3
462 651 48 9
463 464 24 3
463 465 24 5
463 466 27 7
463 480 4 5
463 592 29 7
463 661 45 5
463 730 41 4
464 465 34 9
464 466 45 10
464 481 11 8
464 482 29 1
464 483 21 3
464 484 3 8
464 485 45 1
464 486 8 2
464 487 13 2
464 541 43 8
464 640 20 4
464 645 10 2
464 697 19 2
464 716 17 2
464 740 30 9
465 466 4 3
465 488 46 4
465 489 33 8
465 490 36 1
465 491 30 7
465 559 8 7
465 672 47 8
465 716 48 8
465 730 24 3
465 776 39 7
466 492 50 7
466 493 1 6
466 494 42 4
466 527 40 3
466 558 34 6
466 640 2 2
466 645 45 6
466 650 23 2
466 685 12 10
466 686 3 10
466 695 32 10
466 756 24 5
473 544 20 7
475 583 27 5
475 689 39 6
476 516 47 3
476 588 10 9
483 612 10 9
487 674 33 1
488 602 8 10
491 596 35 6
491 606 12 1
494 669 4 8
495 496 32 9
495 497 38 3
495 498 41 1
495 499 2 1
495 500 10 6
495 501 16 8
495 542 24 5
495 695 42 1
495 716 6 8
495 730 6 9
495 779 8 2
496 497 18 9
496 498 17 4
496 499 41 9
496 500 29 1
496 502 1 4
496 503 34 1
496 557 12 2
496 615 28 6
496 616 37 9
496 630 30 9
496 631 12 1
496 730 40 4
497 498 22 9
497 499 28 1
497 500 26 10
497 504 39 4
497 505 12 3
497 506 39 4
497 507 4 3
497 508 42 1
497 541 15 7
497 645 6 4
497 650 18 6
497 651 28 8
497 661 12 1
497 686 23 6
497 755 41 2
497 756 2 1
497 778 33 10
498 499 2 9
498 500 23 9
498 509 42 3
498 510 39 7
498 511 13 5
498 512 18 9
498 513 40 9
498 514 32 9
498 661 2 8
498 671 41 2
498 685 39 10
499 500 19 1
499 515 41 10
499 516 28 8
499 517 48 3
499 518 8 1
499 519 22 7
499 520 12 3
499 525 29 1
499 526 6 3
499 559 16 3
499 640 43 6
499 645 24 10
499 695 34 6
499 717 47 1
499 741 23 2
500 521 43 1
500 522 45 9
500 523 28 9
500 524 7 1
500 591 21 1
500 670 39 4
500 740 30 2
501 799 31 4
503 722 27 9
505 587 42 10
505 762 13 3
507 787 33 7
516 791 12 4
518 782 12 3
520 642 30 10
525 526 12 2
525 527 26 3
525 528 12 9
525 529 38 2
525 530 4 5
525 531 24 5
525 559 25 6
525 594 1 4
525 615 22 6
525 631 47 8
525 640 27 6
525 645 13 6
525 651 6 10
525 660 12 1
525 671 31 10
525 715 39 6
525 758 48 2
525 779 4 2
526 527 32 4
526 532 10 9
526 533 31 4
526 542 41 6
526 560 24 8
526 640 2 4
526 660 31 5
526 672 45 6
526 731 39 8
526 741 46 1
526 756 5 2
526 775 33 7
527 534 37 7
527 535 1 4
527 536 27 5
527 537 27 7
527 538 43 7
527 539 48 10
527 542 36 3
527 594 3 10
527 617 6 3
527 631 17 5
527 645 39 7
527 651 27 7
527 685 21 7
527 686 39 5
527 695 50 2
527 697 26 6
527 717 12 7
527 731 41 7
530 718 29 10
531 750 28 7
537 622 16 6
538 744 8 10
540 541 13 2
540 542 30 7
540 543 44 1
540 544 41 7
540 545 5 6
540 546 41 6
540 630 26 7
540 660 6 3
540 670 3 3
540 671 15 4
540 685 46 8
540 686 17 7
540 695 37 7
540 716 12 5
540 717 1 9
540 730 49 3
540 741 38 8
540 756 25 2
541 542 35 8
541 547 42 7
541 548 37 7
541 549 16 6
541 550 8 5
541 556 21 3
541 615 27 3
541 631 10 9
541 640 15 1
541 650 33 10
541 698 2 7
541 731 35 10
541 758 24 9
541 775 42 3
541 778 42 4
542 551 4 3
542 552 36 5
542 553 39 6
542 554 6 5
542 592 11 2
542 594 30 7
542 615 21 4
542 645 8 1
542 660 47 6
542 740 46 8
547 683 18 4
553 691 32 7
554 628 6 5
555 556 15 4
555 557 24 3
555 558 8 7
555 559 40 5
555 560 14 1
555 561 14 9
555 562 25 4
555 563 46 10
555 564 20 4
555 565 30 2
555 566 32 7
555 567 21 5
555 568 3 7
555 617 39 2
555 640 27 3
555 672 13 3
555 685 19 10
555 686 34 7
555 742 6 7
555 779 20 8
556 557 12 3
556 558 21 6
556 559 49 8
556 560 20 9
556 561 16 6
556 569 26 9
556 650 18 8
556 670 11 9
556 741 41 7
557 558 27 6
557 559 41 10
557 560 30 2
557 561 28 6
557 570 6 6
557 571 46 10
557 572 34 9
557 573 33 6
557 574 20 6
557 590 45 1
557 645 20 8
557 650 33 3
557 715 11 3
557 730 3 10
558 559 4 1
558 560 26 7
558 561 49 8
558 575 16 9
558 576 9 5
558 577 30 2
558 578 4 4
558 579 27 7
558 592 46 5
558 617 15 1
558 758 24 7
559 560 14 5
559 561 5 8
559 580 39 8
559 581 8 3
559 582 12 7
559 583 12 2
559 584 9 8
559 696 42 10
559 716 47 1
560 561 49 9
560 585 30 2
560 730 4 6
560 758 50 2
561 586 40 4
561 587 33 5
561 588 19 9
561 589 30 3
561 630 47 6
561 640 48 8
561 645 12 2
561 660 32 10
561 698 26 5
561 778 21 10
563 704 50 10
567 688 15 4
567 745 11 4
568 666 24 4
574 747 2 4
575 596 28 5
576 494 23 4
582 641 10 5
584 793 41 3
585 703 46 7
589 596 3 1
590 591 39 4
590 592 25 4
590 593 33 2
590 594 2 5
590 595 25 6
590 596 22 8
590 597 17 10
590 598 14 9
590 640 50 5
590 645 18 8
590 686 48 1
590 696 24 4
591 592 3 4
591 593 25 6
591 594 24 9
591 599 23 5
591 600 41 7
591 601 10 3
591 602 35 5
591 603 28 3
591 640 3 2
591 660 42 9
591 670 18 8
591 695 10 5
591 715 25 1
591 757 40 4
591 776 48 3
592 593 48 8
592 594 44 1
592 604 18 10
592 605 49 3
592 606 31 6
592 607 18 8
592 631 5 4
592 645 45 1
592 661 20 6
592 730 37 10
592 742 39 8
592 755 30 9
593 594 29 4
593 608 30 4
593 609 25 2
593 610 14 10
593 611 10 9
593 615 50 4
593 650 24 7
593 670 11 4
593 686 25 10
594 612 22 2
594 613 7 6
594 614 37 1
594 617 16 5
594 630 5 6
594 731 46 4
594 741 2 4
594 779 27 5
600 790 26 7
605 738 48 7
606 781 49 1
613 751 34 3
615 616 13 5
615 617 24 6
615 618 17 3
615 619 42 5
615 620 4 9
615 621 39 2
615 622 13 7
615 623 48 3
615 624 32 5
615 640 44 3
615 660 40 5
615 685 31 8
615 686 45 1
615 696 13 8
615 717 44 10
615 730 5 7
615 740 42 7
615 755 1 9
616 617 46 8
616 625 36 8
616 626 18 7
616 627 6 6
616 628 39 5
616 645 30 5
616 661 40 8
616 670 14 4
616 671 11 8
616 698 7 6
616 740 32 4
616 777 14 10
616 779 24 1
617 629 25 6
617 630 27 1
617 631 32 3
617 640 1 5
617 645 3 9
617 650 48 2
617 716 50 10
617 731 41 10
618 789 31 6
623 636 15 1
623 718 4 2
625 659 7 4
628 751 34 1
629 790 31 1
630 631 40 7
630 632 41 5
630 633 36 2
630 634 40 4
630 635 17 10
630 640 38 7
630 645 37 3
630 650 6 9
630 651 30 9
630 660 38 4
630 671 17 2
630 685 5 9
630 695 18 5
630 730 21 1
630 731 37 1
630 758 11 10
630 779 25 7
631 636 12 7
631 637 7 8
631 638 12 5
631 639 39 4
631 640 12 6
631 660 7 1
631 671 21 1
631 686 9 8
631 697 21 2
631 716 44 3
631 717 34 3
631 741 19 2
631 742 3 2
631 758 50 6
631 775 49 7
637 704 17 2
638 747 46 5
640 641 6 2
640 642 50 9
640 643 6 1
640 644 24 7
640 645 25 7
640 650 50 10
640 651 8 9
640 660 7 4
640 661 7 4
640 671 42 10
640 672 34 9
640 685 3 8
640 686 42 2
640 695 20 3
640 697 44 3
640 716 31 3
640 730 36 5
640 731 15 10
640 740 23 7
640 741 38 4
640 757 26 7
640 758 44 7
640 777 39 4
642 692 37 1
645 646 43 7
645 647 30 8
645 648 5 5
645 649 31 7
645 650 13 7
645 651 2 7
645 660 41 3
645 661 24 4
645 671 30 8
645 686 39 9
645 695 34 6
645 696 26 10
645 715 4 10
645 717 12 8
645 730 42 5
645 740 19 4
645 742 45 7
645 756 33 1
645 758 42 10
645 778 8 10
645 779 38 2
649 747 30 6
650 651 10 5
650 652 7 8
650 653 7 1
650 654 7 6
650 655 39 5
650 672 20 5
650 695 22 6
650 715 17 8
650 716 32 5
650 730 20 10
650 731 32 5
650 740 30 4
650 741 32 2
650 757 35 4
651 656 32 4
651 657 44 10
651 658 29 1
651 659 15 10
651 660 6 6
651 661 32 10
651 671 49 6
651 685 47 6
651 755 6 8
651 778 34 6
651 779 8 7
657 692 22 1
660 661 26 1
660 662 43 1
660 663 46 9
660 664 14 2
660 665 33 3
660 666 43 10
660 686 40 6
660 695 47 2
660 716 3 5
660 730 11 8
660 742 32 8
660 776 30 10
661 667 6 1
661 668 34 5
661 669 25 1
661 670 46 2
661 671 5 4
661 695 38 8
661 716 48 5
661 730 2 5
661 742 19 6
661 755 32 1
661 756 10 7
661 775 31 1
663 708 42 10
670 671 33 9
670 672 35 10
670 673 1 2
670 674 47 9
670 675 14 7
670 676 7 8
670 717 20 6
670 731 45 4
670 741 23 8
670 742 28 2
670 755 24 4
671 672 50 5
671 677 33 10
671 686 33 10
671 775 6 2
672 678 41 5
672 679 46 4
672 680 1 4
672 681 30 1
672 682 39 9
672 683 42 9
672 684 41 9
672 686 21 8
672 695 14 7
672 716 11 5
672 756 49 7
672 775 27 8
682 720 35 6
685 686 2 6
685 687 10 9
685 688 46 2
685 715 11 10
685 716 13 4
685 742 39 3
685 775 12 6
685 776 32 4
686 689 26 2
686 690 3 8
686 691 6 6
686 692 21 1
686 693 31 4
686 694 31 5
686 697 45 3
686 731 14 2
686 741 22 5
686 757 6 7
686 758 19 3
695 696 2 3
695 697 20 7
695 698 6 5
695 699 12 6
695 700 49 1
695 701 16 10
695 702 14 6
695 730 22 7
695 742 19 10
695 779 11 6
696 697 45 6
696 698 25 8
696 703 24 10
696 758 43 9
697 698 45 3
697 704 7 2
697 705 27 9
697 706 39 2
697 707 47 1
697 708 5 2
697 709 9 10
697 715 42 1
697 730 31 2
697 740 48 10
697 779 25 2
698 710 14 3
698 711 39 1
698 712 28 3
698 713 11 2
698 714 35 7
698 717 27 8
698 755 3 1
715 716 45 7
715 717 46 5
715 718 46 6
715 719 15 7
715 720 24 8
715 721 14 4
715 722 37 7
715 723 6 1
715 724 16 5
715 725 2 8
715 730 30 5
715 742 1 2
715 758 18 7
716 717 32 7
716 726 16 9
716 727 32 7
716 740 42 8
716 776 28 6
717 728 38 1
717 729 7 2
717 731 10 2
717 776 24 10
721 734 34 2
730 731 32 10
730 732 18 6
730 733 42 8
730 734 46 10
730 742 2 2
730 758 34 8
730 779 11 7
731 735 32 9
731 736 24 9
731 737 30 1
731 738 16 2
731 739 42 1
731 741 11 4
731 757 1 3
731 777 30 1
735 747 16 5
740 741 50 2
740 742 15 2
740 743 2 4
740 744 31 9
740 745 41 3
740 746 26 5
740 747 18 9
740 748 31 7
740 749 4 6
740 755 43 9
740 757 5 4
740 775 26 6
740 776 29 4
741 742 48 2
741 750 17 10
741 751 24 7
741 752 32 6
741 753 18 1
742 754 30 8
748 780 42 5
755 756 11 4
755 757 4 2
755 758 49 2
755 759 29 8
755 760 15 7
756 757 24 6
756 758 32 9
756 761 47 5
756 762 6 3
756 763 2 9
756 764 7 5
756 765 38 1
756 766 27 3
756 778 41 6
757 758 34 5
757 767 39 7
757 768 44 1
757 777 47 7
758 769 11 10
758 770 5 1
758 771 50 7
758 772 4 5
758 773 46 6
758 774 5 7
759 772 33 3
775 776 48 1
775 777 18 4
775 778 32 5
775 779 36 1
775 780 26 8
775 781 37 3
775 782 22 2
775 783 34 9
775 784 9 1
776 777 14 6
776 778 34 7
776 779 14 9
776 785 28 1
777 778 14 9
777 779 17 5
777 786 23 6
777 787 37 8
777 788 39 10
778 779 32 5
778 789 23 8
778 790 38 10
778 791 43 1
778 792 13 10
779 793 31 10
779 794 8 3
779 795 50 9
779 796 16 7
779 797 37 8
779 798 29 2
779 799 42 9

0 123 26
1 44 45
2 80 18
3 476 44
4 40 34
5 571 29
6 677 20
7 489 16
8 361 8
9 490 14
10 9 7
11 295 21
12 708 13
13 368 10
14 130 23
15 19 27
16 546 32
17 767 10
18 515 42
19 581 6
20 92 2
21 237 19
22 491 68
23 743 2
24 420 9
25 747 62
26 752 8
27 437 41
28 537 17
29 549 8
30 404 27
31 64 4
32 194 14
33 483 21
34 174 26
35 523 9
36 192 30
37 156 60
38 228 18
39 410 16
40 326 25
41 662 19
42 599 13
43 666 65
44 521 44
45 362 9
46 749 27
47 626 5
48 321 13
49 218 9
50 365 15
51 450 16
52 193 27
53 37 25
54 493 1
55 612 25
56 318 28
57 224 81
58 480 11
59 547 57
60 400 11
61 335 1
62 431 4
63 269 33
64 148 7
65 702 5
66 227 6
67 657 26
68 334 6
69 209 8
70 104 7
71 26 21
72 34 56
73 33 30
74 277 2
75 679 24
76 143 81
77 737 7
78 719 7
79 182 14
80 168 17
81 424 89
82 185 6
83 723 3
84 508 9
85 510 35
86 706 11
87 452 3
88 325 7
89 682 16
90 8 47
91 382 22
92 635 10
93 774 17
94 725 7
95 63 22
96 782 10
97 358 26
98 704 52
99 435 7
100 443 12
101 407 33
102 216 17
103 371 37
104 477 33
105 467 19
106 51 34
107 456 9
108 132 48
109 703 15
110 323 1
111 471 54
112 27 60
113 219 46
114 638 38
115 667 8
116 370 33
117 354 34
118 413 83
119 791 23
120 299 1
121 482 11
122 468 1
123 548 11
124 654 4
125 236 34
126 225 35
127 414 55
128 589 12
129 770 9
130 290 19
131 694 32
132 6 34
133 7 30
134 38 21
135 397 14
136 327 9
137 357 1
138 753 12
139 53 19
140 60 10
141 586 59
142 234 39
143 179 22
144 524 25
145 150 12
146 522 35
147 43 1
148 5 27
149 514 18
150 786 35
151 28 29
152 416 21
153 145 44
154 309 22
155 186 37
156 356 16
157 554 53
158 458 26
159 648 4
160 273 3
161 366 70
162 15 55
163 106 35
164 389 19
165 308 14
166 659 15
167 710 4
168 93 28
169 71 21
170 213 13
171 129 46
172 440 2
173 402 13
174 315 33
175 119 25
176 4 112
177 688 23
178 324 44
179 658 21
180 363 2
181 159 59
182 203 32
183 597 17
184 18 29
185 107 18
186 529 17
187 144 3
188 147 32
189 793 81
190 353 21
191 121 8
192 746 16
193 152 3
194 170 20
195 634 20
196 36 42
197 773 22
198 473 41
199 141 52
200 74 20
201 208 5
202 505 27
203 451 28
204 355 29
205 584 29
206 128 5
207 419 18
208 122 11
209 65 24
210 585 17
211 297 4
212 409 47
213 191 21
214 780 22
215 372 32
216 551 2
217 95 67
218 553 18
219 268 2
220 668 23
221 247 8
222 42 25
223 785 7
224 784 21
225 14 23
226 447 16
227 154 9
228 29 4
229 190 12
230 769 11
231 81 29
232 621 16
233 72 15
234 69 47
235 754 13
236 448 17
237 579 30
238 582 15
239 664 21
240 605 40
241 110 24
242 570 2
243 445 19
244 140 46
245 518 17
246 61 38
247 212 17
248 188 1
249 644 27
250 566 13
251 588 19
252 211 29
253 606 45
254 406 17
255 680 1
256 31 16
257 543 26
258 25 7
259 180 17
260 513 12
261 52 12
262 54 36
263 155 26
264 506 12
265 674 24
266 421 64
267 30 33
268 328 16
269 229 55
270 744 27
271 329 33
272 539 26
273 99 39
274 649 25
275 417 19
276 678 26
277 486 3
278 304 10
279 217 13
280 183 28
281 263 24
282 787 23
283 519 28
284 239 19
285 596 22
286 580 52
287 676 5
288 732 5
289 133 39
290 87 20
291 639 27
292 381 25
293 683 35
294 105 18
295 340 64
296 336 19
297 446 9
298 565 27
299 516 95
300 244 24
301 320 18
302 367 2
303 275 7
304 509 21
305 380 10
306 142 3
307 583 20
308 552 25
309 572 10
310 479 24
311 587 49
312 91 40
313 423 22
314 733 72
315 322 46
316 364 11
317 610 8
318 796 5
319 487 15
