800 2706 320

0 25 200
1 50 400
2 100 1000
3 150 1600
4 200 2400
5 250 3000

0 1500
1 1500
2 1500
3 1000
4 1500
5 1500
6 2000
7 2000
8 1000
9 1500
10 2000
11 2000
12 1000
13 1500
14 2000
15 2000
16 2000
17 1000
18 500
19 500
20 1500
21 500
22 500
23 2000
24 2000
25 2000
26 2000
27 2000
28 2000
29 2000
30 1500
31 1500
32 1500
33 1500
34 1500
35 1500
36 2000
37 2000
38 1500
39 2000
40 2000
41 1500
42 1500
43 1500
44 2000
45 1000
46 2000
47 1000
48 1000
49 2000
50 1500
51 2000
52 1000
53 2000
54 2000
55 1000
56 1000
57 2000
58 2000
59 2000
60 1500
61 1500
62 1000
63 1500
64 1500
65 1000
66 1500
67 1500
68 2000
69 2000
70 1000
71 1000
72 2000
73 2000
74 1000
75 1500
76 2000
77 1000
78 1000
79 1000
80 2000
81 2000
82 2000
83 1000
84 1000
85 1500
86 1500
87 1500
88 1500
89 1500
90 1500
91 1500
92 2000
93 2000
94 2000
95 2000
96 2000
97 1000
98 1500
99 1000
100 2000
101 2000
102 2000
103 1500
104 2000
105 1000
106 2000
107 1500
108 2000
109 2000
110 2000
111 1000
112 2000
113 2000
114 1000
115 2000
116 2000
117 2000
118 2000
119 1000
120 1500
121 1000
122 1500
123 2000
124 1000
125 1500
126 1500
127 1000
128 1500
129 2000
130 1500
131 2000
132 1000
133 1500
134 1000
135 1500
136 1500
137 1500
138 1000
139 1000
140 2000
141 1000
142 2000
143 2000
144 1500
145 2000
146 1000
147 2000
148 2000
149 1000
150 1000
151 1000
152 1000
153 500
154 500
155 1500
156 2000
157 1500
158 1500
159 1000
160 1500
161 1500
162 1500
163 1000
164 1500
165 1000
166 2000
167 1000
168 1000
169 2000
170 1000
171 2000
172 1000
173 1500
174 2000
175 1000
176 1500
177 500
178 1500
179 1500
180 1500
181 2000
182 2000
183 2000
184 2000
185 1500
186 1500
187 1500
188 2000
189 2000
190 2000
191 2000
192 1000
193 2000
194 1500
195 1000
196 1000
197 1500
198 1000
199 2000
200 1500
201 2000
202 1000
203 2000
204 1000
205 1500
206 1500
207 1500
208 1500
209 1500
210 1500
211 1000
212 1500
213 1500
214 2000
215 1000
216 1500
217 1000
218 1500
219 1000
220 2000
221 2000
222 2000
223 2000
224 2000
225 1000
226 2000
227 2000
228 2000
229 1500
230 2000
231 2000
232 2000
233 2000
234 2000
235 1000
236 2000
237 1000
238 2000
239 1000
240 500
241 1500
242 2000
243 1000
244 2000
245 1000
246 1000
247 1000
248 1000
249 1500
250 1500
251 1500
252 1500
253 1000
254 2000
255 1500
256 1000
257 2000
258 1000
259 1000
260 1000
261 2000
262 1500
263 2000
264 2000
265 2000
266 2000
267 1500
268 1500
269 500
270 1500
271 1500
272 1500
273 1500
274 2000
275 2000
276 1000
277 2000
278 1500
279 1000
280 1000
281 1000
282 1000
283 2000
284 1500
285 1500
286 1500
287 2000
288 1000
289 2000
290 1500
291 2000
292 1000
293 2000
294 2000
295 1500
296 1000
297 2000
298 1000
299 1500
300 1500
301 1500
302 1500
303 1500
304 2000
305 1000
306 2000
307 2000
308 1500
309 1500
310 2000
311 1000
312 1000
313 2000
314 1500
315 2000
316 2000
317 1000
318 2000
319 2000
320 1500
321 1500
322 1500
323 1500
324 1500
325 1500
326 1000
327 2000
328 2000
329 1000
330 2000
331 2000
332 2000
333 1000
334 1000
335 2000
336 2000
337 1000
338 1000
339 2000
340 1500
341 2000
342 2000
343 2000
344 1500
345 2000
346 2000
347 2000
348 1000
349 2000
350 1500
351 1500
352 2000
353 1500
354 1000
355 2000
356 2000
357 2000
358 2000
359 2000
360 1500
361 1500
362 1500
363 1500
364 1000
365 1500
366 1500
367 1000
368 2000
369 2000
370 1000
371 2000
372 1000
373 2000
374 1000
375 1500
376 1500
377 1000
378 1500
379 2000
380 2000
381 1500
382 2000
383 2000
384 1000
385 2000
386 1500
387 2000
388 1000
389 2000
390 2000
391 2000
392 1500
393 2000
394 2000
395 1500
396 1500
397 1500
398 1500
399 2000
400 2000
401 1500
402 2000
403 2000
404 1500
405 2000
406 2000
407 2000
408 1500
409 1000
410 1000
411 1500
412 1500
413 1500
414 1500
415 1500
416 1500
417 1500
418 2000
419 1000
420 2000
421 2000
422 1000
423 1000
424 2000
425 1000
426 1000
427 1000
428 2000
429 2000
430 2000
431 1500
432 1000
433 2000
434 1500
435 1000
436 1000
437 2000
438 1500
439 1500
440 1500
441 1500
442 1500
443 2000
444 1000
445 2000
446 1500
447 1000
448 2000
449 2000
450 1500
451 1000
452 1000
453 1000
454 1500
455 1500
456 2000
457 2000
458 2000
459 1000
460 1500
461 2000
462 1500
463 1500
464 1500
465 500
466 1500
467 500
468 500
469 500
470 1000
471 1000
472 1500
473 2000
474 1000
475 1500
476 1500
477 1500
478 1500
479 1500
480 1000
481 2000
482 1500
483 1500
484 1500
485 1000
486 2000
487 2000
488 2000
489 1000
490 2000
491 1000
492 2000
493 2000
494 2000
495 2000
496 2000
497 1000
498 2000
499 1000
500 1000
501 1500
502 1500
503 1500
504 1500
505 1500
506 1000
507 1000
508 1500
509 2000
510 2000
511 2000
512 2000
513 1000
514 2000
515 1000
516 1000
517 2000
518 2000
519 2000
520 1500
521 2000
522 2000
523 2000
524 2000
525 1000
526 2000
527 2000
528 1500
529 1500
530 1500
531 1500
532 1000
533 1500
534 1500
535 1000
536 1500
537 1500
538 1500
539 1500
540 2000
541 1000
542 1500
543 2000
544 1500
545 1500
546 1000
547 1000
548 1000
549 2000
550 1500
551 1000
552 1000
553 2000
554 1000
555 2000
556 1000
557 2000
558 2000
559 1000
560 1500
561 2000
562 2000
563 2000
564 1500
565 1000
566 500
567 1500
568 1500
569 1500
570 2000
571 2000
572 1000
573 1000
574 2000
575 2000
576 2000
577 2000
578 1000
579 2000
580 1500
581 1500
582 1500
583 1500
584 1500
585 2000
586 2000
587 1000
588 2000
589 1500
590 1000
591 2000
592 1000
593 2000
594 1500
595 2000
596 1000
597 1000
598 1000
599 1000
600 1500
601 1500
602 1500
603 1500
604 2000
605 2000
606 2000
607 1500
608 1000
609 2000
610 1000
611 1000
612 2000
613 2000
614 2000
615 1500
616 2000
617 2000
618 2000
619 2000
620 1500
621 1500
622 1500
623 1500
624 1000
625 2000
626 1000
627 2000
628 2000
629 2000
630 1500
631 1000
632 1000
633 2000
634 2000
635 1000
636 1000
637 2000
638 2000
639 2000
640 2000
641 2000
642 1000
643 1000
644 500
645 1500
646 1500
647 1500
648 2000
649 1000
650 1000
651 2000
652 2000
653 2000
654 2000
655 1500
656 1500
657 2000
658 1000
659 2000
660 1500
661 1500
662 2000
663 1500
664 1500
665 2000
666 2000
667 1500
668 2000
669 1500
670 1500
671 2000
672 1500
673 1500
674 2000
675 1500
676 1000
677 1500
678 1500
679 1500
680 1500
681 2000
682 500
683 1500
684 1500
685 1000
686 2000
687 1500
688 1500
689 2000
690 1500
691 2000
692 1500
693 1500
694 2000
695 2000
696 1000
697 2000
698 2000
699 1500
700 2000
701 1000
702 1500
703 2000
704 2000
705 1500
706 1500
707 2000
708 2000
709 1000
710 2000
711 2000
712 2000
713 1500
714 1000
715 1500
716 1500
717 1500
718 1500
719 1000
720 1500
721 1500
722 1500
723 2000
724 2000
725 2000
726 1000
727 2000
728 2000
729 1500
730 1000
731 1500
732 2000
733 1000
734 1500
735 1000
736 1000
737 1000
738 2000
739 500
740 2000
741 1000
742 2000
743 1000
744 1500
745 1500
746 1500
747 1500
748 1500
749 2000
750 2000
751 2000
752 2000
753 2000
754 1500
755 2000
756 2000
757 1000
758 1000
759 2000
760 1000
761 2000
762 1000
763 1000
764 2000
765 1500
766 1500
767 1500
768 2000
769 2000
770 1000
771 2000
772 2000
773 1500
774 1000
775 2000
776 2000
777 2000
778 2000
779 1000
780 1500
781 1500
782 1500
783 1000
784 2000
785 1000
786 2000
787 2000
788 2000
789 2000
790 1000
791 2000
792 1500
793 2000
794 1500
795 1500
796 2000
797 1000
798 2000
799 1000

0 1 29 7
0 2 33 10
0 3 10 4
0 4 24 10
0 5 8 7
0 6 3 5
0 7 22 6
0 8 23 2
0 9 22 1
0 126 41 6
0 155 42 5
0 160 9 4
0 200 9 3
0 302 13 7
0 360 9 6
0 451 36 8
0 477 30 2
0 580 35 9
0 720 32 9
0 766 9 4
0 781 45 5
1 2 15 2
1 3 7 4
1 4 19 5
1 5 24 1
1 10 47 3
1 63 41 2
1 90 50 3
1 186 41 9
1 251 25 4
1 534 20 5
1 645 5 1
1 660 5 4
1 661 1 2
1 715 10 2
1 782 27 4
2 3 3 3
2 4 13 10
2 5 39 6
2 11 30 10
2 12 15 8
2 13 7 9
2 14 4 1
2 15 18 5
2 16 14 1
2 17 45 10
2 61 40 8
2 120 22 1
2 155 20 3
2 160 50 1
2 250 11 10
2 271 6 5
2 290 40 3
2 295 49 10
2 325 45 1
2 395 49 1
2 441 8 1
2 680 21 4
2 745 39 7
2 795 25 8
3 4 3 6
3 5 20 6
3 18 24 2
3 19 23 6
3 20 4 10
3 21 23 8
3 22 48 1
3 31 37 3
3 91 6 9
3 135 42 6
3 136 50 9
3 295 39 3
3 322 7 1
3 351 23 7
3 411 32 4
3 539 37 9
3 580 28 3
3 600 45 10
3 646 8 4
3 677 36 6
3 706 2 3
4 5 49 1
4 23 19 10
4 24 39 3
4 25 41 2
4 187 42 2
4 290 16 10
4 350 18 3
4 362 2 5
4 396 49 4
4 411 16 4
4 453 7 6
4 503 10 8
4 624 19 8
4 745 33 6
4 766 24 7
4 795 24 5
5 26 39 5
5 27 11 1
5 28 16 8
5 29 42 4
5 35 48 6
5 120 4 2
5 126 38 6
5 205 1 9
5 208 26 9
5 270 19 6
5 302 34 5
5 440 30 7
5 503 38 3
5 601 50 10
5 624 46 9
5 670 28 6
6 183 33 5
9 628 11 3
10 446 8 5
10 586 45 7
10 674 43 2
13 39 8 10
14 498 24 6
17 739 37 6
18 45 47 6
20 221 34 7
23 464 10 9
25 772 4 8
26 442 16 7
26 756 10 6
27 473 26 4
28 96 18 1
28 293 18 5
30 31 16 9
30 32 17 6
30 33 45 2
30 34 38 9
30 35 12 8
30 36 20 3
30 37 2 10
30 64 45 10
30 90 34 9
30 136 40 8
30 155 5 10
30 164 24 5
30 250 39 10
30 295 50 7
30 440 4 2
30 454 3 1
30 502 47 3
30 600 5 4
30 646 37 7
30 675 15 5
30 706 24 6
30 717 43 8
30 718 38 8
31 32 27 8
31 33 4 6
31 34 28 9
31 35 19 6
31 38 18 4
31 39 11 8
31 40 12 3
31 41 4 1
31 42 37 10
31 43 5 7
31 60 45 4
31 125 29 10
31 126 38 4
31 213 4 7
31 295 3 1
31 324 49 1
31 363 39 9
31 451 42 6
31 475 39 1
31 501 12 9
31 601 20 3
31 645 48 9
31 705 48 6
31 765 25 5
31 766 40 6
32 33 45 3
32 34 26 7
32 35 41 5
32 44 37 9
32 45 50 4
32 46 8 1
32 47 37 4
32 91 37 7
32 253 22 7
32 290 37 4
32 362 25 3
32 411 4 8
32 415 45 6
32 536 24 1
32 670 38 3
32 782 2 2
32 795 7 4
33 34 32 1
33 35 41 5
33 48 31 4
33 49 45 6
33 50 39 2
33 120 12 7
33 325 7 10
33 530 25 8
33 660 9 6
33 782 22 7
34 35 21 9
34 51 9 3
34 52 31 7
34 53 32 6
34 120 29 5
34 212 11 8
34 270 6 8
34 290 35 1
34 302 47 5
34 350 45 4
34 395 33 7
34 440 39 1
34 478 13 7
34 582 20 1
34 620 32 8
34 623 46 8
34 660 27 7
35 54 25 8
35 55 5 4
35 56 11 9
35 57 12 6
35 58 4 8
35 59 5 9
35 136 20 7
35 155 33 4
35 185 20 8
35 187 29 9
35 200 18 4
35 270 18 7
35 302 13 4
35 350 20 4
35 395 32 8
35 581 45 3
35 670 8 1
35 677 34 4
35 745 12 3
35 747 13 7
35 795 30 7
37 82 23 6
38 221 23 1
38 650 36 10
41 167 23 8
41 575 45 4
42 628 42 3
43 128 32 7
43 461 48 8
43 515 40 7
43 663 6 1
44 178 2 3
44 482 20 8
44 690 43 1
45 398 33 5
46 173 18 3
46 722 47 7
50 116 50 4
50 394 10 9
51 424 10 8
51 639 29 2
52 770 4 7
53 398 16 5
57 683 35 4
60 61 22 5
60 62 47 1
60 63 30 2
60 64 7 3
60 65 42 8
60 66 22 8
60 67 29 5
60 68 49 4
60 126 27 7
60 136 18 5
60 137 47 2
60 160 7 3
60 320 9 1
60 360 29 9
60 440 16 1
60 451 6 3
60 536 23 4
60 601 36 4
60 624 19 2
60 676 2 7
60 706 44 8
60 745 42 10
60 766 22 2
60 782 4 1
61 62 40 5
61 63 40 9
61 64 18 2
61 69 18 6
61 70 45 1
61 71 15 7
61 72 33 7
61 73 11 3
61 120 12 10
61 155 9 6
61 164 12 8
61 272 2 7
61 290 42 1
61 295 39 1
61 322 42 1
61 396 48 5
61 582 30 3
61 583 28 3
61 603 15 4
61 660 7 5
61 661 42 3
61 705 28 8
61 717 15 2
61 748 20 7
61 765 26 9
62 63 2 4
62 64 4 2
62 74 24 9
62 90 9 10
62 155 3 8
62 187 2 3
62 200 36 4
62 351 45 3
62 361 29 1
62 411 35 8
62 441 26 3
62 454 43 5
62 530 48 1
62 622 46 9
62 670 36 3
62 677 32 3
62 795 9 2
63 64 8 6
63 75 19 7
63 76 42 7
63 77 7 7
63 78 13 7
63 79 18 10
63 126 10 8
63 208 41 3
63 210 42 8
63 250 27 10
63 251 22 2
63 290 8 7
63 295 43 2
63 301 21 6
63 302 32 7
63 396 9 9
63 477 8 6
63 503 43 6
63 670 22 4
63 720 5 2
64 80 14 5
64 81 20 6
64 82 36 5
64 83 29 1
64 84 17 6
64 86 50 1
64 120 36 6
64 187 7 10
64 200 49 10
64 270 8 3
64 351 2 7
64 413 22 6
64 476 6 4
64 503 6 1
64 645 40 5
64 647 13 10
64 781 14 10
65 66 20 2
66 93 6 6
66 687 7 4
66 721 38 10
67 297 42 5
67 380 44 10
67 493 9 6
70 683 40 9
72 584 14 6
73 713 20 1
74 130 42 2
75 184 43 5
78 431 5 5
79 422 45 7
80 93 35 3
80 403 17 7
81 265 15 10
81 654 10 6
81 669 15 3
82 229 11 9
82 268 6 7
82 655 32 5
84 444 18 10
85 86 44 5
85 87 17 9
85 88 50 8
85 89 49 8
85 90 18 5
85 91 19 3
85 92 8 1
85 93 47 9
85 94 36 5
85 95 21 8
85 120 36 1
85 200 18 4
85 205 50 5
85 251 38 5
85 272 6 10
85 321 30 5
85 322 38 9
85 441 42 7
85 534 39 7
85 780 28 6
85 795 39 2
86 87 2 9
86 88 44 8
86 89 18 8
86 90 47 6
86 91 10 8
86 96 48 6
86 97 42 3
86 98 10 5
86 99 45 7
86 125 34 9
86 200 7 6
86 295 33 1
86 363 25 6
86 581 27 8
86 601 13 5
86 716 30 7
86 795 32 5
87 88 45 3
87 89 1 2
87 90 23 4
87 91 28 5
87 100 8 9
87 101 23 8
87 102 1 8
87 103 20 2
87 104 37 8
87 396 31 8
87 500 17 4
87 502 36 9
87 620 23 1
87 746 30 7
87 765 14 7
88 89 26 6
88 90 1 1
88 91 3 4
88 105 5 2
88 106 10 4
88 120 34 4
88 137 29 4
88 160 24 3
88 161 19 2
88 300 28 10
88 397 20 2
88 411 27 6
88 478 16 2
88 661 22 5
88 670 26 9
88 719 35 5
89 90 44 3
89 91 12 5
89 107 33 4
89 108 1 7
89 109 39 8
89 110 4 6
89 111 9 2
89 112 27 6
89 186 16 4
89 211 35 3
89 251 15 10
89 295 40 7
89 351 18 2
89 452 18 6
89 538 11 3
90 91 4 2
90 113 38 5
90 114 34 3
90 270 3 3
90 290 34 4
90 412 12 9
90 441 12 1
90 601 42 7
90 621 30 6
90 646 50 5
90 677 28 1
90 705 36 6
90 767 47 5
90 780 38 5
91 115 23 10
91 116 22 4
91 117 33 3
91 118 37 10
91 119 45 2
91 126 45 1
91 135 7 5
91 155 23 2
91 185 4 4
91 290 32 2
91 303 29 3
91 366 25 5
91 454 30 10
91 475 42 2
91 580 3 4
91 645 11 10
91 661 50 5
91 678 43 7
91 746 47 1
93 171 10 6
95 268 7 6
95 791 47 8
96 115 41 8
96 310 47 2
98 778 37 3
99 194 5 7
100 562 12 3
100 673 14 5
100 798 37 9
102 722 7 3
102 775 39 1
103 486 40 8
103 508 48 6
104 731 45 1
105 528 38 1
105 608 48 6
106 117 10 3
106 285 44 2
107 108 21 3
107 787 36 8
108 688 26 7
110 630 16 8
112 567 47 3
114 215 2 2
117 424 47 10
117 784 18 1
118 226 8 6
119 565 30 9
120 121 30 3
120 122 40 9
120 123 6 8
120 124 10 6
120 125 39 7
120 136 47 4
120 137 32 7
120 155 38 7
120 161 44 6
120 163 4 10
120 185 24 9
120 200 42 8
120 207 27 6
120 213 13 7
120 250 19 9
120 253 38 10
120 270 28 1
120 290 36 3
120 295 5 7
120 300 42 8
120 303 49 6
120 321 21 4
120 351 20 4
120 362 14 2
120 363 32 7
120 396 48 2
120 397 1 3
120 413 2 3
120 415 36 10
120 440 2 10
120 452 10 6
120 454 10 1
120 479 31 7
120 500 41 8
120 505 33 2
120 535 27 4
120 537 27 9
120 580 22 4
120 581 15 4
120 600 42 1
120 603 16 10
120 621 9 7
120 624 26 7
120 646 48 8
120 660 33 7
120 661 17 4
120 670 1 2
120 675 12 1
120 679 22 4
120 705 48 10
120 706 45 6
120 720 7 2
120 746 27 6
120 765 7 3
120 767 33 6
120 780 46 3
120 781 16 6
120 795 15 6
122 776 50 3
124 799 15 5
125 126 2 8
125 127 22 2
125 128 31 4
125 129 8 10
125 136 33 9
125 137 47 9
125 155 37 7
125 161 7 2
125 200 18 6
125 212 36 4
125 272 48 4
125 290 44 1
125 301 26 10
125 303 14 6
125 324 20 10
125 350 7 1
125 351 10 8
125 397 44 6
125 413 4 2
125 414 12 6
125 441 38 7
125 453 3 4
125 621 24 4
125 624 36 5
125 645 25 6
125 646 23 5
125 675 48 2
125 745 9 10
125 766 18 1
125 767 20 9
125 795 7 6
126 130 8 10
126 131 1 3
126 132 29 6
126 133 23 9
126 134 10 5
126 160 6 10
126 187 45 6
126 200 11 3
126 213 15 1
126 253 34 3
126 270 35 4
126 295 33 7
126 321 44 10
126 361 45 6
126 366 11 2
126 396 28 7
126 440 3 5
126 453 50 10
126 475 18 4
126 479 1 2
126 502 22 3
126 503 15 8
126 530 25 5
126 534 11 9
126 580 41 5
126 583 30 8
126 600 12 4
126 602 11 7
126 660 20 6
126 670 8 2
126 680 42 3
126 706 28 7
126 718 40 2
126 720 37 9
126 780 34 10
126 782 26 2
126 795 28 5
128 227 42 2
130 139 40 7
130 407 26 2
130 722 16 1
131 417 25 10
132 177 45 5
132 463 43 8
132 491 2 1
133 618 10 3
134 733 50 5
135 136 47 8
135 137 27 10
135 138 14 7
135 139 4 6
135 140 14 4
135 141 15 8
135 142 23 7
135 143 41 9
135 144 40 4
135 161 31 4
135 213 7 7
135 252 50 8
135 272 20 4
135 322 16 6
135 350 28 8
135 581 28 10
135 623 12 8
135 624 18 3
135 670 6 9
135 706 34 5
135 718 32 9
135 745 16 5
135 767 41 3
135 781 44 6
136 137 43 8
136 138 6 5
136 145 18 7
136 146 31 10
136 155 9 8
136 160 47 9
136 200 27 3
136 295 24 2
136 363 35 5
136 397 21 4
136 440 28 10
136 441 8 3
136 478 29 2
136 530 39 2
136 532 5 2
136 647 13 5
136 706 13 2
136 719 36 4
137 138 22 4
137 147 21 3
137 148 12 9
137 149 34 1
137 150 32 4
137 151 13 8
137 152 18 3
137 155 20 5
137 185 11 4
137 186 34 8
137 200 3 4
137 210 42 6
137 251 33 6
137 270 34 1
137 290 10 10
137 361 40 10
137 397 17 1
137 413 43 7
137 475 34 8
137 500 9 2
137 503 33 9
137 582 5 3
137 600 42 3
137 660 22 1
137 675 3 9
137 745 10 10
137 765 3 1
137 795 49 6
138 153 20 7
138 154 48 3
138 267 30 1
138 290 36 4
138 295 49 9
138 300 26 10
138 302 8 1
138 320 2 5
138 411 8 8
138 452 5 8
138 454 2 5
138 603 45 8
138 647 3 9
138 660 18 10
138 670 34 2
138 676 49 6
138 780 50 1
140 776 5 5
142 375 45 6
143 721 16 1
144 689 21 4
148 665 44 5
151 444 30 2
154 548 36 6
155 156 19 5
155 157 46 1
155 158 6 10
155 159 17 9
155 160 17 4
155 162 36 9
155 186 50 4
155 187 17 1
155 200 29 7
155 205 46 10
155 207 22 9
155 250 13 8
155 251 6 9
155 271 3 2
155 273 5 5
155 290 28 4
155 295 34 6
155 301 8 8
155 323 18 10
155 350 7 3
155 361 30 4
155 362 39 2
155 396 46 4
155 413 34 2
155 414 23 8
155 440 31 10
155 452 25 6
155 454 7 2
155 475 5 5
155 501 12 2
155 505 17 6
155 531 13 1
155 534 36 8
155 580 21 8
155 600 48 6
155 602 31 10
155 620 24 10
155 624 12 8
155 646 49 6
155 660 9 6
155 670 22 9
155 675 3 7
155 706 1 6
155 717 49 7
155 720 31 5
155 747 17 4
155 766 12 10
155 767 2 3
155 780 6 2
155 782 1 3
155 795 2 6
156 593 36 8
157 665 10 7
158 558 29 9
160 161 5 8
160 162 10 7
160 163 3 8
160 164 21 7
160 165 2 3
160 166 4 3
160 167 49 10
160 168 27 10
160 206 3 8
160 252 47 6
160 272 41 5
160 290 48 1
160 295 16 6
160 361 2 6
160 453 23 9
160 645 15 1
160 745 35 9
161 162 1 4
161 163 9 7
161 164 48 4
161 169 5 3
161 170 18 2
161 171 46 4
161 172 17 5
161 323 39 5
161 350 15 2
161 397 18 1
161 411 10 10
161 441 46 5
161 580 34 7
161 620 49 5
161 705 48 3
161 717 21 8
161 767 19 8
161 780 23 6
162 163 38 7
162 164 7 2
162 173 14 3
162 174 32 9
162 175 16 10
162 176 45 1
162 200 38 10
162 272 47 10
162 300 24 6
162 302 50 6
162 360 19 2
162 397 29 8
162 505 4 3
162 602 37 1
162 603 21 6
162 661 19 2
162 670 50 10
162 675 19 4
162 718 16 7
162 766 15 1
162 795 27 3
163 164 3 5
163 177 45 1
163 186 47 2
163 295 38 2
163 323 13 10
163 350 43 1
163 412 5 9
163 441 1 3
163 453 22 2
163 479 16 5
163 504 39 1
163 535 27 1
163 581 45 1
163 621 23 6
163 661 32 10
163 675 16 4
163 705 20 10
163 747 35 5
163 780 48 9
164 178 32 4
164 179 38 7
164 180 27 5
164 181 15 5
164 182 2 2
164 183 24 4
164 184 47 6
164 185 11 2
164 210 24 9
164 252 19 8
164 290 35 8
164 475 15 4
164 533 14 5
164 646 16 9
164 670 49 1
166 721 9 4
168 790 43 7
169 439 44 9
174 461 8 2
176 223 4 3
178 749 42 2
179 193 6 10
180 457 4 10
183 560 3 8
185 186 19 8
185 187 46 9
185 188 18 6
185 200 6 5
185 295 4 3
185 300 12 3
185 302 49 3
185 351 5 1
185 396 33 5
185 413 32 3
185 415 4 6
185 505 27 7
185 534 17 7
185 660 32 10
185 719 2 7
185 766 12 9
186 187 11 7
186 189 26 7
186 190 18 9
186 191 46 8
186 192 1 2
186 193 9 3
186 194 42 2
186 270 29 9
186 290 18 10
186 295 15 6
186 321 4 9
186 351 44 1
186 364 25 3
186 366 44 7
186 440 36 3
186 451 20 5
186 477 2 10
186 505 43 10
186 537 33 3
186 581 25 1
186 660 2 6
186 670 7 3
186 678 44 6
186 706 30 9
186 716 35 5
186 765 6 2
187 195 19 1
187 196 37 7
187 197 15 3
187 198 31 10
187 199 30 10
187 206 4 7
187 210 37 9
187 250 23 8
187 251 1 10
187 272 30 7
187 290 13 5
187 325 44 1
187 397 37 10
187 440 41 1
187 451 46 5
187 476 15 10
187 582 15 3
187 601 48 4
187 623 50 1
187 624 40 8
187 645 24 10
187 647 39 10
187 670 1 8
187 675 25 1
187 705 12 9
187 747 25 10
187 748 39 2
187 780 34 9
187 781 19 4
187 795 37 4
188 734 45 9
189 255 1 9
190 353 10 8
191 349 35 5
191 542 29 3
193 651 32 6
194 406 28 8
194 778 37 2
196 204 45 1
196 730 15 3
197 495 29 7
199 226 46 9
200 201 9 4
200 202 15 3
200 203 30 4
200 204 22 5
200 207 22 4
200 208 32 7
200 251 31 7
200 271 25 4
200 272 35 3
200 290 37 6
200 295 15 9
200 300 28 7
200 301 20 4
200 323 41 2
200 325 19 4
200 350 3 7
200 351 16 5
200 366 5 1
200 395 35 7
200 397 27 2
200 411 24 2
200 414 47 9
200 440 47 5
200 450 33 2
200 451 10 7
200 475 42 2
200 479 8 3
200 500 47 9
200 501 28 5
200 531 7 7
200 538 31 9
200 581 12 3
200 582 4 8
200 601 22 10
200 603 50 10
200 620 24 9
200 623 13 2
200 645 46 6
200 647 31 4
200 660 45 10
200 661 34 8
200 670 27 2
200 677 20 1
200 678 43 1
200 705 12 4
200 719 8 2
200 746 28 3
200 747 47 8
200 765 12 1
200 767 13 2
200 781 16 4
200 782 19 5
200 795 18 2
205 206 5 8
205 207 41 9
205 208 44 4
205 209 9 5
205 210 25 7
205 211 39 5
205 212 43 6
205 213 23 4
205 214 21 4
205 215 49 3
205 216 37 5
205 217 12 2
205 218 26 7
205 219 20 6
205 290 34 3
205 323 33 6
205 364 33 2
205 366 13 3
205 415 39 7
205 453 3 6
205 580 37 9
205 645 2 5
205 716 44 4
205 765 12 2
205 780 43 6
206 207 27 10
206 208 13 5
206 209 19 6
206 210 28 8
206 211 33 1
206 212 32 10
206 213 36 4
206 220 3 6
206 270 31 10
206 300 50 2
206 351 38 6
206 414 33 1
206 501 24 1
206 601 16 6
206 748 36 1
206 795 23 3
207 208 5 5
207 209 31 3
207 210 46 1
207 211 10 3
207 212 4 9
207 213 17 10
207 221 50 4
207 222 11 2
207 223 48 8
207 224 16 1
207 301 8 2
207 325 7 3
207 440 10 7
207 500 5 6
207 535 23 4
207 660 33 6
207 670 8 7
207 782 37 9
208 209 4 1
208 210 28 7
208 211 4 2
208 212 39 7
208 213 42 9
208 225 45 10
208 226 10 10
208 227 8 8
208 228 49 6
208 229 37 1
208 230 25 3
208 295 24 3
208 476 5 3
208 622 24 8
208 623 24 8
208 661 8 2
208 705 17 7
209 210 6 8
209 211 42 7
209 212 22 2
209 213 22 1
209 231 4 7
209 232 30 3
209 233 25 9
209 234 36 1
209 679 2 4
210 211 38 2
210 212 45 4
210 213 21 10
210 235 36 6
210 236 16 4
210 237 13 1
210 238 20 7
210 239 49 8
210 253 17 3
210 395 24 9
210 475 36 10
210 601 19 2
211 212 38 1
211 213 39 10
211 240 31 7
211 295 49 3
211 441 8 1
211 676 18 1
211 715 42 3
211 765 37 1
212 213 37 6
212 241 31 6
212 242 2 5
212 272 23 1
212 534 45 3
212 706 22 2
212 748 1 7
213 243 23 6
213 244 20 2
213 245 9 1
213 246 23 8
213 247 15 3
213 248 21 3
213 249 9 9
213 253 33 8
213 290 25 10
213 351 3 4
213 453 43 1
213 647 47 5
213 670 30 4
213 795 41 3
214 297 12 1
216 220 49 9
217 235 49 10
218 524 19 8
220 455 43 1
221 381 10 3
221 462 43 5
221 687 24 1
223 291 34 2
223 569 44 9
227 712 22 1
229 245 19 4
230 416 40 2
236 637 48 2
237 484 40 7
241 707 29 4
242 368 27 8
247 699 19 8
248 344 30 4
249 274 7 3
249 571 24 7
250 251 14 3
250 252 44 2
250 253 23 1
250 254 6 6
250 255 5 9
250 256 46 4
250 257 7 2
250 258 21 4
250 295 28 4
250 441 5 8
250 479 4 2
250 500 2 6
250 580 49 2
250 646 20 4
250 705 27 4
250 719 38 8
250 795 28 8
251 252 15 7
251 253 24 2
251 259 21 4
251 260 5 10
251 261 35 3
251 262 20 7
251 263 46 10
251 272 7 3
251 290 5 2
251 295 39 4
251 302 34 4
251 395 47 2
251 396 31 2
251 414 35 9
251 441 33 9
251 475 43 8
251 533 5 5
251 705 30 5
251 781 4 6
252 253 43 9
252 264 19 4
252 265 19 8
252 266 21 4
252 267 12 7
252 270 18 10
252 290 33 5
252 302 2 2
252 320 40 5
252 361 18 10
252 413 36 9
252 451 38 3
252 500 14 6
252 582 18 3
252 600 47 9
252 621 29 3
252 624 7 1
252 660 34 4
252 661 21 7
252 670 4 5
252 675 50 3
252 745 13 8
252 766 45 10
253 268 29 1
253 269 41 7
253 323 39 1
253 350 33 5
253 364 4 7
253 451 6 1
253 532 20 8
253 600 25 9
253 645 49 5
253 676 14 10
253 719 41 2
253 746 4 1
253 781 15 9
253 795 42 8
259 375 26 7
262 694 2 7
264 267 42 1
264 616 28 10
267 496 26 9
268 507 20 2
270 271 13 3
270 272 22 3
270 273 38 3
270 274 43 10
270 275 11 8
270 276 19 3
270 277 6 7
270 278 30 1
270 290 26 6
270 295 17 5
270 364 2 8
270 440 11 9
270 451 39 8
270 501 41 6
270 581 2 8
270 583 15 10
270 646 28 6
270 660 26 2
270 705 18 8
270 747 15 6
270 780 2 6
270 795 32 8
271 272 16 3
271 273 19 3
271 279 30 3
271 280 47 2
271 281 37 2
271 282 23 6
271 283 39 10
271 324 18 6
271 366 47 8
271 410 43 7
271 478 26 10
271 539 17 5
271 601 50 10
271 679 37 1
271 680 2 2
271 716 31 6
271 747 17 6
271 795 2 7
272 273 37 3
272 284 43 6
272 285 33 6
272 286 13 4
272 287 45 5
272 295 44 7
272 300 8 6
272 323 31 10
272 351 7 5
272 396 27 2
272 454 43 2
272 478 3 9
272 503 37 9
272 539 13 4
272 661 45 10
272 670 3 2
272 717 45 6
272 765 45 5
272 780 23 1
273 288 40 10
273 289 19 10
273 290 12 5
273 351 10 2
273 397 9 6
273 415 35 4
273 440 9 9
273 603 33 6
273 623 9 5
273 645 39 4
273 670 10 6
273 705 24 4
273 767 35 10
275 294 48 7
278 759 17 7
281 439 18 1
282 650 48 3
283 584 46 8
284 709 1 6
284 752 42 1
286 616 7 5
288 560 18 9
290 291 15 3
290 292 32 1
290 293 21 6
290 294 37 2
290 295 10 9
290 301 14 4
290 302 9 4
290 322 41 1
290 325 41 7
290 350 41 4
290 351 17 8
290 361 13 1
290 365 40 4
290 397 14 5
290 412 24 6
290 415 42 4
290 441 24 7
290 453 3 3
290 454 27 1
290 475 12 4
290 479 10 8
290 503 21 2
290 504 26 2
290 531 10 9
290 537 24 3
290 580 1 8
290 583 46 1
290 600 28 1
290 603 15 10
290 621 47 1
290 624 5 6
290 647 47 5
290 660 5 3
290 670 8 5
290 676 17 2
290 678 10 5
290 705 41 6
290 706 11 8
290 718 3 8
290 719 34 5
290 745 12 5
290 748 16 6
290 765 3 2
290 767 21 6
290 781 40 2
290 795 5 10
291 346 2 2
295 296 49 8
295 297 22 6
295 298 8 9
295 299 13 3
295 301 6 5
295 321 9 5
295 324 35 6
295 351 30 3
295 360 36 2
295 396 6 9
295 412 23 7
295 414 25 9
295 441 45 2
295 450 5 7
295 454 41 4
295 478 25 8
295 479 20 1
295 502 47 8
295 504 9 5
295 536 26 3
295 538 2 5
295 582 48 4
295 600 41 2
295 602 23 10
295 624 18 10
295 645 10 4
295 647 39 4
295 660 24 4
295 661 3 7
295 670 35 8
295 676 13 10
295 679 44 8
295 705 1 1
295 706 21 5
295 717 10 9
295 720 2 8
295 745 34 2
295 748 4 8
295 766 27 3
295 780 24 9
295 781 40 2
295 795 3 5
298 312 34 4
299 406 1 7
300 301 20 4
300 302 46 7
300 303 33 6
300 304 13 5
300 305 15 7
300 306 36 5
300 307 50 1
300 308 16 10
300 322 18 10
300 350 48 2
300 477 4 3
300 501 29 5
300 502 5 6
300 581 31 3
300 706 14 6
300 747 39 2
300 767 19 1
301 302 1 8
301 303 26 8
301 309 40 9
301 310 32 3
301 311 27 1
301 312 5 9
301 361 1 6
301 396 11 3
301 412 30 6
301 414 25 1
301 440 38 7
301 602 23 2
301 622 3 9
301 647 12 7
301 661 17 5
301 678 3 9
301 748 30 2
301 795 29 10
302 303 4 2
302 313 8 9
302 314 22 9
302 315 10 4
302 351 34 5
302 363 41 3
302 451 38 7
302 454 43 10
302 477 46 8
302 531 2 10
302 534 32 9
302 580 5 3
302 624 29 2
302 645 14 7
302 660 7 6
302 670 44 9
302 706 33 7
302 717 33 6
302 765 13 4
302 781 42 7
303 316 42 4
303 317 37 7
303 318 7 1
303 319 22 2
303 325 47 2
303 397 50 10
303 440 26 10
303 535 22 1
303 600 19 6
303 670 38 3
303 680 8 2
303 715 21 5
303 781 31 9
303 795 30 10
304 386 50 1
306 342 29 8
306 378 18 7
307 638 9 1
308 521 39 5
309 430 25 1
309 671 4 2
313 492 23 1
314 796 47 4
318 439 42 7
319 368 41 3
319 666 12 10
320 321 39 10
320 322 28 2
320 323 45 4
320 324 24 4
320 325 5 9
320 326 15 9
320 327 15 4
320 362 16 8
320 411 13 1
320 451 50 4
320 477 30 7
320 500 9 4
320 602 48 5
320 678 3 3
320 718 35 2
320 745 1 3
320 781 41 6
321 322 24 1
321 323 22 2
321 324 3 10
321 325 34 1
321 328 9 4
321 532 40 2
321 583 39 9
321 622 7 8
321 647 24 2
321 660 13 10
321 795 24 4
322 323 10 2
322 324 39 7
322 325 41 6
322 329 27 6
322 330 11 5
322 331 48 9
322 332 26 3
322 333 10 3
322 334 24 6
322 397 47 1
322 412 20 5
322 441 2 4
322 670 6 7
322 705 28 2
322 746 5 9
322 766 20 10
323 324 42 2
323 325 49 1
323 335 22 5
323 336 49 10
323 337 50 9
323 338 2 1
323 339 15 10
323 340 12 9
323 504 8 4
323 534 33 9
323 602 9 7
323 660 12 4
323 670 15 3
323 706 20 1
323 720 16 2
323 765 23 4
324 325 15 5
324 341 44 9
324 342 41 6
324 343 27 3
324 344 12 3
324 345 2 10
324 346 14 4
324 351 31 3
324 452 46 1
324 476 35 8
324 580 45 10
324 675 11 4
325 347 5 2
325 348 16 8
325 349 22 10
325 363 24 7
325 397 5 8
325 620 17 6
325 645 37 3
325 781 2 10
325 795 43 3
328 463 35 4
328 472 17 7
331 740 44 6
335 672 46 10
337 743 46 8
339 656 33 7
340 704 20 7
341 487 39 3
341 773 46 7
344 555 25 2
346 484 10 7
350 351 40 7
350 352 42 8
350 353 27 8
350 354 6 1
350 355 16 8
350 365 2 9
350 397 26 9
350 412 33 7
350 415 7 10
350 440 11 9
350 450 49 9
350 454 19 6
350 478 15 10
350 530 35 5
350 583 7 2
350 623 21 5
350 645 26 6
350 647 49 4
350 661 48 6
350 670 36 5
350 679 43 4
350 680 14 9
350 706 19 6
350 719 16 9
350 746 20 3
350 767 28 1
350 782 13 2
350 795 33 5
351 356 31 9
351 357 8 1
351 358 8 8
351 359 27 4
351 360 37 4
351 395 17 8
351 440 43 8
351 476 27 2
351 502 29 2
351 505 40 1
351 532 18 1
351 580 12 7
351 601 44 8
351 602 11 3
351 620 2 8
351 661 14 6
351 670 31 6
351 705 20 6
351 716 2 3
351 746 24 4
351 766 50 1
351 782 10 10
353 723 14 6
360 361 48 1
360 362 35 7
360 363 7 4
360 364 5 10
360 365 25 2
360 366 12 1
360 367 27 5
360 368 24 8
360 369 49 10
360 370 13 9
360 371 3 9
360 372 16 6
360 397 20 10
360 454 30 3
360 533 27 6
360 795 49 4
361 362 50 3
361 363 28 9
361 364 12 1
361 365 9 10
361 366 35 10
361 373 24 1
361 374 23 3
361 375 50 10
361 376 33 6
361 377 2 5
361 441 3 3
361 602 15 3
361 670 30 10
361 782 38 8
362 363 4 2
362 364 8 7
362 365 44 10
362 366 23 6
362 378 35 10
362 379 43 6
362 380 28 8
362 397 37 3
362 454 45 2
362 538 11 5
362 582 13 10
362 645 31 2
362 647 50 2
362 661 29 10
362 677 29 8
362 780 37 10
362 795 1 7
363 364 45 8
363 365 32 4
363 366 39 8
363 381 45 1
363 382 23 7
363 383 32 3
363 384 16 7
363 385 43 8
363 411 14 10
363 412 13 7
363 705 12 3
363 715 19 9
363 719 31 10
363 747 34 8
363 765 15 3
364 365 36 4
364 366 21 10
364 386 8 5
364 503 45 9
364 580 30 7
364 601 20 5
364 621 8 7
364 745 4 10
364 765 44 7
365 366 44 3
365 387 4 1
365 388 7 1
365 500 48 9
365 623 19 1
366 389 24 9
366 390 14 6
366 391 32 1
366 392 7 1
366 393 11 4
366 394 41 3
366 440 31 10
366 475 44 10
366 479 32 5
366 661 5 4
366 675 49 9
366 705 15 8
367 636 6 1
368 483 15 2
369 614 4 1
370 489 39 4
375 385 27 4
376 529 34 4
376 574 42 9
381 641 12 8
383 614 37 2
383 694 39 8
385 568 47 9
387 460 30 4
387 672 30 2
390 404 48 7
392 515 47 8
392 549 37 8
395 396 28 9
395 397 47 7
395 398 10 9
395 399 10 2
395 400 20 1
395 401 44 6
395 453 43 5
395 477 16 2
395 582 15 5
395 600 45 6
395 622 7 9
395 645 11 2
395 661 3 8
395 670 43 1
395 677 48 2
395 706 35 1
395 765 14 8
395 767 49 9
395 780 15 7
395 795 20 2
396 397 6 7
396 402 29 3
396 415 9 1
396 475 18 8
396 501 50 9
396 533 19 8
396 602 21 2
396 622 39 5
396 645 13 5
396 660 9 6
396 670 23 4
396 679 37 9
396 705 21 7
396 745 44 5
396 795 1 2
397 403 14 4
397 404 10 2
397 405 43 3
397 406 39 2
397 407 14 6
397 408 19 10
397 409 28 3
397 414 6 7
397 440 34 10
397 453 16 9
397 500 13 1
397 537 30 8
397 580 6 1
397 715 46 8
397 719 7 8
397 745 1 3
399 692 40 8
400 438 50 3
401 653 14 5
401 696 11 10
404 671 8 9
404 690 29 1
405 692 5 7
405 724 10 3
408 628 45 8
410 411 39 8
410 412 10 3
410 413 37 1
410 414 27 9
410 415 45 6
410 416 39 10
410 454 40 3
410 660 6 10
411 412 43 9
411 413 24 7
411 414 27 7
411 415 17 10
411 417 26 2
411 418 46 9
411 419 44 4
411 420 48 7
411 453 47 10
411 503 15 5
411 581 10 9
411 720 9 10
411 780 8 4
412 413 6 4
412 414 14 5
412 415 27 5
412 421 47 2
412 422 10 3
412 423 43 8
412 424 5 1
412 425 25 1
412 766 29 10
412 781 14 6
413 414 31 9
413 415 10 10
413 426 11 3
413 427 42 5
413 428 44 7
413 429 12 3
413 477 11 5
413 479 37 5
413 580 25 7
413 620 35 10
413 646 7 6
413 680 19 8
413 715 6 8
413 795 44 2
414 415 32 4
414 430 17 8
414 431 6 5
414 432 8 1
414 433 37 7
414 434 37 8
414 441 21 9
414 505 7 4
414 539 33 6
414 670 30 6
414 678 38 8
414 705 30 1
415 435 24 3
415 436 24 6
415 437 43 2
415 438 2 6
415 439 17 6
415 441 49 8
415 533 4 4
415 601 25 5
415 603 5 3
415 646 13 9
415 660 15 10
415 670 28 9
415 706 31 1
415 745 49 4
415 748 22 2
415 765 47 3
415 795 1 2
420 607 10 6
425 551 14 5
425 594 21 7
426 471 48 4
430 466 17 5
430 529 18 4
431 498 9 4
433 487 12 10
434 522 6 8
440 441 14 8
440 442 24 3
440 443 48 8
440 444 44 1
440 445 17 10
440 453 41 4
440 454 40 9
440 478 5 9
440 500 37 2
440 581 38 4
440 600 45 4
440 622 3 2
440 645 16 9
440 660 28 3
440 670 48 1
440 680 31 3
440 705 3 5
440 718 30 2
440 720 45 3
440 745 20 10
440 747 12 7
440 781 25 5
440 782 12 4
440 795 46 4
441 446 6 10
441 447 6 7
441 448 10 6
441 449 34 4
441 475 31 7
441 503 45 5
441 530 29 10
441 536 37 6
441 582 12 1
441 600 1 1
441 622 34 2
441 646 2 4
441 661 4 3
441 670 7 7
441 677 35 6
441 706 14 7
441 765 45 5
441 795 7 9
442 527 22 7
450 451 30 10
450 452 49 7
450 453 25 10
450 454 12 4
450 455 14 3
450 456 17 5
450 457 6 1
450 458 21 6
450 459 39 9
450 460 32 4
450 461 46 5
450 505 5 3
450 581 43 7
450 645 49 8
450 705 49 2
450 715 10 1
451 452 34 1
451 453 12 1
451 454 24 3
451 462 44 3
451 463 37 4
451 464 3 2
451 476 5 5
451 477 4 5
451 536 39 3
451 670 31 4
451 766 42 6
451 782 30 7
451 795 20 5
452 453 32 9
452 454 24 5
452 465 36 5
452 466 4 8
452 467 10 4
452 468 40 8
452 602 13 8
452 661 43 3
452 715 14 4
452 780 38 5
453 454 38 8
453 469 4 10
453 504 4 4
453 601 37 5
453 622 45 3
453 670 1 6
453 677 45 3
453 705 9 9
454 470 2 6
454 471 10 7
454 472 32 8
454 473 35 5
454 474 38 8
454 539 1 1
454 583 25 5
454 645 47 5
454 660 48 8
454 678 3 9
454 745 36 2
454 765 7 8
454 795 28 3
457 607 2 7
458 710 16 2
462 636 29 3
463 561 34 8
464 577 42 4
469 546 25 9
470 566 20 8
470 599 49 10
471 568 6 7
473 564 41 10
473 614 24 10
475 476 40 3
475 477 29 7
475 478 15 8
475 479 30 1
475 480 25 3
475 481 9 8
475 482 42 8
475 483 39 7
475 600 8 2
475 620 29 7
475 645 23 7
475 670 21 8
475 766 48 6
476 477 25 8
476 478 11 8
476 479 16 9
476 484 49 4
476 485 49 6
476 486 15 1
476 487 31 2
476 500 47 4
476 645 25 4
476 717 40 10
476 746 12 6
476 747 37 8
476 782 13 9
477 478 44 10
477 479 45 9
477 488 1 1
477 489 21 4
477 490 25 8
477 491 13 4
477 492 41 6
477 493 1 3
477 537 23 2
477 539 23 10
477 660 32 6
477 670 36 4
477 706 12 10
478 479 44 6
478 494 2 2
478 495 28 4
478 496 39 9
478 497 40 4
478 500 25 1
478 582 25 8
478 621 44 4
478 795 32 4
479 498 21 10
479 499 29 7
479 581 39 4
479 602 49 4
479 660 42 1
479 676 27 4
479 677 45 8
479 720 45 9
479 782 13 6
479 795 50 2
484 685 21 10
487 586 3 2
492 721 40 8
493 625 11 6
495 639 14 1
500 501 5 1
500 502 8 3
500 503 27 1
500 504 33 3
500 505 17 5
500 506 19 10
500 507 47 2
500 508 10 10
500 581 34 2
500 746 27 5
501 502 41 2
501 503 23 7
501 504 33 6
501 505 22 10
501 509 23 1
501 510 31 4
501 603 22 9
501 670 37 1
501 780 36 1
501 795 16 8
502 503 48 9
502 504 23 10
502 505 23 1
502 511 5 7
502 537 44 4
502 623 25 8
502 670 47 6
502 715 21 9
502 717 8 9
503 504 14 4
503 505 10 9
503 512 34 8
503 513 2 2
503 514 21 2
503 515 30 1
503 516 20 1
503 517 42 3
503 582 9 5
503 675 32 3
503 706 28 8
503 748 5 3
503 766 29 8
503 795 46 1
504 505 33 5
504 518 19 2
504 519 35 5
504 520 31 4
504 521 39 9
504 522 47 4
504 601 41 6
504 660 4 4
504 706 8 1
504 781 43 6
505 523 19 1
505 524 1 9
505 525 44 1
505 526 13 9
505 527 20 3
505 528 4 6
505 529 9 3
505 535 49 2
505 622 33 5
505 645 12 5
505 647 5 2
505 679 15 8
505 766 36 1
506 545 40 6
507 546 15 5
508 712 31 5
508 792 11 6
511 545 18 2
518 528 39 3
520 761 12 4
524 772 6 10
526 724 9 7
530 531 23 3
530 532 47 8
530 533 3 4
530 534 11 4
530 535 7 3
530 536 41 10
530 537 32 8
530 538 13 10
530 539 11 9
530 540 36 6
530 541 50 4
530 542 35 6
530 543 16 5
530 782 34 5
531 532 38 2
531 533 17 6
531 534 30 4
531 535 46 3
531 536 19 10
531 537 50 7
531 538 20 5
531 539 5 4
531 544 9 10
531 545 40 10
531 546 7 4
531 547 16 5
531 548 25 9
531 549 5 3
531 623 39 3
531 706 40 9
531 746 1 7
532 533 8 10
532 534 8 1
532 535 22 8
532 536 17 9
532 537 15 4
532 538 13 9
532 539 50 7
532 550 4 8
532 583 30 10
532 720 40 8
533 534 35 9
533 535 32 4
533 536 42 7
533 537 12 2
533 538 47 10
533 539 41 5
533 551 14 5
533 552 36 4
533 553 29 6
533 554 46 4
533 555 23 4
533 556 47 2
533 557 16 5
533 558 11 1
533 559 35 10
533 560 21 5
533 561 35 3
533 645 7 5
533 670 11 10
533 747 39 1
533 767 2 8
533 795 25 1
534 535 13 8
534 536 4 2
534 537 43 1
534 538 26 1
534 539 49 7
534 562 49 1
534 563 38 7
534 564 35 8
534 565 31 3
534 603 7 9
534 647 14 1
535 536 18 2
535 537 50 5
535 538 45 9
535 539 49 8
535 566 46 4
535 675 42 1
535 781 50 10
536 537 46 10
536 538 49 9
536 539 43 5
536 567 22 5
536 568 40 6
536 569 50 9
536 570 45 7
536 676 16 1
536 705 23 2
536 765 43 9
537 538 14 5
537 539 17 6
537 571 24 6
537 572 35 8
537 573 33 5
537 574 35 4
537 582 33 4
537 620 45 1
537 660 46 1
538 539 20 5
538 575 5 9
538 576 12 7
538 577 3 5
538 603 39 4
538 670 18 1
538 715 25 3
539 578 15 2
539 579 10 9
539 660 5 8
540 594 33 5
544 640 2 3
550 633 37 2
557 689 7 10
557 695 5 9
567 568 30 2
567 643 10 10
574 495 9 9
574 784 43 5
580 581 27 3
580 582 47 2
580 583 16 4
580 584 14 4
580 585 43 9
580 645 13 10
580 670 44 3
580 676 38 2
580 679 2 9
580 767 37 1
580 780 16 8
580 795 12 4
581 582 46 5
581 583 18 2
581 586 5 8
581 587 17 6
581 588 23 2
581 600 46 8
581 624 10 9
581 647 39 6
581 720 5 7
581 748 11 2
581 767 10 10
581 795 44 7
582 583 12 6
582 589 49 8
582 590 10 5
582 591 14 6
582 592 7 8
582 593 7 3
582 603 21 6
582 661 31 10
582 719 14 3
582 748 21 4
582 780 28 5
583 594 32 8
583 595 46 2
583 596 15 2
583 597 38 4
583 598 24 5
583 599 14 6
583 621 17 10
583 661 43 8
583 705 31 1
583 706 3 10
586 653 44 8
587 644 40 3
589 627 42 3
600 601 37 2
600 602 25 3
600 603 31 4
600 604 35 8
600 605 1 4
600 622 15 5
600 623 17 5
600 645 12 5
600 661 34 5
600 766 16 1
600 781 24 6
601 602 48 4
601 603 31 3
601 606 5 10
601 607 29 3
601 608 40 4
601 609 50 9
601 610 20 7
601 675 14 3
601 678 9 1
601 706 47 2
601 745 23 10
602 603 38 1
602 611 47 8
602 612 46 7
602 613 39 2
602 614 6 1
602 615 16 7
602 616 44 9
602 617 19 3
602 618 19 1
602 670 42 1
602 716 22 2
602 767 4 7
603 619 12 8
603 646 1 6
603 661 1 10
603 670 22 9
603 706 19 7
603 720 28 7
603 748 4 1
603 780 11 6
603 795 16 9
604 665 43 3
604 792 48 2
613 699 27 1
615 787 25 6
617 628 50 7
620 621 43 3
620 622 41 5
620 623 5 2
620 624 22 4
620 625 38 2
620 626 46 4
620 645 30 6
620 670 13 8
620 780 43 4
621 622 29 5
621 623 43 9
621 624 28 5
621 627 50 9
621 675 24 9
621 718 25 10
621 746 17 8
621 795 31 2
622 623 45 9
622 624 44 1
622 628 8 7
622 629 18 2
622 630 29 8
622 631 39 10
622 632 33 8
622 633 49 9
622 634 11 2
622 635 47 7
622 636 36 10
622 646 45 9
622 660 4 5
622 661 28 8
622 705 33 6
622 706 1 5
622 766 11 7
622 795 11 5
623 624 9 3
623 637 6 1
623 638 37 4
623 639 45 5
623 640 1 1
623 641 48 7
623 642 22 1
623 643 38 4
623 680 14 5
623 781 17 1
624 644 41 3
624 720 29 3
624 748 5 8
625 776 44 3
634 663 41 9
645 646 7 2
645 647 2 7
645 648 10 4
645 649 16 7
645 650 48 10
645 678 15 7
645 706 40 2
645 747 43 10
645 767 29 2
645 781 39 2
645 782 49 3
646 647 17 8
646 651 32 5
646 652 30 4
646 653 29 8
646 654 10 2
646 670 11 5
646 675 14 8
646 765 26 7
646 795 19 4
647 655 43 5
647 656 41 3
647 657 6 3
647 658 9 1
647 659 7 1
647 661 29 1
647 670 46 9
647 706 50 5
647 715 9 5
647 717 39 5
647 746 22 1
647 795 29 8
649 667 23 5
652 744 9 8
659 697 49 4
660 661 47 8
660 662 8 8
660 663 17 7
660 664 5 6
660 665 22 2
660 670 20 5
660 678 29 2
660 679 1 6
660 705 37 2
660 715 11 1
660 719 36 6
660 747 44 3
660 767 2 4
660 780 42 6
660 795 45 1
661 666 50 7
661 667 38 3
661 668 9 4
661 669 46 8
661 670 34 2
661 747 22 5
661 765 44 6
661 782 5 7
661 795 19 9
664 775 14 5
667 712 40 2
670 671 37 3
670 672 35 10
670 673 35 7
670 674 45 8
670 678 2 7
670 705 44 4
670 718 6 5
670 746 45 8
670 747 1 1
670 765 8 9
670 782 29 6
670 795 33 1
675 676 9 8
675 677 1 5
675 678 27 4
675 679 50 2
675 680 45 5
675 681 24 3
676 677 34 1
676 678 29 10
676 679 1 8
676 680 16 3
676 682 16 3
676 683 25 2
676 706 8 10
676 719 50 1
676 745 36 2
676 747 12 6
676 795 35 8
677 678 34 4
677 679 20 1
677 680 27 9
677 684 41 4
677 685 49 9
677 686 10 10
677 687 33 6
677 688 27 10
677 720 47 10
677 765 48 5
677 780 36 9
678 679 46 10
678 680 30 9
678 689 10 2
678 690 24 5
678 691 12 8
678 692 38 4
678 693 31 6
678 782 50 5
679 680 15 8
679 694 21 3
679 695 46 1
679 696 48 6
679 706 5 10
679 767 14 3
680 697 14 9
680 698 23 3
680 699 32 10
680 700 7 2
680 701 18 6
680 702 4 7
680 703 31 5
680 704 29 3
684 700 13 6
687 798 47 9
693 771 43 2
697 734 8 2
702 753 15 3
705 706 47 6
705 707 13 8
705 708 6 4
705 709 48 5
705 716 14 7
705 766 15 3
705 781 45 5
705 795 35 9
706 710 23 4
706 711 8 4
706 712 9 3
706 713 13 5
706 714 44 3
706 745 25 2
706 746 48 6
706 767 23 8
706 795 15 10
715 716 33 2
715 717 38 6
715 718 30 4
715 719 23 3
715 720 12 5
715 721 39 3
715 722 48 1
715 723 39 8
715 795 1 1
716 717 4 8
716 718 33 2
716 719 16 2
716 720 29 1
716 724 37 1
716 725 29 9
716 726 35 5
716 727 29 7
716 728 40 2
716 729 32 2
717 718 19 5
717 719 31 7
717 720 4 5
717 730 38 9
717 731 39 10
717 732 19 1
717 733 24 8
717 734 8 8
717 735 39 3
717 767 41 7
717 782 20 3
717 795 2 2
718 719 29 9
718 720 11 9
718 736 22 3
718 737 16 2
718 738 50 1
718 746 3 6
719 720 50 9
719 739 41 2
720 740 21 2
720 741 8 7
720 742 4 1
720 743 1 9
720 744 26 1
720 780 40 2
726 737 40 7
729 732 15 3
745 746 11 8
745 747 7 1
745 748 41 8
745 749 47 5
745 750 29 4
745 751 26 7
746 747 26 5
746 748 34 8
746 752 8 8
746 753 31 6
746 754 23 6
746 755 39 2
746 756 14 8
746 757 34 1
746 758 45 9
746 759 16 9
746 767 43 4
746 782 38 9
747 748 12 1
747 760 36 4
747 761 16 4
747 767 46 3
747 780 33 10
747 795 1 6
748 762 13 6
748 763 15 2
748 764 42 1
748 795 27 9
754 764 26 1
765 766 14 6
765 767 35 7
765 768 40 6
765 769 12 8
765 782 23 4
766 767 33 9
766 770 21 2
766 771 39 2
766 772 48 5
766 773 40 10
766 781 37 7
767 774 16 1
767 775 44 5
767 776 11 3
767 777 34 4
767 778 47 2
767 779 44 7
767 795 49 7
772 794 18 7
780 781 21 5
780 782 10 5
780 783 10 2
780 784 43 2
780 785 6 5
780 786 24 5
780 787 45 7
781 782 9 8
781 788 43 8
781 789 15 10
781 790 44 10
781 791 3 5
781 792 17 2
781 795 32 10
782 793 33 7
782 794 50 6
795 796 29 5
795 797 14 5
795 798 33 5
795 799 13 3

0 571 12
1 261 21
2 402 20
3 358 3
4 689 8
5 654 8
6 228 29
7 193 22
8 448 6
9 49 21
10 724 22
11 749 38
12 628 73
13 102 22
14 313 11
15 59 3
16 406 34
17 234 22
18 588 15
19 711 5
20 481 5
21 738 32
22 775 27
23 604 59
24 418 28
25 283 58
26 113 11
27 563 12
28 191 58
29 96 80
30 327 7
31 428 25
32 318 30
33 665 36
34 72 23
35 345 1
36 24 24
37 328 23
38 639 20
39 495 37
40 390 41
41 349 39
42 725 14
43 549 14
44 510 7
45 585 21
46 226 38
47 145 6
48 257 2
49 591 6
50 519 21
51 166 4
52 46 34
53 368 56
54 54 12
55 214 17
56 40 5
57 332 12
58 772 44
59 517 12
60 23 10
61 576 4
62 331 47
63 627 31
64 201 3
65 369 11
66 310 50
67 526 7
68 609 21
69 304 38
70 493 14
71 95 42
72 473 87
73 274 35
74 44 45
75 227 31
76 703 10
77 220 51
78 788 21
79 342 16
80 777 23
81 394 31
82 574 64
83 393 6
84 319 21
85 490 6
86 512 24
87 433 11
88 577 23
89 169 33
90 104 53
91 496 30
92 707 10
93 570 14
94 662 3
95 357 6
96 224 8
97 798 64
98 449 23
99 382 11
100 156 23
101 671 29
102 429 5
103 53 27
104 742 3
105 461 61
106 129 3
107 638 16
108 575 20
109 634 23
110 264 27
111 11 16
112 221 54
113 231 2
114 657 3
115 522 26
116 10 41
117 106 21
118 68 35
119 291 24
120 708 3
121 407 13
122 421 23
123 383 38
124 617 30
125 614 25
126 771 22
127 681 15
128 232 13
129 341 77
130 457 4
131 190 15
132 769 9
133 336 14
134 142 39
135 759 17
136 115 45
137 116 17
138 668 4
139 188 41
140 140 5
141 182 1
142 723 20
143 492 46
144 543 6
145 486 32
146 400 36
147 330 6
148 728 16
149 606 2
150 695 24
151 640 1
152 674 28
153 123 4
154 15 8
155 403 15
156 586 57
157 101 11
158 222 7
159 109 22
160 399 31
161 612 16
162 424 33
163 786 10
164 306 24
165 509 8
166 389 7
167 625 65
168 263 11
169 712 24
170 171 21
171 652 17
172 39 8
173 315 6
174 199 46
175 740 31
176 768 19
177 14 7
178 686 7
179 335 20
180 443 31
181 704 15
182 25 21
183 359 11
184 230 23
185 379 25
186 488 1
187 93 26
188 420 25
189 287 21
190 27 22
191 561 47
192 756 6
193 36 12
194 28 34
195 494 1
196 778 39
197 181 10
198 387 25
199 558 23
200 307 40
201 648 6
202 456 6
203 293 16
204 183 33
205 147 8
206 347 2
207 629 12
208 540 43
209 81 24
210 174 24
211 616 55
212 242 14
213 595 13
214 94 21
215 339 20
216 73 16
217 514 11
218 637 17
219 437 18
220 521 52
221 355 4
222 691 6
223 700 6
224 343 19
225 605 1
226 784 40
227 764 24
228 727 9
229 619 7
230 184 44
231 118 19
232 732 15
233 51 23
234 593 11
235 405 13
236 7 6
237 76 12
238 787 73
239 356 20
240 511 15
241 613 29
242 373 8
243 527 12
244 555 25
245 791 30
246 297 22
247 518 26
248 698 9
249 524 14
250 751 17
251 752 34
252 265 16
253 233 10
254 793 9
255 753 19
256 352 14
257 653 29
258 755 23
259 238 13
260 523 7
261 498 35
262 26 44
263 117 39
264 80 34
265 58 3
266 458 19
267 316 19
268 445 4
269 266 11
270 430 51
271 553 11
272 487 27
273 16 4
274 562 25
275 761 10
276 557 18
277 110 12
278 143 40
279 385 63
280 750 12
281 92 5
282 579 4
283 254 3
284 189 14
285 659 32
286 148 36
287 694 29
288 289 8
289 131 8
290 82 44
291 277 2
292 346 14
293 29 17
294 244 12
295 37 14
296 100 31
297 776 64
298 618 20
299 651 38
300 57 21
301 294 35
302 796 18
303 641 17
304 666 42
305 203 11
306 112 50
307 236 41
308 697 24
309 69 6
310 6 17
311 789 10
312 633 27
313 391 8
314 223 73
315 108 32
316 380 25
317 371 1
318 710 9
319 275 35
