800 2778 320

0 25 200
1 50 400
2 100 1000
3 150 1600
4 200 2400
5 250 3000

0 1500
1 1500
2 1500
3 1500
4 2000
5 1500
6 1500
7 2000
8 2000
9 2000
10 2000
11 1000
12 1000
13 1500
14 1000
15 1000
16 2000
17 1000
18 1000
19 2000
20 1500
21 1500
22 1500
23 1500
24 1500
25 2000
26 2000
27 1500
28 1000
29 1500
30 2000
31 2000
32 2000
33 2000
34 1500
35 1500
36 2000
37 1000
38 1000
39 1000
40 2000
41 1000
42 2000
43 2000
44 1000
45 1500
46 1500
47 1500
48 1500
49 1500
50 1500
51 2000
52 2000
53 2000
54 2000
55 2000
56 2000
57 1500
58 2000
59 1000
60 1000
61 1000
62 2000
63 1000
64 2000
65 2000
66 1500
67 1500
68 2000
69 2000
70 1500
71 2000
72 1000
73 1000
74 2000
75 1500
76 1500
77 1500
78 1000
79 2000
80 2000
81 2000
82 2000
83 2000
84 2000
85 2000
86 2000
87 1500
88 2000
89 1000
90 1500
91 2000
92 1000
93 2000
94 1500
95 1500
96 1500
97 1500
98 2000
99 2000
100 2000
101 2000
102 1500
103 1000
104 2000
105 1500
106 1500
107 1500
108 1500
109 2000
110 1500
111 1500
112 2000
113 1000
114 2000
115 1500
116 1000
117 2000
118 1000
119 2000
120 2000
121 2000
122 2000
123 1500
124 2000
125 1500
126 1500
127 1000
128 1000
129 2000
130 1500
131 2000
132 1000
133 2000
134 1000
135 1500
136 2000
137 2000
138 2000
139 2000
140 2000
141 2000
142 500
143 500
144 1500
145 1500
146 1500
147 1500
148 1000
149 2000
150 2000
151 1000
152 2000
153 2000
154 2000
155 2000
156 2000
157 2000
158 1500
159 1000
160 1500
161 1500
162 1500
163 1500
164 1500
165 1500
166 2000
167 1500
168 2000
169 2000
170 1000
171 2000
172 2000
173 1000
174 1000
175 1500
176 2000
177 2000
178 1500
179 1000
180 2000
181 1500
182 1000
183 2000
184 2000
185 1500
186 2000
187 1500
188 1000
189 2000
190 1500
191 1500
192 1500
193 1500
194 1000
195 2000
196 1000
197 1000
198 2000
199 2000
200 2000
201 2000
202 2000
203 2000
204 1500
205 1500
206 2000
207 1500
208 1500
209 2000
210 1500
211 1500
212 1500
213 1500
214 1500
215 1500
216 1500
217 1000
218 2000
219 1000
220 1000
221 2000
222 1000
223 1000
224 2000
225 1000
226 2000
227 1000
228 2000
229 2000
230 1000
231 2000
232 1000
233 1000
234 1500
235 1500
236 2000
237 1500
238 2000
239 2000
240 1500
241 1000
242 2000
243 2000
244 2000
245 1500
246 1500
247 1500
248 1500
249 1500
250 1000
251 1500
252 1500
253 1500
254 2000
255 1500
256 2000
257 2000
258 2000
259 1000
260 1000
261 2000
262 2000
263 1500
264 2000
265 1500
266 1500
267 1500
268 2000
269 2000
270 2000
271 1000
272 2000
273 1500
274 1500
275 1000
276 500
277 500
278 500
279 1500
280 1000
281 2000
282 2000
283 1500
284 2000
285 1500
286 1500
287 1500
288 2000
289 2000
290 1500
291 1000
292 1000
293 1500
294 2000
295 1500
296 1500
297 1000
298 1500
299 2000
300 2000
301 1000
302 1000
303 1000
304 2000
305 2000
306 1000
307 1500
308 1500
309 2000
310 1500
311 1000
312 500
313 1500
314 2000
315 1500
316 1000
317 1500
318 1000
319 1000
320 1500
321 1000
322 1000
323 2000
324 1000
325 500
326 2000
327 2000
328 1500
329 2000
330 1500
331 1500
332 1500
333 2000
334 2000
335 2000
336 2000
337 1500
338 1500
339 2000
340 1500
341 1500
342 1500
343 1500
344 1500
345 1500
346 2000
347 2000
348 1000
349 1000
350 2000
351 1000
352 2000
353 1500
354 1000
355 1000
356 1000
357 2000
358 1500
359 2000
360 2000
361 2000
362 1500
363 2000
364 2000
365 2000
366 2000
367 1000
368 1000
369 2000
370 1500
371 1500
372 1000
373 2000
374 1500
375 2000
376 2000
377 2000
378 1500
379 2000
380 1500
381 1500
382 1500
383 1000
384 2000
385 2000
386 1500
387 1500
388 1000
389 1000
390 2000
391 1500
392 1500
393 1000
394 1500
395 1500
396 2000
397 2000
398 1000
399 1500
400 1500
401 1500
402 2000
403 1000
404 1500
405 1500
406 1500
407 1500
408 1500
409 1500
410 1500
411 2000
412 1500
413 1000
414 1500
415 1000
416 1000
417 2000
418 1500
419 2000
420 2000
421 2000
422 1000
423 2000
424 1000
425 2000
426 2000
427 1000
428 1000
429 2000
430 1000
431 1500
432 2000
433 2000
434 1000
435 1500
436 1500
437 1500
438 1500
439 2000
440 1000
441 1000
442 1000
443 1500
444 2000
445 1500
446 2000
447 1000
448 2000
449 1500
450 2000
451 2000
452 1500
453 2000
454 1000
455 1500
456 1500
457 1500
458 2000
459 2000
460 2000
461 2000
462 1500
463 2000
464 1000
465 1500
466 1000
467 2000
468 2000
469 1000
470 1500
471 1000
472 1500
473 1500
474 1500
475 1500
476 1500
477 1000
478 1000
479 2000
480 1000
481 1500
482 1500
483 2000
484 2000
485 2000
486 1000
487 1500
488 1500
489 2000
490 2000
491 2000
492 2000
493 1000
494 2000
495 1000
496 1500
497 1500
498 1500
499 1500
500 1500
501 1500
502 1500
503 500
504 2000
505 1500
506 1000
507 2000
508 2000
509 2000
510 1000
511 2000
512 2000
513 2000
514 1000
515 1500
516 1500
517 2000
518 1000
519 2000
520 2000
521 2000
522 2000
523 2000
524 1000
525 1500
526 2000
527 2000
528 2000
529 1500
530 2000
531 2000
532 1500
533 1500
534 2000
535 1500
536 1500
537 1500
538 1500
539 1500
540 1500
541 2000
542 1000
543 2000
544 2000
545 2000
546 1000
547 2000
548 2000
549 1000
550 2000
551 2000
552 1000
553 1000
554 1000
555 2000
556 2000
557 2000
558 1000
559 2000
560 1500
561 2000
562 1500
563 1500
564 1000
565 1500
566 1500
567 2000
568 2000
569 2000
570 1500
571 1000
572 1500
573 2000
574 1500
575 1500
576 2000
577 2000
578 2000
579 1500
580 1500
581 1000
582 1500
583 1000
584 1500
585 1500
586 1500
587 2000
588 1000
589 1000
590 500
591 1500
592 2000
593 2000
594 1500
595 2000
596 1500
597 1500
598 1000
599 1500
600 1000
601 1500
602 2000
603 2000
604 1000
605 2000
606 1000
607 2000
608 1000
609 2000
610 1500
611 1500
612 1500
613 2000
614 1000
615 1500
616 2000
617 1000
618 1500
619 1500
620 2000
621 2000
622 1000
623 2000
624 1000
625 1500
626 1500
627 1500
628 1500
629 1500
630 1000
631 2000
632 1500
633 1500
634 2000
635 1000
636 1000
637 1500
638 2000
639 2000
640 1000
641 2000
642 1500
643 1000
644 2000
645 1000
646 1500
647 1000
648 2000
649 2000
650 2000
651 1500
652 500
653 1500
654 1500
655 1500
656 1500
657 1500
658 1500
659 1000
660 1500
661 1500
662 1000
663 2000
664 2000
665 1500
666 1500
667 1000
668 1000
669 2000
670 2000
671 2000
672 1500
673 2000
674 2000
675 1500
676 2000
677 2000
678 1500
679 1000
680 1500
681 2000
682 1500
683 2000
684 2000
685 2000
686 2000
687 1500
688 1000
689 1000
690 1500
691 1000
692 2000
693 1000
694 2000
695 1500
696 1500
697 1500
698 500
699 1500
700 1500
701 1000
702 1500
703 1500
704 2000
705 1000
706 2000
707 1500
708 500
709 1500
710 500
711 2000
712 1500
713 2000
714 2000
715 1000
716 2000
717 1000
718 1500
719 2000
720 1500
721 1500
722 1500
723 1500
724 2000
725 2000
726 1000
727 1500
728 2000
729 1500
730 1500
731 2000
732 1500
733 2000
734 2000
735 1500
736 1500
737 1500
738 1500
739 1500
740 2000
741 1500
742 2000
743 2000
744 2000
745 2000
746 1500
747 2000
748 1000
749 1000
750 2000
751 1500
752 1500
753 2000
754 2000
755 1500
756 1500
757 1500
758 1500
759 1500
760 1500
761 1500
762 1000
763 2000
764 2000
765 1500
766 2000
767 2000
768 1000
769 2000
770 2000
771 2000
772 1500
773 2000
774 2000
775 1500
776 2000
777 1000
778 2000
779 2000
780 1000
781 2000
782 1500
783 1500
784 2000
785 1000
786 1500
787 2000
788 2000
789 2000
790 1500
791 1500
792 2000
793 2000
794 1500
795 2000
796 1500
797 2000
798 2000
799 2000

0 1 28 1
0 2 33 5
0 3 45 4
0 4 10 5
0 5 10 1
0 6 42 7
0 7 37 7
0 8 49 1
0 22 3 6
0 48 15 9
0 75 39 7
0 95 9 7
0 105 27 3
0 108 47 1
0 125 32 5
0 210 44 8
0 286 14 1
0 295 41 7
0 330 23 10
0 370 20 1
0 400 22 6
0 471 19 5
0 498 8 1
0 502 3 7
0 566 15 10
0 610 24 1
0 612 24 1
0 658 28 6
0 661 43 8
0 690 5 4
0 703 3 2
0 720 19 1
0 791 47 4
1 2 4 10
1 3 10 10
1 9 15 5
1 10 30 8
1 11 3 4
1 23 23 2
1 48 29 5
1 76 16 4
1 127 14 6
1 147 37 10
1 161 2 9
1 205 37 5
1 249 33 2
1 285 4 6
1 295 35 7
1 382 1 9
1 436 47 6
1 457 49 1
1 566 9 1
1 575 25 8
1 755 22 1
1 760 16 1
1 790 40 2
2 3 35 1
2 12 33 3
2 13 6 2
2 14 10 8
2 15 30 8
2 16 40 8
2 96 19 6
2 190 37 3
2 192 32 9
2 216 49 5
2 246 2 3
2 331 15 2
2 345 6 9
2 400 14 4
2 406 39 1
2 457 6 3
2 474 31 10
2 540 9 6
2 581 14 7
2 626 22 3
2 700 39 5
2 722 5 1
2 735 7 2
2 738 26 5
3 17 32 8
3 18 46 6
3 19 7 9
3 90 15 4
3 162 6 7
3 205 16 3
3 315 25 7
3 316 43 6
3 342 16 6
3 371 27 7
3 406 32 8
3 438 43 3
3 540 18 4
3 575 16 8
3 626 33 5
3 691 17 5
4 8 50 2
4 475 25 10
5 171 27 7
6 35 50 2
6 139 8 7
7 327 41 8
7 573 2 10
8 799 39 3
10 404 32 6
10 462 50 3
10 745 40 2
11 374 7 2
12 208 41 3
13 120 2 3
14 325 15 1
14 414 21 10
15 303 50 5
17 424 23 9
20 21 25 7
20 22 43 7
20 23 43 10
20 24 18 2
20 25 45 7
20 26 2 4
20 27 34 7
20 28 47 10
20 29 26 1
20 50 2 2
20 90 1 9
20 107 44 2
20 161 40 8
20 162 7 5
20 190 41 1
20 213 7 10
20 248 36 10
20 285 15 8
20 317 38 8
20 331 18 2
20 400 23 4
20 470 43 5
20 495 3 1
20 612 23 6
20 625 25 10
20 661 10 4
20 722 14 2
20 758 6 4
20 790 14 9
21 22 19 8
21 23 21 1
21 24 25 9
21 30 50 8
21 46 9 1
21 75 12 5
21 128 29 7
21 251 41 10
21 400 15 8
21 407 30 4
21 583 41 4
21 690 29 7
21 720 10 10
22 23 2 9
22 24 8 5
22 31 28 2
22 32 28 9
22 33 2 4
22 34 2 7
22 107 3 5
22 205 33 1
22 297 15 7
22 340 36 6
22 343 28 2
22 382 45 1
22 383 3 10
22 409 43 5
22 436 16 6
22 457 35 3
22 565 50 2
22 566 22 6
22 575 5 5
22 625 1 7
22 691 10 1
22 738 48 2
22 759 16 3
22 790 25 5
23 24 19 2
23 35 18 3
23 36 40 5
23 37 4 9
23 38 37 7
23 39 3 6
23 40 24 2
23 96 30 1
23 125 43 9
23 147 25 4
23 192 46 7
23 205 18 9
23 370 2 5
23 455 35 6
23 499 43 4
23 612 9 5
23 700 8 8
23 738 2 9
24 41 49 7
24 42 7 10
24 43 38 2
24 44 18 5
24 96 34 7
24 145 1 5
24 215 45 5
24 296 46 8
24 316 30 3
24 331 18 6
24 370 24 8
24 438 18 3
24 474 24 8
24 535 9 3
24 536 23 8
24 575 16 2
24 582 36 2
24 660 43 9
24 702 31 3
25 706 3 2
26 754 39 4
27 268 27 9
29 392 28 3
29 523 16 6
29 636 14 6
30 375 34 4
31 596 38 4
31 723 21 10
32 572 7 9
33 432 27 3
34 85 44 5
34 203 8 10
35 186 19 8
39 398 28 6
40 235 46 6
40 507 44 5
44 589 3 2
45 46 23 9
45 47 47 9
45 48 2 10
45 49 18 3
45 50 16 4
45 51 36 4
45 52 34 8
45 53 27 9
45 54 28 1
45 90 29 2
45 105 26 8
45 214 38 4
45 297 14 7
45 341 4 3
45 400 21 8
45 407 12 2
45 457 9 10
45 473 16 6
45 502 29 2
45 538 32 2
45 575 6 4
45 580 32 2
45 612 29 10
45 626 48 8
45 627 7 4
45 720 25 7
45 736 27 2
45 791 1 5
46 47 27 8
46 48 15 1
46 49 1 3
46 50 48 9
46 55 24 7
46 107 15 7
46 192 19 9
46 205 30 5
46 285 42 5
46 298 17 4
46 370 27 5
46 383 8 1
46 405 23 6
46 701 28 7
46 735 30 10
47 48 41 7
47 49 38 7
47 50 38 2
47 56 45 4
47 57 30 10
47 58 5 6
47 59 41 9
47 60 29 7
47 61 3 2
47 77 10 6
47 90 35 3
47 96 22 10
47 161 19 5
47 191 33 4
47 330 15 10
47 331 45 4
47 400 14 4
47 566 47 2
47 575 32 3
47 584 31 6
47 657 26 8
47 758 31 4
47 790 3 7
48 49 35 2
48 50 20 4
48 62 50 4
48 63 17 5
48 64 25 2
48 65 21 3
48 145 21 1
48 316 19 1
48 317 19 7
48 343 24 2
48 371 47 7
48 612 39 10
48 691 38 2
48 759 6 7
49 50 38 5
49 66 3 4
49 67 50 4
49 68 18 10
49 69 3 5
49 70 17 5
49 95 27 6
49 125 2 7
49 128 26 2
49 249 36 4
49 380 12 6
49 539 19 6
49 691 49 8
49 701 19 7
50 71 13 3
50 72 15 4
50 73 35 9
50 74 30 4
50 147 26 3
50 160 30 2
50 205 38 5
50 215 29 8
50 248 13 6
50 285 37 8
50 438 33 2
50 456 24 4
50 474 50 10
50 501 33 2
50 659 21 8
50 720 48 3
52 637 9 8
54 545 19 5
54 551 37 8
55 561 35 10
56 620 2 8
57 320 21 8
57 569 19 7
58 672 9 4
59 617 18 8
62 395 4 1
62 481 49 4
63 132 48 7
63 571 48 9
64 109 20 3
64 532 37 9
65 66 22 6
65 176 16 7
65 313 9 10
66 663 15 8
67 70 44 5
67 238 49 7
67 793 29 6
68 487 39 6
69 178 48 10
69 460 45 2
70 527 25 1
70 597 28 7
75 76 38 10
75 77 24 5
75 78 14 6
75 79 4 4
75 80 35 4
75 81 28 10
75 82 3 7
75 83 11 1
75 84 10 6
75 95 50 6
75 147 13 9
75 165 46 1
75 191 23 3
75 249 41 10
75 317 22 1
75 331 32 2
75 340 31 1
75 341 17 2
75 370 24 8
75 435 11 1
75 498 2 1
75 535 27 4
75 575 50 6
75 581 16 2
75 610 47 9
75 629 43 8
75 690 42 3
75 702 38 9
75 759 24 3
75 791 20 8
76 77 22 7
76 85 47 6
76 86 22 7
76 87 49 9
76 90 1 3
76 107 47 6
76 165 31 1
76 190 30 9
76 205 14 9
76 210 45 7
76 249 23 6
76 295 7 4
76 298 32 4
76 315 27 8
76 409 25 4
76 437 18 6
76 455 8 10
76 456 26 4
76 471 1 1
76 474 41 7
76 537 48 10
76 565 32 1
76 612 49 3
76 625 20 10
76 659 17 5
76 660 38 6
76 720 32 9
77 88 45 7
77 89 43 4
77 95 13 5
77 105 18 5
77 125 6 9
77 127 48 4
77 145 31 1
77 213 24 9
77 285 18 3
77 330 1 6
77 371 4 3
77 381 8 4
77 400 41 9
77 405 50 4
77 502 36 6
77 565 5 10
77 575 33 8
77 585 50 5
77 690 4 7
77 703 41 9
77 720 28 1
77 735 24 3
77 790 23 7
80 431 13 3
80 587 27 5
80 654 9 3
83 180 34 6
83 218 23 6
86 452 48 9
87 712 15 7
87 781 41 6
90 91 2 1
90 92 10 8
90 93 44 5
90 94 21 2
90 95 48 10
90 96 9 5
90 108 4 10
90 126 21 7
90 128 48 10
90 145 50 7
90 146 1 2
90 163 32 4
90 165 13 8
90 190 19 8
90 205 33 6
90 213 43 2
90 214 21 3
90 245 20 1
90 246 29 10
90 285 35 3
90 286 36 1
90 297 46 8
90 315 9 1
90 330 45 8
90 331 1 7
90 340 42 5
90 344 23 6
90 370 35 10
90 371 41 9
90 381 15 2
90 382 42 3
90 400 12 8
90 406 22 3
90 408 16 9
90 437 32 7
90 455 39 6
90 456 41 8
90 471 44 7
90 472 30 9
90 498 26 8
90 501 41 3
90 537 30 8
90 539 39 1
90 565 38 1
90 566 28 6
90 575 4 4
90 583 50 7
90 611 22 2
90 612 27 1
90 625 39 3
90 629 24 7
90 657 8 8
90 658 42 8
90 690 40 9
90 700 29 5
90 701 42 8
90 721 35 6
90 722 10 7
90 736 31 5
90 738 37 4
90 759 34 6
90 761 19 10
90 790 40 4
93 515 24 8
94 153 21 4
95 96 26 4
95 97 38 10
95 98 26 1
95 99 32 4
95 105 13 1
95 106 24 6
95 126 2 2
95 145 11 3
95 146 20 3
95 164 19 1
95 165 41 9
95 191 3 4
95 205 8 4
95 247 44 6
95 285 18 2
95 295 28 9
95 316 26 8
95 317 37 4
95 330 12 5
95 409 13 8
95 437 31 7
95 455 16 3
95 456 30 9
95 471 3 6
95 540 49 3
95 565 35 5
95 575 44 9
95 585 37 3
95 610 15 10
95 625 42 8
95 630 15 7
95 658 41 6
95 691 15 8
95 701 46 7
95 760 30 8
95 790 17 8
96 100 27 1
96 101 35 7
96 102 2 10
96 103 1 5
96 104 9 8
96 128 29 4
96 205 11 10
96 212 41 9
96 249 50 4
96 285 14 6
96 297 25 2
96 331 18 3
96 343 31 1
96 345 20 4
96 370 15 4
96 380 31 1
96 383 24 6
96 400 33 6
96 405 46 2
96 470 38 7
96 496 39 3
96 501 10 4
96 585 41 10
96 611 45 3
96 656 24 5
96 690 6 1
96 701 3 1
96 722 39 5
96 737 37 8
96 755 21 10
96 790 9 1
97 158 23 4
97 242 1 10
97 485 47 7
98 391 25 1
98 573 48 10
98 695 6 10
102 350 19 8
104 261 18 2
105 106 2 6
105 107 30 4
105 108 10 2
105 109 31 6
105 110 44 1
105 111 38 9
105 192 34 9
105 213 18 8
105 215 50 3
105 331 50 2
105 343 32 6
105 435 12 2
105 437 27 1
105 566 10 9
105 575 11 4
105 626 32 2
105 659 20 1
105 737 17 8
106 107 40 2
106 108 47 1
106 112 40 9
106 113 29 2
106 114 10 3
106 115 25 7
106 116 15 7
106 128 14 9
106 147 20 6
106 205 21 5
106 249 48 9
106 250 7 6
106 297 50 6
106 382 44 5
106 496 13 2
106 565 46 4
106 575 46 7
106 583 34 1
106 610 50 2
106 657 20 10
106 700 16 9
106 703 36 5
106 758 33 1
107 108 28 5
107 117 42 2
107 118 42 1
107 119 37 5
107 120 3 7
107 121 19 7
107 122 3 5
107 123 38 2
107 125 4 7
107 163 29 1
107 190 42 5
107 205 23 10
107 285 3 8
107 315 32 1
107 371 10 5
107 383 15 4
107 400 9 6
107 456 15 9
107 474 33 10
107 539 39 9
107 629 23 8
107 690 6 6
107 720 45 8
107 721 18 5
107 735 48 9
107 758 41 10
107 791 33 7
108 124 30 10
108 145 35 4
108 161 9 5
108 285 23 1
108 298 38 1
108 316 16 8
108 330 19 1
108 344 2 1
108 371 18 8
108 400 45 3
108 406 3 9
108 408 35 8
108 457 44 2
108 472 39 4
108 498 36 9
108 538 29 5
108 584 31 3
108 691 43 1
108 791 6 4
110 231 4 2
111 551 37 1
115 578 5 4
117 663 21 6
117 672 29 4
118 353 39 9
119 265 38 5
121 262 21 4
121 451 30 10
122 175 1 4
123 593 36 5
125 126 4 5
125 127 18 7
125 128 2 6
125 129 45 9
125 130 30 4
125 131 5 2
125 132 37 7
125 133 5 3
125 161 9 7
125 214 46 8
125 331 2 1
125 400 44 3
125 437 9 1
125 499 49 8
125 536 40 7
125 538 1 5
125 575 34 1
125 659 10 4
125 791 20 3
126 127 47 9
126 128 49 1
126 134 15 9
126 135 29 3
126 136 14 8
126 137 17 7
126 138 7 4
126 139 49 3
126 140 5 2
126 141 48 3
126 145 33 7
126 190 7 5
126 205 36 9
126 286 26 9
126 330 26 2
126 371 21 2
126 400 20 8
126 410 14 3
126 456 12 8
126 470 24 10
126 565 12 7
126 575 13 2
126 690 4 6
126 700 19 3
126 758 43 5
126 790 39 3
127 128 10 3
127 142 38 8
127 145 12 3
127 216 43 4
127 246 36 10
127 249 15 3
127 285 31 5
127 297 35 5
127 315 13 3
127 341 14 3
127 380 37 7
127 408 1 5
127 499 3 2
127 583 47 7
127 584 38 6
127 610 39 10
127 626 30 3
127 691 3 1
127 701 8 5
127 720 16 2
127 735 44 7
127 738 32 6
127 759 15 10
128 143 9 10
128 144 4 7
128 163 37 1
128 192 48 1
128 205 30 10
128 295 9 1
128 315 12 9
128 342 44 5
128 380 38 6
128 437 48 6
128 470 12 4
128 612 15 2
128 657 50 2
128 722 11 10
129 420 8 9
130 634 38 10
131 263 15 8
131 695 21 10
133 270 18 1
135 770 29 8
136 386 29 5
136 529 2 5
136 794 6 3
137 288 9 1
138 792 10 6
139 605 3 8
140 167 29 10
140 362 48 7
141 185 36 10
144 669 26 8
145 146 20 10
145 147 17 10
145 148 39 1
145 149 41 5
145 150 46 9
145 151 30 2
145 163 44 2
145 216 18 1
145 249 23 9
145 252 17 10
145 298 26 3
145 315 22 8
145 371 23 1
145 381 6 2
145 383 6 7
145 400 2 4
145 437 18 10
145 456 11 10
145 472 8 2
145 537 20 9
145 566 50 10
145 575 17 7
145 585 25 2
145 610 21 1
145 630 5 5
145 661 2 6
145 691 47 5
145 720 24 8
145 722 29 9
145 736 48 1
145 738 13 9
145 759 13 7
145 791 35 10
146 147 19 9
146 152 32 1
146 153 19 10
146 160 28 8
146 191 24 7
146 205 33 8
146 285 13 7
146 295 28 9
146 316 3 2
146 330 15 4
146 342 8 5
146 370 11 9
146 400 10 7
146 474 6 1
146 500 3 6
146 612 29 6
146 759 43 2
147 154 44 4
147 155 23 1
147 156 44 8
147 157 46 5
147 158 29 8
147 159 33 6
147 191 44 7
147 205 22 4
147 214 3 1
147 285 28 9
147 330 7 10
147 340 33 7
147 407 1 8
147 408 17 7
147 436 21 2
147 457 19 10
147 498 18 8
147 539 49 6
147 583 13 1
147 626 3 8
147 661 36 1
147 690 7 1
147 701 22 9
147 702 9 4
149 411 34 4
152 177 42 6
152 208 12 6
152 305 42 6
152 782 49 2
154 451 48 9
155 646 8 7
155 676 32 4
156 339 1 7
156 378 43 8
158 753 41 4
159 741 25 5
160 161 32 1
160 162 25 1
160 163 34 3
160 164 46 8
160 165 12 9
160 166 23 4
160 167 25 8
160 168 38 7
160 213 12 3
160 285 7 10
160 286 34 10
160 342 46 1
160 457 48 5
160 471 20 5
160 538 5 7
160 575 48 7
160 611 9 2
160 691 41 1
160 737 50 6
161 162 19 10
161 163 16 9
161 164 8 2
161 165 43 7
161 169 48 7
161 170 34 2
161 171 18 10
161 172 30 10
161 192 1 3
161 252 24 1
161 298 39 5
161 315 1 7
161 317 39 6
161 345 6 8
161 370 23 8
161 380 39 8
161 400 3 2
161 455 31 3
161 499 27 10
161 538 30 10
161 565 37 4
161 627 14 4
161 722 40 9
161 735 48 9
162 163 24 2
162 164 38 3
162 165 5 7
162 173 20 2
162 174 33 1
162 175 17 5
162 176 42 8
162 205 40 1
162 331 5 4
162 371 28 3
162 400 33 1
162 408 4 6
162 473 12 5
162 655 15 4
162 722 49 3
162 759 35 3
163 164 27 3
163 165 42 4
163 177 29 9
163 178 46 6
163 179 19 7
163 213 46 10
163 383 12 1
163 438 48 6
163 581 6 3
163 610 47 1
163 758 43 6
163 790 28 6
164 165 16 5
164 180 7 2
164 181 45 4
164 182 29 8
164 183 32 6
164 406 24 7
164 496 43 7
164 583 14 3
164 626 49 7
164 790 12 7
165 184 30 4
165 185 19 9
165 186 9 7
165 187 41 4
165 188 2 8
165 189 36 10
165 191 14 6
165 205 47 4
165 296 12 2
165 331 43 6
165 437 38 1
165 566 13 7
165 575 22 1
165 656 5 6
165 700 23 8
165 701 36 1
168 739 39 9
169 599 49 8
171 793 42 3
173 633 2 4
178 332 35 6
178 376 1 5
181 451 1 9
183 337 18 10
183 550 10 10
183 587 41 4
184 752 36 7
185 244 33 10
185 674 22 9
186 595 15 9
187 357 22 8
188 503 9 9
190 191 26 7
190 192 42 8
190 193 40 9
190 194 4 4
190 195 30 5
190 196 32 7
190 197 49 2
190 214 49 2
190 250 21 1
190 296 35 9
190 330 21 9
190 341 10 10
190 370 48 10
190 400 16 7
190 438 13 9
190 457 5 1
190 474 14 8
190 498 44 5
190 585 15 9
190 657 47 1
190 690 40 5
190 691 37 8
190 703 8 3
190 720 18 3
190 755 36 5
190 760 19 10
190 791 46 7
191 192 28 4
191 198 7 8
191 199 25 5
191 200 27 8
191 201 6 10
191 210 49 4
191 285 47 6
191 286 23 8
191 295 18 3
191 330 27 7
191 371 13 2
191 380 27 8
191 405 1 5
191 407 27 2
191 438 31 8
191 456 18 7
191 535 34 8
191 536 28 3
191 565 13 2
191 575 1 4
191 610 25 6
191 628 20 4
191 629 10 4
191 701 50 7
191 738 11 6
191 790 43 3
192 202 7 1
192 203 50 8
192 204 38 5
192 205 43 4
192 315 35 9
192 316 15 10
192 343 33 6
192 382 22 9
192 400 31 6
192 470 35 2
192 497 14 10
192 575 15 8
192 611 31 6
192 655 34 7
192 720 42 5
192 738 30 9
193 369 31 7
194 542 46 6
194 682 40 9
196 775 27 6
197 708 22 2
200 765 3 6
204 218 24 5
205 206 22 8
205 207 41 8
205 208 35 2
205 209 38 8
205 214 20 3
205 216 27 8
205 248 1 5
205 252 32 7
205 286 42 1
205 297 50 7
205 298 19 7
205 316 46 7
205 317 6 8
205 330 43 2
205 331 36 3
205 340 19 5
205 341 12 8
205 370 9 5
205 380 5 5
205 383 49 3
205 400 27 3
205 408 27 8
205 410 14 7
205 436 4 1
205 438 37 6
205 455 9 1
205 457 31 4
205 471 47 3
205 496 48 7
205 497 11 10
205 535 35 6
205 537 21 8
205 565 1 4
205 575 19 2
205 585 1 6
205 611 8 2
205 612 6 5
205 625 28 10
205 630 23 6
205 657 34 9
205 658 3 7
205 690 7 4
205 702 46 1
205 720 44 8
205 722 12 1
205 737 7 3
205 738 26 1
205 759 44 8
205 790 6 9
205 791 37 5
207 601 12 1
207 692 43 3
209 577 42 1
210 211 30 6
210 212 29 10
210 213 33 3
210 214 17 6
210 215 30 8
210 216 24 7
210 217 48 2
210 218 32 10
210 219 25 7
210 220 37 3
210 330 39 7
210 370 15 5
210 400 12 2
210 457 27 4
210 565 19 1
210 575 27 4
211 212 34 6
211 213 14 9
211 214 36 8
211 215 14 8
211 216 8 4
211 221 43 6
211 222 17 1
211 343 8 8
211 400 15 4
211 456 14 4
211 566 46 5
211 612 36 2
211 628 14 8
211 658 38 8
211 757 41 6
212 213 25 10
212 214 18 6
212 215 30 2
212 216 46 9
212 223 23 2
212 224 14 5
212 225 28 7
212 226 29 1
212 227 44 8
212 228 50 1
212 286 24 10
212 381 15 6
212 410 3 6
212 435 5 2
212 537 38 2
212 660 34 3
212 721 37 2
213 214 18 8
213 215 38 6
213 216 18 6
213 229 6 9
213 230 8 9
213 231 50 1
213 232 42 8
213 250 34 1
213 252 20 9
213 285 23 10
213 297 25 4
213 371 48 7
213 436 46 7
213 495 47 2
213 610 47 7
213 625 31 7
213 722 25 9
213 737 21 5
213 790 22 4
214 215 10 3
214 216 28 1
214 233 9 8
214 234 33 5
214 235 11 2
214 236 49 9
214 295 28 10
214 317 20 3
214 474 46 6
214 583 5 4
214 690 44 2
214 691 24 4
215 216 34 2
215 237 17 10
215 238 36 9
215 239 33 6
215 240 30 1
215 241 27 1
215 317 50 8
215 540 47 4
215 701 21 3
215 756 40 8
215 790 5 6
216 242 24 10
216 243 17 6
216 244 29 9
216 330 39 1
216 344 16 1
216 382 43 8
216 474 45 9
216 500 25 1
216 575 16 2
216 585 38 2
216 700 1 3
216 735 45 8
222 590 24 5
226 299 2 6
226 649 45 6
229 745 28 3
230 322 39 1
234 417 26 8
234 593 21 5
236 533 45 7
236 568 32 2
236 599 24 4
237 664 34 1
240 568 22 6
245 246 19 9
245 247 18 9
245 248 7 3
245 249 35 2
245 250 6 7
245 251 28 8
245 252 28 5
245 253 1 9
245 254 27 6
245 255 32 1
245 256 46 3
245 257 48 7
245 317 47 5
245 409 47 2
245 584 1 6
245 610 12 4
245 625 15 1
245 655 46 6
245 659 43 3
245 691 42 9
245 722 36 8
245 790 22 6
246 247 20 3
246 248 18 5
246 249 28 9
246 250 39 4
246 251 30 9
246 252 48 6
246 258 34 3
246 259 17 7
246 260 2 7
246 297 44 8
246 316 36 8
246 435 4 1
246 437 9 8
246 455 22 7
246 691 39 3
247 248 32 4
247 249 9 3
247 250 41 1
247 251 36 10
247 252 10 7
247 261 47 5
247 262 31 6
247 383 19 1
247 501 26 5
247 700 3 2
247 791 45 4
248 249 35 9
248 250 22 8
248 251 22 3
248 252 7 4
248 263 41 7
248 264 6 2
248 265 30 9
248 266 16 9
248 267 26 10
248 286 27 10
248 330 6 7
248 344 18 1
248 400 23 10
248 406 23 5
248 470 38 3
248 566 25 7
248 612 8 3
248 700 21 9
248 736 31 4
248 755 46 7
249 250 16 5
249 251 33 2
249 252 8 9
249 268 28 5
249 269 48 4
249 270 37 7
249 271 5 5
249 272 5 7
249 273 41 2
249 274 39 7
249 275 24 2
249 342 25 8
249 370 33 2
249 381 34 8
250 251 47 5
250 252 42 6
250 276 3 8
250 277 17 2
250 278 5 7
250 279 19 6
250 330 29 10
250 499 16 5
250 535 8 2
250 584 3 2
251 252 6 9
251 280 13 7
251 281 3 2
251 285 41 2
251 297 32 6
251 370 13 2
251 457 44 8
251 473 15 4
251 566 23 5
251 575 41 2
251 720 50 1
251 756 17 9
252 282 6 3
252 283 49 4
252 284 40 10
252 539 11 10
252 630 7 7
252 735 9 7
253 300 20 8
255 649 8 3
255 739 31 5
256 412 10 3
256 563 9 5
257 335 9 2
257 579 42 3
257 712 15 2
263 281 37 4
263 391 17 8
264 273 11 10
264 728 20 1
266 528 4 2
267 512 4 10
269 482 24 4
272 443 40 8
274 734 23 2
279 797 28 2
281 283 21 7
281 525 2 10
281 778 38 2
283 520 48 1
284 728 25 1
284 746 30 9
285 286 50 9
285 287 17 2
285 288 8 2
285 289 34 4
285 290 4 1
285 291 44 3
285 292 7 1
285 296 31 3
285 316 21 8
285 317 4 3
285 331 36 3
285 370 37 8
285 371 9 2
285 383 5 1
285 400 29 3
285 406 20 8
285 455 29 6
285 472 15 2
285 575 48 8
285 580 3 6
285 611 1 5
285 659 27 10
285 691 42 1
285 700 6 3
285 701 1 9
285 722 27 3
285 735 8 8
285 737 50 4
285 758 19 5
285 791 10 3
286 293 44 1
286 294 22 8
286 297 44 7
286 331 7 8
286 343 43 6
286 344 2 8
286 381 14 1
286 400 41 8
286 407 41 5
286 436 48 6
286 437 19 8
286 455 19 8
286 472 13 1
286 499 12 3
286 501 25 6
286 537 9 3
286 538 9 1
286 565 24 9
286 566 29 2
286 575 34 8
286 584 17 5
286 611 38 9
286 627 35 7
286 630 47 9
286 660 29 3
286 691 40 10
286 720 31 2
286 761 2 4
286 790 31 4
287 530 1 5
287 561 16 1
287 780 2 7
289 353 2 9
289 483 8 7
289 716 49 6
290 416 21 5
290 685 21 9
293 521 41 9
294 327 13 7
294 709 13 2
295 296 46 8
295 297 44 10
295 298 20 5
295 299 32 3
295 300 48 7
295 301 28 3
295 302 10 1
295 317 47 9
295 331 45 8
295 343 50 7
295 371 4 8
295 408 34 8
295 456 14 7
295 502 45 1
295 720 18 5
296 297 49 4
296 298 19 5
296 303 45 8
296 304 33 5
296 305 6 4
296 306 47 10
296 307 47 9
296 308 43 10
296 309 13 10
296 310 48 9
296 311 29 5
296 316 9 10
296 331 21 9
296 340 14 5
296 400 21 8
296 405 40 6
296 474 36 3
296 625 12 1
296 655 36 6
296 703 19 7
296 755 36 5
297 298 5 7
297 312 6 7
297 380 19 8
297 400 50 1
297 438 47 9
297 456 33 5
297 474 3 1
297 497 45 6
297 536 44 6
297 566 38 1
297 581 46 1
297 584 35 3
297 690 1 4
297 691 15 10
297 700 16 1
297 720 44 9
297 737 16 5
297 738 34 2
297 790 20 3
298 313 35 7
298 314 9 3
298 370 30 10
298 381 46 8
298 438 30 1
298 538 16 10
298 566 46 2
298 575 14 5
298 610 43 5
298 611 50 7
298 626 26 3
298 656 23 1
298 761 8 9
298 790 4 2
301 708 13 7
305 465 45 2
305 697 14 9
307 743 17 3
308 548 45 1
309 444 23 4
310 774 24 4
313 733 47 9
315 316 15 4
315 317 37 4
315 318 27 6
315 319 43 5
315 320 6 3
315 321 1 8
315 322 44 10
315 323 9 9
315 324 1 5
315 330 13 5
315 340 31 5
315 370 24 2
315 371 2 8
315 382 48 8
315 400 38 7
315 405 30 4
315 457 37 7
315 501 14 10
315 535 44 6
315 582 35 6
315 585 38 10
315 630 38 10
315 660 15 2
315 691 18 1
315 700 36 3
315 722 46 8
316 317 8 1
316 325 26 6
316 341 12 7
316 382 46 5
316 436 1 9
316 437 16 1
316 473 44 5
316 497 23 8
316 566 14 1
316 575 43 6
316 610 9 6
316 612 5 1
316 627 39 1
316 690 34 8
316 759 48 1
316 790 17 5
317 326 49 2
317 327 50 3
317 328 31 3
317 329 47 10
317 331 25 4
317 400 6 9
317 409 42 4
317 470 34 3
317 565 28 10
317 660 35 5
317 701 20 2
317 736 19 10
317 738 43 6
317 757 31 7
317 790 31 7
320 621 18 4
324 654 3 9
327 561 48 8
328 556 47 6
329 615 31 10
330 331 36 10
330 332 11 3
330 333 20 9
330 334 24 3
330 335 13 6
330 345 45 5
330 370 19 3
330 371 6 3
330 380 24 6
330 455 15 3
330 457 36 9
330 474 25 2
330 498 50 4
330 539 29 9
330 565 9 5
330 566 27 9
330 575 7 6
330 583 39 2
330 610 35 4
330 628 22 2
330 655 2 5
330 691 2 9
330 722 20 9
330 737 23 10
330 738 46 6
330 790 48 10
331 336 46 10
331 337 46 10
331 338 21 5
331 339 30 5
331 344 25 9
331 383 36 10
331 400 14 10
331 409 1 7
331 435 37 8
331 437 2 10
331 473 13 8
331 499 24 4
331 535 49 8
331 585 21 8
331 610 41 10
331 626 42 8
331 659 21 2
331 691 37 8
331 701 20 2
331 757 6 2
331 760 48 1
331 791 14 3
332 677 17 3
333 391 42 8
336 361 4 6
337 453 25 1
338 568 29 10
339 578 50 3
339 795 2 5
340 341 45 6
340 342 36 10
340 343 36 6
340 344 47 5
340 345 40 6
340 346 22 1
340 347 15 7
340 348 41 2
340 349 39 5
340 350 47 10
340 351 10 7
340 352 33 4
340 382 35 9
340 400 29 1
340 407 23 8
340 628 21 9
340 655 2 3
340 736 34 5
341 342 23 9
341 343 6 4
341 344 41 10
341 345 44 7
341 353 28 7
341 354 48 7
341 355 40 5
341 356 32 1
341 357 46 10
341 358 36 9
341 409 31 9
341 437 5 3
341 456 10 7
341 720 11 3
341 791 11 4
342 343 16 10
342 344 16 6
342 345 44 6
342 359 45 1
342 360 1 6
342 361 32 1
342 362 10 9
342 371 44 1
342 400 10 3
342 472 25 3
342 501 40 5
342 565 6 5
342 575 39 4
342 690 24 3
343 344 5 3
343 345 30 6
343 363 22 7
343 364 11 5
343 471 34 8
343 565 10 1
343 585 18 10
343 611 26 1
343 656 38 9
343 720 38 10
343 761 12 6
344 345 43 7
344 365 1 3
344 366 40 7
344 367 38 7
344 368 38 8
344 456 34 7
344 497 31 10
344 585 14 7
344 611 36 9
344 701 20 8
344 736 2 2
344 755 2 1
345 369 31 2
345 370 37 9
345 380 48 9
345 438 39 6
345 535 6 2
345 539 45 5
345 575 40 9
345 626 31 8
345 691 10 9
345 702 38 5
345 791 41 6
346 365 44 7
351 529 48 1
352 533 20 10
353 767 16 4
355 422 11 1
358 443 15 6
358 528 11 10
358 637 13 5
359 445 6 4
359 525 16 2
359 692 17 6
360 378 6 1
360 650 16 6
362 553 29 10
363 597 38 1
364 460 46 6
366 451 40 4
369 694 18 3
370 371 22 1
370 372 2 10
370 373 24 6
370 381 23 6
370 382 30 8
370 409 49 4
370 455 26 6
370 471 18 4
370 496 17 3
370 501 50 5
370 536 24 10
370 575 31 8
370 610 21 10
370 611 18 10
370 629 26 1
370 659 19 1
370 691 39 7
370 700 44 8
370 702 18 4
370 738 4 5
370 755 34 10
370 757 8 1
370 791 25 7
371 374 23 7
371 375 6 7
371 376 16 2
371 377 21 2
371 378 48 1
371 379 10 1
371 400 43 4
371 409 19 4
371 436 1 2
371 438 5 1
371 455 31 7
371 470 8 4
371 536 5 7
371 566 16 2
371 575 29 10
371 583 8 10
371 585 15 6
371 630 35 1
371 657 43 8
371 691 49 4
371 720 11 8
371 721 34 5
371 738 1 9
371 790 20 3
374 750 50 3
376 517 39 10
376 732 10 7
377 459 10 6
378 510 15 2
380 381 46 8
380 382 26 7
380 383 7 8
380 384 10 4
380 385 50 5
380 386 22 10
380 387 10 2
380 406 16 4
380 435 22 9
380 537 34 4
380 565 18 4
380 582 44 7
380 612 1 4
380 625 10 10
380 661 30 4
380 721 50 2
380 757 47 3
380 791 22 1
381 382 34 6
381 383 36 8
381 388 50 7
381 389 5 9
381 390 48 10
381 457 16 1
381 499 23 2
381 626 40 8
381 690 3 2
381 722 34 5
381 735 43 6
381 737 45 7
381 760 11 9
382 383 40 2
382 391 21 10
382 392 21 7
382 393 9 10
382 394 35 1
382 395 6 1
382 396 19 9
382 397 37 6
382 398 31 1
382 400 48 2
382 409 26 5
382 435 32 9
382 470 40 10
382 498 38 3
382 539 4 5
382 566 1 5
382 575 4 3
382 580 34 7
383 399 24 5
383 400 12 8
383 455 18 7
383 470 34 4
383 657 13 7
383 703 1 8
384 560 10 6
384 568 13 7
385 797 7 7
387 511 48 3
392 447 16 9
392 781 13 7
394 677 16 7
399 795 39 9
400 401 42 6
400 402 6 2
400 403 26 10
400 404 48 9
400 405 13 2
400 410 9 8
400 435 35 8
400 438 18 5
400 456 16 7
400 457 4 6
400 472 27 10
400 474 3 8
400 496 9 1
400 501 4 6
400 537 28 8
400 540 36 5
400 566 31 5
400 575 20 10
400 581 6 8
400 582 24 3
400 611 34 4
400 612 14 9
400 625 25 1
400 630 31 4
400 655 44 2
400 660 18 7
400 690 6 5
400 691 41 7
400 700 1 8
400 720 4 10
400 721 18 6
400 735 6 7
400 737 49 6
400 756 35 8
400 761 44 4
400 790 28 8
401 621 29 10
404 752 50 1
405 406 11 4
405 407 7 2
405 408 41 1
405 409 9 8
405 410 46 5
405 411 36 3
405 565 41 10
405 626 49 5
405 720 32 6
405 759 29 3
405 791 5 7
406 407 47 4
406 408 9 5
406 409 47 7
406 410 3 5
406 412 23 7
406 413 24 3
406 414 38 6
406 415 24 6
406 416 21 4
406 417 34 4
406 471 7 2
406 500 5 7
406 575 39 4
406 612 50 1
406 691 33 8
406 701 14 2
407 408 18 1
407 409 47 9
407 410 5 7
407 418 9 8
407 419 26 7
407 420 36 6
407 421 24 3
407 455 19 2
407 581 47 9
407 610 30 3
407 628 45 4
408 409 49 8
408 410 37 9
408 422 16 4
408 423 11 9
408 424 44 8
408 425 26 9
408 426 32 2
408 437 16 8
408 536 16 4
408 566 4 5
408 655 26 2
408 721 35 4
408 736 15 5
408 757 29 10
409 410 44 5
409 427 34 5
409 428 4 8
409 429 21 3
409 430 34 9
409 431 24 7
409 432 22 6
409 437 1 10
409 470 34 8
409 539 13 9
409 575 18 7
409 582 22 8
409 661 29 9
409 790 38 6
410 433 18 3
410 434 42 2
410 456 38 6
410 502 21 3
410 691 2 1
410 701 6 9
410 735 29 7
413 532 21 2
414 767 18 7
414 773 29 5
415 465 42 10
418 684 3 2
425 448 30 2
425 687 30 3
426 594 36 3
431 723 11 7
434 752 1 10
435 436 4 5
435 437 17 4
435 438 25 3
435 439 36 3
435 440 26 7
435 441 8 7
435 442 22 5
435 443 1 7
435 457 13 10
435 470 4 3
435 575 3 5
435 703 12 2
435 736 22 3
435 759 7 10
436 437 19 3
436 438 39 4
436 444 28 7
436 445 19 7
436 471 37 7
436 500 34 7
436 565 29 6
436 580 26 3
436 612 4 4
436 657 46 1
436 736 28 6
436 790 40 8
436 791 35 7
437 438 8 2
437 446 26 8
437 447 32 1
437 448 5 6
437 449 29 2
437 450 47 1
437 451 34 8
437 452 23 3
437 500 28 5
437 539 2 5
437 575 31 4
437 583 4 3
437 691 36 9
437 703 35 8
437 721 45 3
437 756 36 5
438 453 47 6
438 454 2 8
438 456 46 10
438 535 45 1
438 565 34 6
438 612 5 2
438 626 11 1
438 628 35 5
438 656 50 8
438 691 6 5
438 720 32 8
441 717 11 10
444 482 28 3
444 570 10 1
444 704 46 6
446 632 33 1
448 727 1 1
449 544 26 7
451 593 16 3
451 731 33 9
452 505 20 3
452 718 50 6
454 632 1 2
455 456 49 3
455 457 3 4
455 458 11 9
455 459 24 6
455 496 14 8
455 498 47 3
455 538 7 5
455 565 37 4
455 661 15 7
455 691 39 10
455 701 9 1
455 735 29 5
456 457 15 2
456 460 4 1
456 461 23 4
456 472 12 9
456 539 23 6
456 565 29 3
456 575 15 10
456 585 9 3
456 630 41 3
456 657 28 2
456 721 21 1
456 790 19 1
457 462 46 1
457 463 3 1
457 464 20 4
457 465 8 1
457 466 38 2
457 467 45 9
457 468 27 8
457 469 20 6
457 471 39 6
457 583 28 2
457 610 47 9
457 611 14 6
457 628 35 5
457 691 26 1
457 701 1 4
457 721 33 8
457 735 46 2
457 758 4 6
457 759 23 8
457 791 1 1
458 476 17 10
461 484 46 9
464 783 49 4
467 644 20 2
467 779 32 7
470 471 43 7
470 472 2 6
470 473 46 3
470 474 19 10
470 475 6 7
470 476 41 10
470 477 49 5
470 478 47 10
470 479 48 8
470 480 3 5
470 722 40 8
470 761 24 5
471 472 24 8
471 473 26 2
471 474 22 9
471 481 31 10
471 482 1 10
471 502 47 2
471 566 19 6
471 575 26 1
471 738 31 2
472 473 40 10
472 474 22 8
472 483 9 6
472 484 22 9
472 485 8 9
472 536 46 8
472 575 29 3
472 610 31 3
472 611 4 1
472 659 1 7
472 790 41 6
473 474 42 7
473 486 41 9
473 487 6 1
473 488 12 7
473 489 41 10
473 490 45 3
473 655 26 1
473 691 5 4
473 700 12 4
473 703 15 8
473 738 16 4
473 757 13 5
473 790 12 2
474 491 30 9
474 492 48 8
474 493 25 2
474 494 1 2
474 502 26 5
474 537 14 10
474 566 24 3
474 583 45 2
474 585 40 10
474 626 50 5
474 629 17 6
474 720 22 4
477 741 33 8
479 694 17 7
482 597 45 8
483 633 27 8
486 688 22 3
487 732 22 8
487 772 6 6
488 609 13 4
489 574 4 1
489 649 25 9
495 496 15 4
495 497 26 3
495 498 39 3
495 499 13 4
495 500 16 1
495 501 48 1
495 502 11 1
495 503 32 5
495 582 45 6
496 497 15 3
496 498 23 6
496 499 19 1
496 500 50 5
496 501 30 5
496 502 31 5
496 504 29 5
496 505 41 6
496 583 46 3
496 612 15 3
496 690 17 4
497 498 10 9
497 499 46 2
497 500 24 10
497 501 8 1
497 502 16 8
497 506 26 7
497 507 12 9
497 508 26 10
497 509 37 10
497 612 9 7
497 701 45 3
498 499 28 10
498 500 20 9
498 501 46 2
498 502 22 3
498 510 16 8
498 511 19 1
498 512 19 6
498 536 27 3
498 575 47 9
498 722 48 8
499 500 31 1
499 501 32 5
499 502 47 4
499 513 9 7
499 514 37 3
499 515 19 10
499 516 43 6
499 517 27 1
499 518 15 10
499 519 43 6
499 626 40 7
499 735 48 8
499 737 14 8
499 759 16 3
500 501 37 8
500 502 9 7
500 520 49 6
500 521 30 2
500 522 21 3
500 523 29 7
500 524 10 6
500 566 36 6
500 628 22 7
500 690 19 4
500 701 39 9
500 721 31 4
500 791 14 8
501 502 35 8
501 525 32 7
501 526 4 3
501 527 7 1
501 528 16 3
501 529 1 10
501 530 16 3
501 531 9 9
501 532 44 10
501 566 42 7
501 575 16 3
501 658 37 10
501 791 23 6
502 533 10 2
502 534 18 9
502 539 47 9
502 658 28 6
502 759 43 10
504 618 45 2
504 730 16 3
505 799 29 6
508 523 47 3
512 666 6 5
512 671 33 9
516 706 1 6
520 798 31 5
528 648 4 1
528 716 17 3
529 680 13 9
530 773 32 4
531 591 33 6
532 751 38 8
533 641 40 8
533 763 17 4
534 572 34 1
534 642 32 2
535 536 27 7
535 537 38 8
535 538 19 1
535 539 23 6
535 540 29 7
535 541 9 2
535 542 11 4
535 543 43 8
535 544 17 10
535 545 13 4
535 546 46 9
535 547 28 1
535 566 7 4
535 575 11 1
535 658 19 2
536 537 10 2
536 538 5 5
536 539 21 3
536 540 23 1
536 548 1 3
536 549 4 4
536 575 16 5
536 580 24 8
536 625 38 6
536 735 45 7
536 759 2 3
537 538 3 3
537 539 19 5
537 540 17 1
537 550 33 1
537 551 9 6
537 552 38 9
537 553 20 7
537 554 7 7
537 555 41 10
537 556 47 4
537 584 5 3
537 612 3 4
537 656 5 8
537 690 10 1
537 702 24 6
537 759 18 9
538 250 27 2
538 270 2 9
538 539 18 9
538 540 49 8
538 557 37 10
538 558 7 8
538 566 36 3
538 720 50 4
538 737 18 4
539 540 46 10
539 559 25 9
539 702 50 9
539 720 10 6
539 790 31 2
539 791 2 10
540 560 3 10
540 561 27 2
540 562 4 5
540 563 3 4
540 564 5 9
540 630 15 1
545 669 29 3
545 682 2 10
547 619 12 1
548 704 10 2
556 602 9 2
557 772 17 2
559 651 11 10
562 568 4 8
565 566 14 2
565 567 29 6
565 568 5 9
565 569 34 5
565 575 14 2
565 580 15 4
565 584 43 8
565 611 28 9
565 612 10 9
565 628 27 2
565 661 3 8
565 690 3 6
565 702 21 5
565 721 31 1
565 736 46 6
565 761 43 1
565 791 7 2
566 570 6 7
566 571 50 10
566 572 40 10
566 573 48 1
566 574 39 7
566 575 2 8
566 629 45 8
566 655 45 2
566 691 41 6
566 703 36 7
566 721 33 6
566 736 38 2
567 696 34 5
569 729 35 8
573 494 4 9
575 576 4 10
575 577 32 4
575 578 24 6
575 579 27 4
575 582 9 10
575 585 35 1
575 611 40 2
575 612 19 5
575 625 36 2
575 627 25 9
575 656 2 9
575 658 1 3
575 690 49 1
575 700 41 4
575 701 29 7
575 720 34 3
575 721 4 7
575 737 48 10
575 738 46 9
575 755 4 6
575 761 4 5
575 790 44 5
575 791 3 6
576 654 21 9
576 751 49 4
580 581 12 4
580 582 25 1
580 583 34 3
580 584 25 5
580 585 7 7
580 586 20 9
580 587 33 2
580 588 49 3
580 589 20 5
580 612 45 4
580 691 7 10
581 582 44 3
581 583 2 10
581 584 47 5
581 585 27 5
581 590 20 3
581 591 3 10
581 612 8 4
581 626 16 8
581 701 12 7
581 720 7 6
581 759 24 6
582 583 21 2
582 584 38 3
582 585 41 1
582 592 26 3
582 593 2 8
582 594 4 10
582 595 1 10
582 735 44 5
582 736 7 5
582 755 17 1
582 791 36 3
583 584 31 5
583 585 9 9
583 596 16 10
583 597 31 8
583 598 2 5
583 599 46 6
583 655 50 5
583 690 32 4
583 701 32 2
583 790 49 10
584 585 6 4
584 600 50 8
584 601 27 4
584 602 2 1
584 603 48 7
584 604 29 1
584 605 49 2
584 628 14 2
584 720 42 3
585 606 14 4
585 607 19 9
585 608 40 4
585 609 13 10
585 660 35 4
586 674 10 10
588 636 11 2
593 678 13 7
595 675 32 8
597 598 8 5
599 637 11 7
599 672 41 4
601 645 36 2
601 745 28 7
602 712 37 9
603 714 28 8
609 731 20 9
610 611 36 5
610 612 25 5
610 613 40 5
610 659 3 6
610 758 27 8
611 612 44 6
611 614 29 3
611 615 5 2
611 616 5 5
611 617 31 5
611 618 14 3
611 619 39 7
611 620 50 7
611 621 3 8
611 625 33 1
611 658 47 7
611 690 12 7
611 691 32 6
611 703 39 7
611 736 44 9
612 622 23 1
612 623 31 3
612 624 46 10
612 628 32 6
612 701 24 3
612 721 25 2
612 722 12 4
612 737 4 7
612 758 24 6
612 790 42 8
622 689 16 8
624 672 34 8
625 626 24 7
625 627 42 2
625 628 38 5
625 629 33 9
625 630 10 6
625 631 27 6
625 632 37 5
625 633 43 9
625 634 23 2
625 635 50 2
625 702 48 5
625 720 27 1
626 627 24 3
626 628 17 4
626 629 18 3
626 630 23 3
626 636 16 3
626 637 14 9
626 638 39 9
626 703 49 5
626 737 18 4
626 790 34 3
627 628 3 10
627 629 3 3
627 630 34 1
627 639 40 7
627 640 17 5
627 641 14 9
627 642 24 9
627 655 11 7
627 657 11 6
628 629 27 5
628 630 20 7
628 643 44 7
628 644 23 3
628 645 37 2
628 646 42 1
628 647 29 10
628 691 29 7
628 721 47 3
628 758 43 7
629 630 20 10
629 648 35 8
629 649 22 6
629 650 49 3
629 651 29 5
629 691 48 9
629 760 40 6
630 652 17 7
630 653 13 6
630 654 47 7
630 738 30 2
630 791 7 1
633 673 32 1
639 699 34 8
639 796 5 9
650 718 30 10
650 724 28 6
653 731 26 3
654 719 17 7
655 656 4 8
655 657 38 2
655 658 49 1
655 659 12 3
655 660 1 8
655 661 2 10
655 662 14 3
655 663 36 1
655 664 16 3
655 703 21 4
655 722 6 10
656 657 30 10
656 658 42 2
656 659 50 8
656 660 13 6
656 661 30 1
656 665 12 8
656 666 6 4
656 667 23 1
656 668 46 9
656 669 21 2
656 670 28 2
656 671 9 6
656 755 11 4
657 658 15 9
657 659 49 1
657 660 12 2
657 661 23 2
657 672 35 8
657 673 44 4
657 674 13 7
657 675 18 3
658 659 2 1
658 660 34 9
658 661 5 5
658 676 21 9
658 677 14 7
658 721 31 5
658 736 49 9
658 737 47 4
658 756 50 4
658 790 7 4
659 660 15 4
659 661 6 6
659 678 2 8
660 661 13 9
660 679 31 3
660 680 29 6
660 681 39 8
660 682 14 5
660 683 10 1
660 684 30 3
660 690 36 10
660 691 7 4
660 702 32 2
661 685 41 4
661 686 24 9
661 687 4 1
661 688 10 10
661 689 37 3
661 791 25 5
665 740 19 2
675 772 1 4
680 795 16 2
690 691 41 1
690 692 31 6
690 693 40 10
690 694 47 10
690 695 37 10
690 696 25 9
690 697 48 1
690 701 27 7
690 702 46 10
690 722 26 10
690 735 5 4
690 790 2 4
690 791 43 10
691 698 47 1
691 699 47 2
691 738 46 3
691 755 24 3
691 760 8 5
695 731 4 10
699 787 45 3
700 701 13 5
700 702 20 2
700 703 18 10
700 704 20 8
700 705 8 8
700 706 23 6
700 707 46 4
700 735 48 4
701 702 27 8
701 703 2 1
701 708 12 3
701 709 32 5
701 710 19 10
701 720 35 1
701 756 12 6
702 703 33 4
702 711 45 1
702 712 19 6
702 713 22 10
702 714 17 3
702 715 13 5
702 716 36 9
702 738 4 5
702 756 5 6
703 717 29 9
703 718 44 10
703 719 4 6
703 720 40 9
703 791 28 7
704 765 8 8
706 770 44 8
707 731 33 6
709 765 31 9
712 752 41 3
719 775 29 6
720 721 41 7
720 722 1 6
720 723 45 6
720 724 33 9
720 736 18 1
720 790 19 6
720 791 11 4
721 722 9 6
721 725 31 6
721 726 13 1
721 727 24 1
721 756 36 8
721 758 37 7
722 728 40 1
722 729 27 7
722 730 8 1
722 731 49 4
722 732 36 5
722 733 41 7
722 734 20 2
722 735 43 10
732 787 28 4
735 736 36 2
735 737 7 7
735 738 33 6
735 739 1 10
735 740 18 2
735 741 30 2
735 756 50 7
736 737 18 2
736 738 5 10
736 742 50 9
736 743 23 6
736 744 13 2
736 745 44 6
736 791 36 9
737 738 2 10
737 746 15 7
737 747 5 4
737 748 6 1
737 749 36 5
737 750 1 2
737 751 8 8
737 752 31 10
737 761 11 2
737 791 3 5
738 753 44 3
738 754 39 3
741 789 19 6
746 769 26 5
755 756 16 7
755 757 37 1
755 758 17 1
755 759 46 7
755 760 49 3
755 761 1 3
755 762 15 4
755 763 22 4
755 764 41 1
755 765 37 7
755 790 38 5
756 757 28 6
756 758 26 6
756 759 45 4
756 760 10 9
756 761 46 1
756 766 44 2
756 767 50 1
756 768 12 2
756 769 49 3
756 770 21 7
757 758 49 5
757 759 4 5
757 760 35 2
757 761 11 2
757 771 20 8
757 772 27 1
758 759 34 3
758 760 9 7
758 761 24 2
758 773 38 5
758 774 38 4
759 760 6 1
759 761 2 3
759 775 32 4
759 776 22 2
759 777 12 2
759 778 35 9
759 779 28 3
759 780 2 8
760 761 23 1
760 781 2 10
760 782 16 7
760 783 44 4
760 784 22 7
760 785 17 7
761 786 34 9
761 787 38 9
761 788 2 6
761 789 7 5
761 790 13 7
766 783 14 2
773 799 23 8
786 799 27 2
790 791 8 9
790 792 27 9
790 793 44 9
790 794 42 8
790 795 41 1
791 796 36 6
791 797 15 1
791 798 38 9
791 799 43 8

0 79 2
1 485 23
2 719 15
3 686 9
4 745 70
5 793 76
6 81 8
7 507 35
8 728 53
9 509 22
10 648 23
11 176 22
12 282 4
13 363 27
14 511 26
15 139 19
16 773 85
17 26 26
18 747 4
19 799 62
20 199 14
21 508 16
22 534 39
23 228 27
24 258 8
25 109 22
26 10 80
27 432 25
28 36 26
29 788 2
30 494 2
31 451 58
32 309 22
33 373 14
34 669 39
35 294 30
36 201 3
37 262 29
38 419 11
39 567 20
40 56 27
41 603 50
42 621 14
43 639 23
44 169 25
45 402 3
46 239 12
47 461 34
48 85 27
49 133 7
50 122 1
51 578 51
52 390 16
53 157 13
54 203 17
55 605 12
56 69 66
57 376 14
58 734 11
59 364 33
60 74 20
61 180 24
62 644 16
63 326 25
64 528 22
65 184 16
66 764 16
67 681 18
68 153 25
69 171 46
70 350 39
71 711 15
72 754 42
73 641 17
74 80 27
75 264 16
76 172 21
77 186 20
78 577 47
79 716 60
80 379 5
81 692 61
82 460 20
83 523 29
84 706 27
85 674 28
86 561 42
87 8 71
88 592 16
89 281 32
90 613 12
91 724 16
92 779 23
93 792 23
94 479 43
95 166 7
96 677 31
97 483 31
98 467 23
99 694 54
100 519 29
101 766 37
102 417 37
103 426 22
104 288 8
105 19 2
106 238 18
107 93 21
108 375 10
109 202 4
110 43 9
111 631 11
112 88 26
113 4 51
114 384 9
115 526 2
116 305 37
117 557 13
118 58 5
119 51 13
120 797 23
121 329 47
122 195 9
123 450 16
124 129 36
125 121 19
126 42 4
127 527 18
128 425 43
129 40 24
130 189 20
131 304 15
132 65 29
133 789 18
134 607 6
135 767 48
136 548 25
137 366 25
138 725 22
139 541 4
140 704 41
141 551 36
142 334 6
143 168 25
144 576 51
145 513 3
146 100 11
147 101 11
148 776 13
149 559 9
150 155 35
151 359 36
152 183 62
153 224 9
154 244 28
155 484 24
156 336 34
157 229 24
158 771 11
159 750 31
160 733 30
161 327 85
162 91 1
163 117 24
164 616 2
165 268 14
166 299 10
167 463 2
168 243 8
169 120 4
170 671 28
171 787 35
172 347 11
173 743 9
174 352 34
175 236 97
176 124 10
177 272 20
178 740 11
179 770 57
180 333 24
181 713 14
182 453 51
183 489 21
184 339 41
185 522 11
186 257 38
187 685 43
188 673 27
189 200 13
190 300 46
191 544 25
192 54 50
193 731 44
194 32 14
195 753 53
196 138 9
197 86 26
198 357 39
199 504 29
200 242 18
201 423 7
202 795 59
203 550 17
204 784 12
205 676 23
206 52 25
207 573 58
208 140 24
209 650 29
210 663 37
211 396 10
212 683 5
213 112 10
214 420 16
215 209 34
216 177 16
217 254 9
218 458 15
219 150 25
220 98 39
221 742 11
222 545 25
223 769 38
224 231 30
225 763 18
226 512 29
227 154 58
228 664 32
229 114 3
230 152 83
231 226 33
232 602 15
233 446 33
234 136 13
235 33 10
236 256 36
237 520 54
238 369 29
239 64 24
240 104 13
241 411 37
242 397 14
243 55 15
244 620 13
245 468 13
246 198 3
247 62 60
248 609 21
249 119 48
250 156 19
251 568 71
252 490 18
253 623 20
254 530 11
255 439 16
256 149 23
257 377 7
258 521 40
259 638 21
260 9 10
261 68 23
262 448 9
263 206 14
264 25 13
265 670 10
266 421 8
267 684 19
268 649 45
269 569 62
270 365 18
271 429 5
272 137 13
273 53 9
274 361 25
275 323 5
276 385 16
277 444 49
278 31 51
279 433 10
280 556 35
281 261 15
282 798 40
283 83 18
284 587 29
285 141 53
286 714 18
287 30 27
288 131 20
289 218 23
290 778 25
291 593 52
292 221 15
293 547 10
294 284 44
295 84 7
296 492 13
297 335 14
298 16 12
299 289 49
300 774 21
301 555 13
302 82 2
303 314 4
304 360 7
305 531 26
306 346 24
307 595 33
308 459 23
309 99 17
310 491 16
311 7 23
312 269 43
313 781 18
314 543 26
315 71 5
316 517 34
317 634 13
318 744 8
319 270 12
