800 2747 320

0 25 200
1 50 400
2 100 1000
3 150 1600
4 200 2400
5 250 3000

0 1500
1 1500
2 1500
3 2000
4 2000
5 1000
6 2000
7 2000
8 1000
9 2000
10 1500
11 2000
12 1500
13 2000
14 1500
15 1000
16 1000
17 1000
18 500
19 500
20 1500
21 1500
22 500
23 1500
24 1500
25 500
26 500
27 500
28 500
29 500
30 1500
31 1500
32 1500
33 1500
34 1500
35 1500
36 1500
37 1500
38 2000
39 2000
40 1000
41 1500
42 1500
43 2000
44 2000
45 1500
46 1500
47 1000
48 2000
49 1000
50 2000
51 2000
52 1000
53 2000
54 1500
55 2000
56 1000
57 1500
58 1000
59 2000
60 1500
61 1000
62 1500
63 1500
64 1500
65 1500
66 1500
67 2000
68 1500
69 500
70 1500
71 500
72 1000
73 2000
74 1500
75 2000
76 2000
77 2000
78 1000
79 2000
80 1000
81 1000
82 1500
83 2000
84 1500
85 2000
86 2000
87 2000
88 2000
89 1500
90 2000
91 2000
92 2000
93 2000
94 2000
95 1000
96 1500
97 1500
98 1500
99 1500
100 500
101 2000
102 2000
103 1500
104 1500
105 1500
106 1000
107 1000
108 2000
109 2000
110 1000
111 1500
112 2000
113 2000
114 1500
115 1500
116 1000
117 1000
118 2000
119 2000
120 2000
121 2000
122 2000
123 2000
124 1500
125 500
126 500
127 1000
128 500
129 500
130 1500
131 1500
132 1500
133 2000
134 1000
135 2000
136 1000
137 1500
138 1000
139 1500
140 1000
141 1500
142 2000
143 1500
144 2000
145 1000
146 1500
147 1500
148 500
149 500
150 2000
151 1000
152 2000
153 1500
154 2000
155 2000
156 2000
157 2000
158 1500
159 2000
160 1500
161 1000
162 1500
163 1500
164 1500
165 1000
166 2000
167 2000
168 500
169 1000
170 1000
171 1500
172 2000
173 1500
174 1000
175 1500
176 2000
177 2000
178 1500
179 1000
180 1500
181 1000
182 2000
183 1000
184 1500
185 1500
186 1500
187 1500
188 1500
189 1500
190 1500
191 2000
192 1000
193 1000
194 1500
195 1000
196 2000
197 1000
198 1500
199 2000
200 2000
201 2000
202 2000
203 2000
204 1000
205 1000
206 1000
207 1500
208 2000
209 2000
210 1500
211 1500
212 1500
213 1500
214 1500
215 1000
216 2000
217 2000
218 1500
219 2000
220 2000
221 2000
222 1000
223 2000
224 1000
225 2000
226 2000
227 2000
228 2000
229 1000
230 1000
231 1500
232 1000
233 2000
234 2000
235 1500
236 2000
237 1500
238 500
239 1500
240 1000
241 1000
242 1500
243 1500
244 1500
245 1500
246 1500
247 1500
248 1500
249 1500
250 500
251 1500
252 2000
253 1000
254 1000
255 1500
256 1000
257 2000
258 2000
259 2000
260 1500
261 2000
262 2000
263 2000
264 2000
265 1000
266 1500
267 1500
268 1000
269 2000
270 1500
271 2000
272 2000
273 1500
274 1000
275 2000
276 1000
277 2000
278 2000
279 1000
280 1500
281 1500
282 1500
283 2000
284 1000
285 1500
286 1500
287 2000
288 1500
289 1500
290 2000
291 1000
292 2000
293 2000
294 2000
295 1000
296 1500
297 1500
298 1500
299 1500
300 2000
301 2000
302 2000
303 1500
304 1000
305 1500
306 2000
307 1500
308 2000
309 2000
310 1000
311 2000
312 2000
313 1500
314 1000
315 1500
316 1500
317 1500
318 1500
319 1000
320 2000
321 1500
322 2000
323 2000
324 1000
325 2000
326 2000
327 2000
328 1000
329 2000
330 1000
331 2000
332 2000
333 1000
334 2000
335 1500
336 1500
337 1500
338 1500
339 1500
340 2000
341 2000
342 1500
343 1000
344 2000
345 1500
346 2000
347 2000
348 1000
349 1000
350 2000
351 2000
352 2000
353 1000
354 1000
355 2000
356 2000
357 2000
358 2000
359 1000
360 1500
361 1500
362 1000
363 1000
364 2000
365 1000
366 1000
367 2000
368 2000
369 2000
370 2000
371 1500
372 500
373 1500
374 1500
375 1500
376 1000
377 1500
378 1500
379 2000
380 2000
381 2000
382 2000
383 2000
384 2000
385 2000
386 1000
387 2000
388 1000
389 2000
390 2000
391 2000
392 2000
393 2000
394 2000
395 1500
396 1500
397 1500
398 1500
399 1500
400 2000
401 1000
402 2000
403 2000
404 1500
405 1500
406 2000
407 2000
408 2000
409 1000
410 1500
411 2000
412 2000
413 1500
414 2000
415 1000
416 2000
417 2000
418 1000
419 1500
420 1500
421 1500
422 1000
423 2000
424 2000
425 2000
426 2000
427 2000
428 2000
429 1000
430 1500
431 1500
432 2000
433 1000
434 1000
435 2000
436 2000
437 1500
438 1500
439 2000
440 1000
441 1500
442 1500
443 1500
444 1500
445 1500
446 1500
447 500
448 500
449 2000
450 2000
451 1000
452 1000
453 2000
454 2000
455 2000
456 1000
457 2000
458 1000
459 2000
460 1000
461 1000
462 2000
463 2000
464 2000
465 2000
466 2000
467 2000
468 1500
469 2000
470 1500
471 1500
472 1500
473 2000
474 1000
475 1500
476 1500
477 1000
478 2000
479 1500
480 1500
481 1000
482 1000
483 2000
484 2000
485 1500
486 1500
487 1500
488 2000
489 1000
490 1000
491 1500
492 2000
493 2000
494 2000
495 2000
496 1000
497 1500
498 1500
499 2000
500 1500
501 1500
502 1500
503 1500
504 1500
505 1500
506 1500
507 1000
508 1000
509 2000
510 2000
511 1000
512 2000
513 1000
514 2000
515 2000
516 1000
517 1500
518 2000
519 1000
520 2000
521 2000
522 2000
523 1500
524 1000
525 1000
526 2000
527 2000
528 2000
529 2000
530 1000
531 1500
532 1000
533 2000
534 2000
535 1500
536 1500
537 1500
538 1500
539 1000
540 1500
541 2000
542 1500
543 2000
544 1500
545 1000
546 2000
547 1000
548 2000
549 1000
550 2000
551 2000
552 1500
553 2000
554 2000
555 1500
556 1500
557 1500
558 1500
559 1000
560 2000
561 1000
562 1000
563 1000
564 1500
565 2000
566 1000
567 1000
568 2000
569 2000
570 1000
571 1500
572 1500
573 2000
574 1000
575 1500
576 1000
577 1500
578 1500
579 1500
580 2000
581 1500
582 1000
583 2000
584 1000
585 2000
586 1500
587 1500
588 2000
589 1000
590 1000
591 1000
592 1000
593 2000
594 2000
595 1500
596 1500
597 2000
598 2000
599 2000
600 2000
601 2000
602 2000
603 2000
604 2000
605 1500
606 1500
607 1500
608 1500
609 2000
610 2000
611 2000
612 2000
613 1000
614 2000
615 2000
616 1000
617 2000
618 1500
619 1500
620 1500
621 2000
622 1000
623 1000
624 2000
625 1500
626 1000
627 2000
628 2000
629 2000
630 1500
631 2000
632 1000
633 500
634 500
635 1500
636 1500
637 1500
638 2000
639 2000
640 2000
641 1500
642 1500
643 2000
644 2000
645 1000
646 1500
647 1000
648 1500
649 500
650 1500
651 1000
652 2000
653 2000
654 1500
655 1000
656 2000
657 1000
658 500
659 2000
660 2000
661 2000
662 1500
663 1000
664 2000
665 1500
666 1500
667 1500
668 1500
669 1500
670 1500
671 1500
672 1000
673 1500
674 1000
675 1500
676 1000
677 1500
678 1000
679 2000
680 1500
681 1000
682 2000
683 1000
684 2000
685 1500
686 2000
687 2000
688 2000
689 2000
690 1500
691 1000
692 2000
693 2000
694 2000
695 1000
696 2000
697 2000
698 1000
699 1500
700 2000
701 2000
702 1500
703 2000
704 1500
705 2000
706 2000
707 2000
708 1000
709 1000
710 1500
711 1500
712 1500
713 1500
714 1000
715 1500
716 2000
717 2000
718 1500
719 2000
720 1000
721 2000
722 2000
723 1000
724 1000
725 1000
726 1000
727 2000
728 1000
729 2000
730 1500
731 1500
732 1500
733 2000
734 1500
735 2000
736 2000
737 2000
738 2000
739 2000
740 1500
741 2000
742 2000
743 1000
744 1000
745 1500
746 1500
747 1500
748 1500
749 1500
750 1500
751 1500
752 1500
753 1000
754 1500
755 2000
756 1000
757 1500
758 1000
759 1500
760 1000
761 1500
762 2000
763 2000
764 1000
765 2000
766 1000
767 2000
768 2000
769 1000
770 2000
771 1500
772 2000
773 2000
774 1500
775 1500
776 1500
777 2000
778 2000
779 1000
780 2000
781 2000
782 1500
783 2000
784 2000
785 1500
786 1500
787 1500
788 1500
789 2000
790 1000
791 1500
792 2000
793 1000
794 2000
795 2000
796 2000
797 2000
798 2000
799 1000

0 1 6 4
0 2 22 8
0 3 22 7
0 4 50 9
0 5 35 8
0 6 48 10
0 7 19 6
0 8 38 9
0 9 17 4
0 10 16 6
0 30 10 9
0 132 19 8
0 147 25 8
0 161 16 10
0 175 36 2
0 186 24 6
0 188 7 4
0 317 47 2
0 318 10 3
0 336 48 5
0 360 2 8
0 375 39 2
0 395 42 4
0 399 42 9
0 420 35 7
0 431 41 1
0 443 19 8
0 476 21 3
0 485 23 2
0 504 20 9
0 555 48 7
0 607 24 3
0 731 10 3
1 2 32 7
1 11 18 9
1 12 33 8
1 15 9 10
1 33 39 7
1 95 28 7
1 98 32 4
1 117 1 10
1 130 33 10
1 161 3 9
1 240 13 1
1 282 33 10
1 296 6 5
1 362 15 3
1 475 36 3
1 505 41 1
1 538 40 3
1 558 36 2
1 595 47 10
1 625 32 4
1 635 27 2
1 645 27 7
1 665 32 2
1 673 8 1
1 713 46 5
1 785 32 3
2 13 47 1
2 14 34 6
2 17 19 5
2 64 11 4
2 115 24 3
2 145 41 7
2 180 41 10
2 210 11 8
2 245 4 7
2 280 14 4
2 298 42 2
2 335 30 2
2 377 47 9
2 420 15 9
2 430 4 10
2 442 38 10
2 486 48 7
2 536 13 5
2 577 41 4
2 578 36 3
2 595 50 1
2 607 22 1
2 635 26 9
2 646 48 8
2 711 16 9
2 732 46 6
2 752 17 1
2 786 3 1
3 798 8 9
4 99 36 1
4 374 44 6
5 260 37 3
7 373 17 9
8 754 16 10
9 321 19 3
10 522 41 8
10 760 6 8
12 231 43 9
12 450 12 2
13 105 1 4
14 222 43 5
14 417 13 6
14 450 29 3
14 552 17 8
15 16 12 9
15 17 18 4
15 18 19 9
15 19 12 4
15 20 32 1
15 62 48 3
15 115 18 4
15 117 44 4
15 145 24 3
15 175 50 10
15 186 11 8
15 242 18 1
15 360 16 3
15 421 33 3
15 445 3 6
15 475 2 3
15 487 26 2
15 577 5 1
15 606 23 5
15 625 46 7
15 647 34 3
15 670 26 8
16 17 11 5
16 21 28 5
16 22 41 5
16 23 49 6
16 24 15 1
16 25 8 8
16 30 42 4
16 98 16 3
16 130 11 9
16 132 22 9
16 175 50 7
16 180 1 1
16 210 44 7
16 214 43 1
16 247 6 9
16 282 42 9
16 298 41 10
16 315 23 4
16 336 42 4
16 430 39 4
16 443 1 1
16 475 27 6
16 502 34 10
16 536 25 7
16 556 26 6
16 578 36 1
16 595 17 10
16 605 5 3
16 665 28 3
16 713 25 5
16 746 39 7
16 786 44 5
17 26 44 3
17 27 5 3
17 28 40 8
17 29 4 4
17 97 50 1
17 147 32 9
17 162 9 1
17 186 8 3
17 282 13 3
17 295 14 3
17 316 34 4
17 335 16 1
17 375 43 5
17 376 19 1
17 399 39 8
17 420 2 6
17 431 4 2
17 485 3 10
17 502 34 6
17 538 34 7
17 555 11 1
17 635 25 3
17 636 10 5
17 648 43 8
17 713 30 8
17 730 26 4
17 731 15 3
17 747 28 3
17 786 41 2
18 106 8 8
18 230 33 8
20 526 50 2
21 364 9 5
23 412 45 4
24 408 4 4
24 484 12 5
28 128 27 2
30 31 47 6
30 32 42 3
30 33 40 7
30 34 24 2
30 35 43 8
30 36 50 1
30 37 11 6
30 38 23 1
30 39 18 8
30 97 18 6
30 175 21 9
30 189 50 10
30 213 19 7
30 280 14 5
30 317 40 7
30 335 36 6
30 362 37 7
30 485 30 8
30 487 10 3
30 505 25 2
30 557 12 4
30 608 1 3
30 626 38 8
30 635 10 7
30 645 18 8
30 730 41 8
31 32 27 9
31 33 26 6
31 34 20 10
31 35 21 2
31 40 26 4
31 41 44 8
31 42 13 3
31 43 16 7
31 44 6 6
31 45 25 9
31 46 13 3
31 47 17 8
31 48 27 9
31 162 8 6
31 180 7 5
31 315 19 2
31 395 2 5
31 397 34 4
31 445 15 10
31 506 17 3
31 669 38 6
31 712 3 1
32 33 45 10
32 34 35 2
32 35 45 10
32 49 21 6
32 50 12 10
32 51 21 3
32 97 47 10
32 180 15 10
32 336 46 5
32 362 21 2
32 420 49 6
32 431 32 6
32 476 34 2
32 537 34 2
32 596 6 7
32 646 44 5
32 746 41 2
33 34 1 9
33 35 38 1
33 52 15 10
33 53 30 2
33 115 3 8
33 175 46 4
33 240 20 10
33 375 26 9
33 444 24 3
33 595 39 7
33 625 14 9
33 636 38 8
33 669 34 8
34 35 24 1
34 54 1 6
34 65 11 3
34 131 43 9
34 146 13 6
34 161 47 9
34 187 33 6
34 213 26 7
34 269 39 6
34 430 39 6
34 476 13 5
34 575 41 5
34 578 2 6
34 712 41 2
34 731 40 7
35 55 49 8
35 56 45 5
35 57 21 3
35 58 22 8
35 59 25 3
35 62 33 3
35 116 25 1
35 146 16 4
35 189 37 4
35 246 41 10
35 280 11 9
35 298 47 3
35 536 12 3
35 556 20 6
35 608 35 10
35 749 39 2
35 786 6 4
35 787 35 6
36 53 4 8
37 290 29 8
38 405 36 8
38 600 2 1
39 82 25 2
40 758 27 10
41 662 49 7
41 789 35 4
42 252 15 1
44 123 8 6
44 641 32 10
45 696 13 6
45 742 43 1
46 643 24 6
48 791 37 8
51 299 27 3
51 438 17 10
52 197 24 3
53 531 3 3
53 571 43 1
53 740 28 10
54 615 15 4
55 123 20 9
55 139 22 6
55 534 26 9
57 156 1 1
57 615 41 3
59 685 37 5
60 61 33 2
60 62 25 1
60 63 10 3
60 64 30 1
60 65 7 3
60 66 35 8
60 67 46 8
60 162 4 9
60 189 21 4
60 282 7 9
60 296 1 2
60 317 46 6
60 338 7 3
60 396 14 1
60 420 44 8
60 476 41 10
60 596 35 2
60 731 35 9
61 62 40 9
61 63 45 6
61 64 35 5
61 65 38 4
61 66 47 2
61 68 4 8
61 69 40 6
61 70 46 2
61 71 3 10
61 115 24 7
61 116 42 7
61 161 14 3
61 180 4 8
61 362 9 2
61 375 39 4
61 421 10 9
61 502 1 3
61 786 25 2
62 63 6 9
62 64 10 9
62 65 13 7
62 66 1 9
62 72 22 2
62 73 3 8
62 74 1 2
62 75 31 1
62 95 32 2
62 145 36 2
62 189 43 1
62 360 45 3
62 486 6 1
62 487 48 5
62 537 17 4
62 667 33 5
62 786 7 9
63 64 32 9
63 65 39 6
63 66 22 1
63 76 14 1
63 77 11 10
63 78 18 2
63 79 42 5
63 80 35 3
63 81 30 5
63 82 41 2
63 130 48 6
63 180 2 8
63 214 33 6
63 295 11 9
63 317 21 7
63 430 34 7
63 431 4 6
63 538 22 3
63 556 2 6
63 595 17 1
63 608 47 9
63 625 45 4
63 635 50 7
63 636 10 3
63 710 1 7
63 713 20 8
64 65 1 7
64 66 46 8
64 83 32 6
64 84 37 4
64 85 19 2
64 86 43 9
64 146 7 10
64 175 23 4
64 241 37 4
64 243 35 1
64 396 21 10
64 441 22 4
64 445 24 4
65 66 43 2
65 87 2 5
65 88 32 5
65 89 12 2
65 90 48 1
65 175 40 1
65 377 11 9
65 607 26 3
65 648 50 9
65 732 44 4
65 747 13 6
66 91 15 5
66 92 21 1
66 93 34 9
66 94 17 4
66 95 2 10
66 130 20 3
66 211 12 2
66 281 32 8
66 335 20 7
66 476 27 8
66 502 13 6
66 577 42 9
66 578 37 7
66 625 12 5
66 645 35 4
66 671 6 4
66 752 40 7
67 112 44 4
68 293 39 7
70 225 42 5
72 564 4 9
73 449 35 5
74 290 30 8
75 690 47 1
83 164 29 3
84 686 42 8
85 679 7 9
85 701 10 9
86 321 3 8
87 593 33 2
88 692 41 1
89 157 37 9
91 603 39 1
94 494 27 9
95 96 10 10
95 97 39 5
95 98 8 9
95 99 39 8
95 100 35 7
95 175 31 9
95 247 50 9
95 296 2 4
95 316 47 4
95 361 37 7
95 420 27 2
95 421 23 4
95 431 7 9
95 440 14 3
95 444 13 10
95 475 38 4
95 536 36 5
95 556 50 9
95 575 35 7
95 606 3 5
95 626 20 3
95 731 22 2
95 750 7 2
95 787 15 5
96 97 27 9
96 98 25 1
96 101 13 5
96 102 5 3
96 103 36 6
96 104 6 1
96 105 42 7
96 106 19 10
96 131 20 6
96 132 48 6
96 146 31 9
96 180 5 2
96 188 41 1
96 189 38 7
96 215 6 8
96 282 35 5
96 336 38 5
96 360 48 5
96 398 21 3
96 504 45 4
96 537 39 2
96 596 38 7
96 647 9 7
96 669 6 10
96 748 36 3
97 98 7 1
97 107 27 8
97 108 12 5
97 109 48 10
97 110 49 8
97 111 32 3
97 147 43 7
97 180 10 9
97 280 31 1
97 295 48 6
97 318 38 5
97 399 13 7
97 430 10 10
97 487 10 7
97 500 30 8
97 607 22 2
97 625 43 4
97 635 26 9
97 646 8 5
97 667 44 6
97 713 32 2
98 112 35 9
98 113 24 1
98 114 11 2
98 115 24 2
98 116 42 5
98 161 29 3
98 175 40 5
98 212 24 7
98 243 34 3
98 339 28 8
98 375 21 1
98 377 28 7
98 476 49 4
98 487 15 1
98 555 34 7
98 578 47 6
98 595 34 2
98 636 47 3
98 731 11 10
98 785 29 7
99 196 22 1
102 484 33 5
102 492 39 3
103 387 49 1
103 551 16 4
104 156 31 6
104 191 21 3
104 234 32 3
104 404 37 1
106 547 47 7
109 270 20 6
109 301 46 1
111 643 4 9
114 533 32 1
114 794 37 7
115 116 40 3
115 117 19 8
115 118 6 1
115 119 29 8
115 120 42 1
115 121 18 3
115 122 34 4
115 123 20 10
115 130 12 3
115 132 21 8
115 145 17 7
115 180 17 4
115 186 29 6
115 188 4 9
115 212 42 4
115 243 20 9
115 281 30 9
115 336 11 4
115 361 1 6
115 395 40 10
115 399 49 8
115 421 16 1
115 443 43 1
115 487 29 8
115 556 28 10
115 558 38 10
115 596 9 8
115 607 17 7
115 625 31 2
115 635 46 9
115 647 11 10
115 749 19 10
115 752 29 1
115 786 48 1
115 787 19 1
116 117 42 7
116 124 10 9
116 125 38 7
116 126 40 10
116 127 48 2
116 146 2 8
116 162 1 4
116 175 39 8
116 180 39 5
116 213 23 2
116 280 16 7
116 296 29 4
116 317 21 3
116 360 31 2
116 421 11 7
116 430 16 4
116 440 13 5
116 475 24 3
116 476 12 5
116 500 14 8
116 576 22 10
116 596 10 6
116 648 15 2
116 669 18 10
116 712 10 7
117 128 29 6
117 129 5 9
117 162 11 8
117 243 3 10
117 298 12 6
117 316 40 2
117 338 45 3
117 375 7 5
117 377 46 8
117 485 6 10
117 502 42 10
117 536 28 7
117 537 9 7
117 578 30 7
117 606 36 3
117 625 25 4
117 636 18 6
117 668 28 10
117 712 39 8
117 731 13 3
117 732 16 10
119 627 4 1
122 309 17 2
124 755 11 5
127 218 50 9
130 131 2 2
130 132 17 8
130 133 21 6
130 134 42 9
130 135 44 8
130 136 36 6
130 137 28 6
130 145 35 4
130 146 42 1
130 180 4 4
130 212 28 4
130 246 13 9
130 316 28 1
130 339 13 1
130 376 40 3
130 420 32 3
130 430 27 4
130 444 33 4
130 486 47 5
130 536 20 8
130 557 46 6
130 577 41 8
130 608 8 5
130 626 41 6
130 787 48 6
131 132 32 6
131 138 40 8
131 139 46 5
131 140 12 3
131 141 12 6
131 142 11 1
131 143 24 5
131 160 12 10
131 161 4 2
131 175 18 8
131 180 20 3
131 185 30 10
131 280 28 9
131 281 45 7
131 297 11 9
131 316 19 9
131 360 8 6
131 376 22 4
131 399 19 7
131 440 3 1
131 475 3 1
131 476 17 4
131 485 27 7
131 501 44 6
131 576 6 10
131 595 46 4
131 668 30 3
131 712 44 2
131 730 13 10
131 750 46 8
131 786 31 2
132 144 40 9
132 175 41 9
132 188 14 2
132 211 14 9
132 242 9 2
132 297 38 6
132 337 1 9
132 361 29 4
132 397 3 5
132 421 23 6
132 501 32 1
132 536 37 7
132 556 14 2
132 595 7 4
132 608 37 6
132 626 34 4
132 635 47 1
132 636 19 4
132 645 42 3
132 665 4 3
132 710 49 6
132 731 35 7
132 751 23 2
133 383 7 3
135 182 39 8
137 510 6 8
138 192 9 1
138 195 4 2
138 230 10 8
138 542 12 5
140 178 11 9
140 632 12 2
141 735 50 1
141 773 29 8
143 526 4 1
145 146 32 5
145 147 12 6
145 148 33 6
145 149 18 6
145 242 24 10
145 318 1 7
145 335 23 10
145 376 26 10
145 420 4 7
145 431 27 1
145 442 47 4
145 444 34 8
145 575 26 2
145 605 14 9
145 608 50 8
145 635 34 10
145 648 50 4
145 668 3 9
145 747 12 6
145 750 17 10
145 787 36 5
146 147 13 7
146 150 4 9
146 151 9 10
146 152 49 7
146 153 21 3
146 154 28 1
146 155 47 9
146 156 45 3
146 161 15 3
146 180 35 7
146 189 35 8
146 280 4 3
146 282 28 10
146 316 25 2
146 362 45 3
146 397 32 5
146 420 36 1
146 431 49 5
146 476 45 3
146 535 30 9
146 556 48 6
146 665 5 8
146 712 7 4
146 732 26 10
147 157 44 10
147 158 20 6
147 159 43 3
147 162 49 2
147 175 37 3
147 188 28 10
147 210 19 9
147 212 45 1
147 242 6 8
147 296 34 3
147 336 40 8
147 361 45 3
147 376 25 5
147 396 26 3
147 475 22 7
147 485 38 6
147 500 7 8
147 505 40 1
147 535 49 9
147 556 11 1
147 578 3 5
147 595 15 4
147 596 1 9
147 625 37 2
147 626 3 1
147 635 44 4
147 648 19 8
147 711 12 10
147 786 35 3
150 248 22 1
151 498 29 1
153 463 1 9
156 704 4 3
157 302 31 5
157 564 4 5
158 167 3 9
158 756 11 8
160 161 9 5
160 162 37 6
160 163 15 3
160 164 15 8
160 165 1 1
160 166 44 7
160 167 34 9
160 175 19 5
160 180 50 4
160 244 9 2
160 282 29 5
160 297 40 9
160 317 6 2
160 360 2 7
160 376 13 10
160 399 45 2
160 430 13 5
160 440 28 10
160 555 7 10
160 556 41 6
160 578 8 10
160 607 32 1
160 636 20 5
160 646 39 4
160 710 17 4
160 713 34 5
160 730 47 9
160 748 14 7
160 749 11 3
161 162 6 3
161 168 39 8
161 187 1 10
161 210 19 5
161 213 46 10
161 243 48 3
161 280 42 10
161 315 20 10
161 335 26 3
161 337 4 6
161 421 1 9
161 441 29 1
161 486 11 5
161 503 40 9
161 536 37 8
161 537 27 8
161 607 35 5
161 626 36 1
161 671 7 2
161 785 40 1
162 169 9 7
162 170 15 6
162 171 48 5
162 172 46 2
162 173 37 10
162 174 45 5
162 175 46 2
162 180 4 6
162 189 38 5
162 297 35 7
162 360 21 8
162 377 32 9
162 398 11 8
162 420 28 8
162 475 40 1
162 504 23 7
162 576 8 9
162 595 37 5
162 596 21 1
162 625 6 8
162 635 50 6
162 647 45 4
162 666 6 8
162 732 38 1
163 621 48 1
164 179 5 5
164 278 33 5
165 779 16 7
167 470 8 4
167 588 17 7
168 310 6 4
171 797 40 10
173 320 28 1
174 204 36 4
175 176 14 4
175 177 50 1
175 178 18 8
175 179 41 10
175 180 20 1
175 186 44 8
175 214 14 10
175 215 14 2
175 241 11 10
175 246 49 4
175 280 46 6
175 282 39 4
175 295 28 5
175 316 12 7
175 336 24 7
175 337 20 5
175 360 20 4
175 362 4 7
175 375 46 3
175 377 42 5
175 396 42 5
175 398 25 7
175 421 18 9
175 430 12 3
175 431 1 7
175 444 34 2
175 446 16 4
175 476 40 9
175 485 24 2
175 501 10 9
175 536 44 8
175 537 44 8
175 556 4 8
175 558 9 2
175 577 19 2
175 578 13 7
175 595 47 3
175 596 50 5
175 605 37 10
175 607 41 6
175 626 28 4
175 635 13 3
175 645 45 10
175 646 47 7
175 671 21 4
175 672 22 2
175 710 21 10
175 712 23 9
175 730 33 3
175 732 26 8
175 749 37 7
175 750 24 5
175 786 3 5
175 787 11 5
176 522 29 10
176 789 39 1
178 368 32 1
178 496 27 7
178 621 41 1
180 181 49 3
180 182 2 8
180 183 18 5
180 184 49 10
180 185 7 7
180 188 45 5
180 211 17 7
180 212 36 8
180 242 42 2
180 245 6 1
180 281 20 7
180 298 11 3
180 315 19 9
180 318 22 2
180 337 15 5
180 338 15 5
180 361 26 8
180 362 11 5
180 378 49 3
180 395 40 3
180 399 36 9
180 420 10 2
180 430 4 8
180 431 26 6
180 440 28 1
180 443 38 2
180 475 38 10
180 476 39 2
180 485 41 9
180 486 16 8
180 501 38 3
180 505 19 8
180 537 18 3
180 557 46 1
180 558 35 10
180 577 36 9
180 578 4 8
180 596 24 6
180 606 45 8
180 607 47 3
180 625 37 6
180 626 9 3
180 636 32 4
180 646 10 4
180 648 1 2
180 665 29 6
180 673 12 5
180 710 47 7
180 731 30 3
180 749 47 5
180 750 12 2
180 786 32 4
180 787 10 7
182 704 12 1
184 560 3 4
185 186 48 6
185 187 14 4
185 188 8 8
185 189 7 5
185 190 1 2
185 191 32 5
185 192 16 3
185 193 26 3
185 339 13 2
185 360 17 3
185 395 24 3
185 476 36 2
185 577 6 9
185 626 40 10
185 647 5 2
186 187 20 7
186 188 16 5
186 189 40 5
186 194 47 9
186 195 12 6
186 196 27 7
186 197 12 10
186 241 36 8
186 317 46 7
186 361 18 8
186 375 45 8
186 420 1 4
186 430 12 6
186 441 37 1
186 475 46 5
186 487 32 3
186 503 4 7
186 536 12 8
186 557 13 6
186 607 8 10
186 636 43 7
186 673 40 5
186 731 27 3
187 188 14 6
187 189 16 8
187 198 14 9
187 199 32 6
187 215 31 10
187 298 49 5
187 335 29 1
187 595 29 8
187 710 3 2
187 750 5 6
188 189 15 5
188 200 31 2
188 201 36 1
188 202 20 5
188 203 21 8
188 204 12 2
188 205 28 6
188 244 9 10
188 316 23 4
188 378 40 8
188 397 33 10
188 431 4 9
188 443 50 1
188 502 43 8
188 536 45 1
188 578 43 8
188 605 38 10
188 625 1 6
188 635 48 4
188 647 36 9
188 670 49 9
188 731 35 10
188 785 47 7
189 206 29 4
189 207 30 10
189 208 8 10
189 209 19 4
189 214 2 8
189 281 28 6
189 297 29 1
189 421 24 7
189 485 20 8
189 713 8 2
189 746 37 3
189 787 38 9
190 263 16 1
190 459 30 9
191 251 47 5
194 309 1 1
194 695 40 6
196 218 34 3
196 391 34 1
198 543 42 10
199 466 40 3
203 400 8 8
203 531 17 8
203 611 48 4
207 340 15 7
208 231 14 8
209 404 35 10
210 211 22 6
210 212 1 3
210 213 37 2
210 214 46 9
210 215 32 10
210 216 43 3
210 217 39 2
210 218 36 3
210 219 11 6
210 220 36 8
210 221 2 7
210 318 9 8
210 431 22 8
210 501 47 3
210 596 20 9
210 607 9 8
210 732 33 1
210 786 6 2
211 212 3 5
211 213 17 8
211 214 34 2
211 215 34 9
211 222 43 5
211 223 37 6
211 224 21 4
211 280 42 4
211 296 31 5
211 297 31 3
211 315 47 3
211 361 9 5
211 420 24 4
211 421 5 9
211 445 18 5
211 475 23 7
211 500 42 5
211 558 46 4
211 625 43 4
211 645 46 2
211 646 36 2
212 213 19 4
212 214 17 4
212 215 25 3
212 225 32 10
212 226 43 3
212 227 45 8
212 228 39 1
212 361 28 10
212 376 20 6
212 398 22 7
212 535 11 3
212 555 37 3
212 596 35 3
212 626 29 9
212 635 46 9
212 745 26 8
213 214 43 10
213 215 26 7
213 229 13 2
213 230 28 2
213 231 36 3
213 232 29 1
213 233 1 5
213 234 26 3
213 243 2 2
213 280 39 9
213 335 41 6
213 378 42 6
213 398 23 9
213 441 36 1
213 536 40 7
213 636 27 8
214 215 47 10
214 235 16 2
214 236 39 3
214 237 47 10
214 243 34 7
214 430 9 9
214 485 40 3
214 578 24 7
214 667 43 9
214 711 18 4
214 731 28 4
214 752 43 6
214 787 41 6
215 238 30 6
215 239 10 7
215 336 31 5
215 475 8 10
215 486 30 9
215 577 29 3
215 606 40 5
215 670 22 6
215 710 49 5
221 642 38 9
223 309 50 10
223 428 8 1
224 691 33 5
226 736 11 6
227 248 2 8
228 587 28 8
230 374 47 1
231 586 44 6
234 688 36 7
235 386 49 2
235 450 8 2
236 497 12 3
237 597 37 10
237 601 8 5
239 687 30 10
240 241 3 7
240 242 1 6
240 243 9 4
240 244 35 7
240 245 44 6
240 246 33 9
240 247 4 6
240 248 34 3
240 249 6 8
240 430 20 2
240 476 33 3
240 538 13 9
240 556 10 7
240 712 42 2
240 786 1 7
241 242 24 7
241 243 38 2
241 244 43 8
241 245 8 8
241 246 16 7
241 247 46 4
241 250 29 1
241 251 34 4
241 430 33 4
241 537 24 5
241 608 24 2
241 635 2 7
241 712 12 5
242 243 20 10
242 244 11 7
242 245 47 8
242 246 18 2
242 247 35 2
242 252 39 8
242 253 18 2
242 254 36 1
242 255 33 4
242 256 15 4
242 399 4 6
242 625 12 2
242 636 14 4
242 749 50 6
243 244 34 3
243 245 50 9
243 246 20 10
243 247 15 3
243 257 39 8
243 258 4 10
243 259 40 6
243 260 49 10
243 375 9 3
243 440 10 1
243 487 40 1
243 504 33 4
243 595 17 5
243 606 35 5
243 668 10 9
243 732 49 4
244 245 6 8
244 246 47 1
244 247 40 2
244 261 2 9
244 262 48 3
244 263 1 1
244 264 13 9
244 282 45 3
244 295 13 1
244 361 27 1
245 246 38 5
245 247 33 5
245 265 49 5
245 266 41 3
245 267 48 6
245 268 24 5
245 269 30 2
245 280 44 2
245 315 22 7
245 395 7 9
245 420 9 7
245 502 41 3
245 647 40 5
245 785 23 1
246 247 48 7
246 270 39 5
246 271 46 4
246 272 21 6
246 316 26 2
246 336 35 9
246 338 7 7
246 378 37 4
246 420 46 7
246 486 38 6
246 558 3 7
246 575 50 1
247 273 16 7
247 274 41 1
247 275 50 6
247 276 9 4
247 277 45 3
247 278 5 8
247 279 38 8
247 298 36 4
247 446 9 2
247 476 20 9
247 575 13 6
247 626 37 2
247 645 48 5
247 731 14 7
247 745 37 5
249 264 13 9
249 489 16 3
255 781 17 2
256 532 10 2
258 553 28 1
260 403 39 7
260 563 34 3
262 368 43 7
266 495 43 2
267 368 3 3
267 562 28 1
270 404 32 1
270 451 15 9
270 776 2 10
272 285 25 10
273 456 46 10
273 643 8 9
275 332 20 5
275 426 36 3
276 519 40 1
276 728 16 3
277 659 1 6
280 281 40 5
280 282 13 8
280 283 31 3
280 284 27 4
280 285 35 9
280 286 7 2
280 296 12 10
280 297 36 1
280 317 44 10
280 336 47 9
280 431 17 10
280 476 9 10
280 486 16 3
280 535 8 10
280 536 22 5
280 556 10 6
280 558 42 6
280 595 22 2
280 605 12 9
280 626 11 4
280 635 31 2
280 636 5 10
280 645 14 7
280 648 46 4
280 671 30 9
280 710 11 6
280 730 42 6
280 747 44 5
281 282 23 8
281 287 23 3
281 317 49 9
281 377 36 6
281 395 29 5
281 396 24 7
281 420 9 9
281 421 16 10
281 442 1 7
281 475 27 6
281 505 39 1
281 576 33 5
281 578 10 9
281 626 2 10
281 667 28 10
282 288 3 8
282 289 27 2
282 290 50 3
282 291 32 3
282 292 17 5
282 293 25 5
282 294 42 8
282 339 48 10
282 361 13 4
282 375 6 6
282 430 47 4
282 440 5 5
282 487 40 5
282 506 36 2
282 596 24 1
282 607 42 8
282 731 43 8
282 747 6 10
282 785 50 2
282 786 32 3
284 285 27 9
286 611 35 7
286 681 46 4
288 639 27 7
289 379 38 2
290 702 33 10
294 757 49 10
295 296 35 6
295 297 8 6
295 298 1 3
295 299 14 9
295 335 22 4
295 360 48 4
295 376 46 6
295 399 35 5
295 430 37 1
295 443 24 4
295 536 8 2
295 538 10 10
295 556 3 5
295 575 11 1
295 576 16 1
295 605 19 8
295 646 37 7
295 672 34 1
295 731 25 3
296 297 47 8
296 298 19 4
296 300 24 2
296 301 2 8
296 302 26 7
296 303 13 4
296 304 8 6
296 305 1 2
296 306 22 6
296 316 17 3
296 362 37 2
296 375 29 8
296 444 19 4
296 476 19 4
296 596 23 2
296 606 45 6
296 626 38 2
296 635 6 10
296 636 36 9
296 670 34 7
296 712 8 3
296 730 2 1
297 298 13 10
297 307 16 1
297 308 36 8
297 317 30 10
297 338 17 8
297 420 15 5
297 502 17 4
297 506 14 5
297 710 39 4
297 785 50 1
298 309 23 3
298 310 49 3
298 311 44 8
298 312 8 1
298 313 48 9
298 314 25 4
298 398 42 3
298 431 30 7
298 476 44 9
298 486 32 7
298 558 30 7
298 625 34 1
298 648 17 4
298 751 37 1
300 773 30 2
303 340 44 5
305 617 48 9
307 426 47 10
307 781 4 3
310 539 22 1
313 412 6 9
313 789 17 5
315 316 28 1
315 317 5 6
315 318 41 3
315 319 47 5
315 320 20 8
315 321 33 8
315 322 14 8
315 360 31 6
315 375 30 8
315 430 32 10
315 431 13 6
315 441 2 8
315 576 5 5
315 607 32 6
315 669 44 3
315 731 12 4
315 749 48 9
315 786 28 10
316 317 3 2
316 318 4 6
316 323 31 3
316 324 4 3
316 325 49 1
316 326 33 5
316 420 35 3
316 476 16 9
316 537 28 7
316 557 30 2
316 595 31 1
316 635 15 7
316 712 43 5
316 730 27 6
317 318 40 7
317 327 48 3
317 328 42 5
317 338 24 7
317 397 6 7
317 420 26 5
317 535 1 7
317 557 41 2
317 578 32 6
317 605 33 2
317 626 20 10
317 648 19 10
318 329 7 5
318 330 50 10
318 331 43 5
318 332 2 6
318 333 14 9
318 334 2 2
318 339 14 3
318 360 12 4
318 377 45 8
318 398 41 9
318 441 25 3
318 475 32 4
318 485 14 2
318 487 43 5
318 504 50 10
318 505 24 8
318 595 14 9
318 645 15 5
318 671 10 2
318 711 4 3
318 752 20 8
318 787 40 4
320 680 36 3
321 457 29 3
322 369 14 3
326 637 29 2
327 568 49 9
327 581 10 4
331 419 13 2
331 794 14 4
333 433 10 6
335 336 22 7
335 337 15 7
335 338 27 8
335 339 49 4
335 340 21 5
335 341 12 2
335 342 4 6
335 420 25 6
335 430 41 1
335 431 27 8
335 443 48 2
335 475 15 2
335 487 15 6
335 608 22 6
335 646 41 5
335 666 20 9
335 745 36 5
336 337 41 3
336 338 46 10
336 339 35 8
336 343 14 7
336 344 6 1
336 345 13 7
336 445 43 4
336 475 7 3
336 535 20 8
336 625 49 10
336 635 25 3
336 636 46 3
336 731 11 6
337 338 27 6
337 339 18 10
337 346 15 6
337 347 4 5
337 348 13 4
337 349 4 2
337 361 11 3
337 395 44 5
337 420 43 7
337 506 31 7
337 536 16 2
337 576 49 4
337 645 37 1
337 668 11 8
337 712 25 6
337 747 20 9
337 786 50 3
338 339 25 8
338 350 36 5
338 351 17 7
338 352 13 8
338 353 30 4
338 354 49 1
338 355 34 10
338 360 22 4
338 378 6 10
338 398 5 1
338 486 5 2
338 558 10 5
338 596 50 8
338 625 41 9
338 713 22 2
339 356 7 1
339 357 20 2
339 358 28 5
339 359 37 2
339 375 42 3
339 557 12 2
339 577 34 7
339 596 32 10
339 607 22 7
339 730 18 2
339 785 40 6
342 467 28 10
344 642 3 3
345 380 22 3
346 740 25 9
347 488 1 3
348 498 49 4
350 722 17 8
352 492 31 1
354 437 45 5
356 718 44 1
356 733 47 4
357 426 47 10
360 361 12 9
360 362 40 9
360 363 42 6
360 364 27 5
360 365 41 7
360 366 50 5
360 367 11 5
360 368 42 2
360 399 49 6
360 444 18 6
360 485 16 9
360 536 7 10
360 557 23 2
360 558 33 3
360 626 12 5
360 635 3 7
360 648 36 5
360 669 36 5
360 712 40 7
360 713 35 1
360 732 23 10
361 362 24 3
361 369 22 4
361 370 32 7
361 371 33 3
361 395 7 5
361 421 8 8
361 430 44 6
361 431 12 5
361 476 20 6
361 500 47 10
361 537 28 7
361 575 24 9
361 595 31 5
361 607 38 5
361 608 5 5
361 669 22 2
361 732 36 7
361 746 31 7
361 751 21 6
361 787 47 9
362 372 11 9
362 373 40 5
362 374 40 4
362 375 11 3
362 421 5 10
362 443 26 10
362 485 10 4
362 502 19 5
362 596 19 10
362 625 24 2
362 636 34 7
362 785 12 5
369 618 7 3
371 664 25 7
373 548 43 6
374 428 45 5
374 696 19 2
374 717 14 7
375 376 2 4
375 377 1 1
375 378 6 6
375 379 27 1
375 380 32 7
375 381 27 1
375 382 41 3
375 383 29 9
375 384 13 1
375 385 3 8
375 476 44 5
375 556 22 9
375 595 23 8
375 606 4 7
375 646 18 1
375 712 20 1
375 731 32 9
375 745 21 9
375 787 9 5
376 377 19 5
376 378 31 6
376 386 49 2
376 396 29 6
376 421 30 3
376 431 19 9
376 444 24 7
376 487 15 3
376 504 20 8
376 558 19 1
376 575 47 5
376 578 15 6
376 730 13 5
376 749 44 5
377 378 6 9
377 387 45 1
377 388 7 9
377 389 22 4
377 397 17 5
377 536 40 10
377 626 29 1
377 635 24 1
377 786 19 2
378 390 45 4
378 391 50 4
378 392 24 7
378 393 13 2
378 394 45 4
378 421 34 1
378 441 11 2
378 475 12 4
378 505 13 4
378 537 12 5
378 595 4 2
378 605 43 10
378 625 10 2
378 636 8 7
378 667 25 2
378 671 7 7
378 712 5 10
381 738 5 6
382 638 20 10
383 439 32 1
383 583 10 3
383 614 20 4
384 642 23 6
386 491 10 7
389 572 27 8
393 775 31 4
394 462 22 3
395 396 10 1
395 397 34 10
395 398 16 5
395 399 21 9
395 400 6 2
395 401 23 9
395 402 50 4
395 403 25 7
395 420 5 5
395 430 41 2
395 476 23 10
395 486 3 6
395 502 33 7
395 538 47 2
395 558 41 3
395 596 27 4
395 606 5 10
395 635 38 1
395 730 32 9
396 397 47 7
396 398 40 1
396 399 37 6
396 404 43 8
396 405 38 1
396 406 11 8
396 407 44 9
396 408 29 3
396 409 41 7
396 445 38 4
396 595 35 8
396 636 48 10
396 646 46 7
396 710 46 4
396 746 6 4
396 786 1 9
397 398 2 8
397 399 19 6
397 410 47 2
397 411 23 1
397 412 41 7
397 413 49 9
397 502 10 5
397 555 33 5
397 626 24 7
397 746 9 9
397 787 41 2
398 399 12 7
398 414 11 10
398 415 26 3
398 475 5 6
398 486 3 8
398 577 44 7
398 606 34 2
398 625 29 3
398 648 38 6
398 673 32 10
399 416 8 4
399 417 8 5
399 418 21 10
399 419 14 5
399 421 46 2
399 431 29 8
399 445 5 7
399 535 1 1
399 578 47 6
399 666 46 9
399 713 29 4
399 730 16 2
400 637 22 1
406 454 16 4
407 437 26 2
407 449 15 2
407 612 20 9
408 491 6 7
410 509 23 6
413 571 19 9
413 600 18 10
419 594 6 4
420 421 12 4
420 422 46 6
420 423 26 10
420 424 18 3
420 425 44 9
420 430 45 5
420 431 28 10
420 440 4 7
420 487 3 6
420 502 27 8
420 506 45 5
420 537 44 4
420 557 1 3
420 578 4 5
420 605 40 4
420 625 20 5
420 645 37 9
420 646 24 9
420 672 32 7
420 732 15 8
420 746 24 1
420 752 32 5
420 787 24 7
421 426 27 9
421 427 44 1
421 428 23 1
421 429 31 3
421 441 24 7
421 475 41 4
421 485 32 3
421 537 28 8
421 555 16 2
421 577 46 7
421 596 20 7
421 606 13 2
421 625 23 6
421 635 18 10
421 636 24 9
421 669 11 10
421 710 44 8
421 711 43 7
421 732 39 2
421 786 5 5
424 498 7 1
424 620 50 2
424 677 48 6
426 552 32 5
426 619 15 8
426 774 19 2
428 520 35 6
430 431 33 5
430 432 33 10
430 433 32 2
430 475 40 6
430 485 24 8
430 501 41 6
430 505 37 7
430 556 49 7
430 605 21 2
430 608 29 7
430 626 47 1
430 635 20 9
430 647 3 1
430 665 31 4
430 666 17 10
430 713 13 8
430 732 31 3
430 750 33 8
430 787 9 9
431 434 41 4
431 435 34 3
431 436 48 4
431 437 35 6
431 438 9 7
431 439 23 1
431 440 8 10
431 444 36 9
431 475 31 5
431 485 25 8
431 536 38 3
431 538 4 4
431 558 28 9
431 575 43 8
431 576 31 7
431 595 32 8
431 635 21 9
431 646 29 5
431 712 46 6
431 731 17 4
431 750 6 9
431 785 38 7
436 586 14 1
440 441 15 3
440 442 33 1
440 443 40 2
440 444 31 4
440 445 26 7
440 446 50 1
440 447 15 2
440 448 15 7
440 475 48 2
440 606 32 7
440 731 26 4
440 785 7 6
441 442 25 5
441 443 14 4
441 444 20 6
441 445 37 8
441 446 5 10
441 449 6 5
441 450 23 9
441 451 6 2
441 452 37 6
441 487 21 1
441 502 26 8
441 503 8 7
441 537 37 1
441 607 2 2
441 646 6 7
441 669 45 1
441 785 11 2
442 443 12 1
442 444 36 3
442 445 36 7
442 446 4 6
442 453 21 1
442 454 24 6
442 455 33 6
442 456 45 7
442 486 12 9
442 577 7 1
442 635 50 9
443 444 17 1
443 445 19 2
443 446 1 10
443 457 39 7
443 458 2 3
443 459 7 6
443 460 4 9
443 461 46 3
443 475 35 4
443 558 26 9
443 596 36 2
443 625 15 5
443 636 18 5
444 445 30 5
444 446 10 1
444 462 32 2
444 463 32 6
444 464 2 1
444 465 23 1
444 466 29 9
444 578 17 7
444 672 47 7
444 710 35 10
444 730 48 9
444 751 8 8
445 446 11 8
445 467 36 3
445 468 47 8
445 469 42 7
445 470 43 1
445 556 16 2
445 746 14 8
446 471 39 8
446 472 25 1
446 473 6 8
446 474 5 10
446 536 13 4
446 596 25 10
446 626 9 5
446 645 36 3
446 712 9 3
450 523 30 10
450 650 42 7
455 517 11 5
455 579 39 2
455 684 25 10
462 520 25 7
462 598 44 3
468 491 4 1
468 600 18 8
469 498 30 4
470 721 22 2
471 716 25 8
472 530 50 2
472 675 31 6
472 737 36 6
473 542 7 6
475 476 30 8
475 477 39 7
475 478 23 8
475 479 16 5
475 480 2 4
475 487 37 3
475 537 42 9
475 556 12 7
475 596 5 1
475 607 48 5
475 635 2 10
475 670 19 2
475 672 33 5
475 713 33 9
475 730 16 3
475 785 8 9
475 787 36 4
476 481 8 2
476 482 47 8
476 483 9 1
476 484 36 1
476 487 10 10
476 501 22 10
476 502 24 1
476 538 46 1
476 578 38 1
476 595 1 3
476 605 7 2
476 625 36 10
476 626 10 5
476 636 16 7
476 645 3 10
476 647 11 2
476 712 3 7
476 731 41 7
476 750 35 1
476 751 49 10
478 692 27 2
479 517 42 10
479 681 45 5
479 789 50 4
480 599 49 10
482 788 44 10
483 761 40 10
484 492 30 8
485 486 49 4
485 487 17 6
485 488 11 9
485 489 20 9
485 490 19 10
485 491 29 10
485 504 38 1
485 557 16 7
485 625 22 8
485 636 20 10
485 713 37 9
485 730 14 1
486 487 6 6
486 492 3 5
486 493 44 4
486 494 32 6
486 495 24 9
486 537 44 7
486 578 12 3
486 595 45 1
486 606 11 4
486 607 46 1
486 635 25 6
486 646 18 6
486 665 47 3
486 668 22 3
486 749 24 6
486 787 9 4
487 496 44 6
487 497 29 4
487 498 6 2
487 499 11 1
487 501 6 6
487 535 24 5
487 557 23 3
487 575 28 1
487 596 45 8
487 625 50 7
487 712 49 2
487 750 24 8
487 785 45 8
495 762 25 5
497 697 37 10
498 674 45 10
500 501 8 7
500 502 27 4
500 503 13 7
500 504 1 6
500 505 14 5
500 506 18 1
500 507 26 7
500 508 2 4
500 509 27 4
500 535 9 2
500 608 3 7
500 625 30 1
500 646 7 9
501 502 12 6
501 503 27 7
501 504 45 5
501 505 7 4
501 506 10 9
501 510 31 2
501 511 16 9
501 512 42 1
501 513 39 9
501 596 47 2
501 625 2 7
501 713 29 8
502 503 49 10
502 504 10 4
502 505 31 6
502 506 28 3
502 514 15 5
502 515 27 10
502 516 3 6
502 517 23 7
502 712 15 8
502 732 33 4
503 504 40 5
503 505 41 8
503 506 20 3
503 518 44 10
503 519 18 10
503 520 22 10
503 521 23 2
503 522 30 3
503 523 39 10
503 537 41 6
503 575 47 2
503 636 30 9
503 646 41 1
504 505 25 2
504 506 24 1
504 524 11 8
504 525 27 6
504 526 28 4
504 557 7 4
504 577 18 3
504 596 47 2
504 670 30 4
504 671 11 8
504 750 46 1
504 786 6 7
504 787 32 2
505 506 43 5
505 527 3 6
505 528 1 2
505 529 38 2
505 557 25 2
505 608 5 6
505 732 36 3
505 751 23 4
506 530 41 4
506 531 18 3
506 532 35 1
506 533 32 6
506 534 36 2
506 636 37 6
509 588 33 7
511 695 22 2
512 588 7 7
512 738 25 3
517 768 31 3
519 766 44 6
520 542 26 6
521 543 29 1
528 774 31 6
532 699 17 6
534 662 6 1
534 754 39 10
535 536 42 6
535 537 12 2
535 538 44 4
535 539 1 9
535 540 50 10
535 541 32 8
535 542 17 7
535 543 25 6
535 544 31 3
535 545 28 1
535 576 12 7
535 595 21 9
535 596 32 2
535 625 18 3
535 730 28 2
535 752 41 3
535 786 22 10
536 537 7 10
536 538 4 6
536 546 10 10
536 547 32 1
536 548 26 7
536 549 47 8
536 550 44 1
536 551 20 4
536 635 50 9
536 636 37 10
536 645 48 4
536 647 11 2
536 732 33 1
536 785 35 4
537 538 2 6
537 552 15 4
537 553 39 7
537 555 18 7
537 605 42 2
537 608 41 5
537 625 18 9
537 669 24 5
537 712 43 5
538 554 46 8
538 557 18 7
538 576 38 4
538 666 43 10
538 712 45 2
538 749 22 3
540 763 36 2
544 738 30 10
545 790 50 5
546 739 43 4
548 603 2 6
554 735 34 8
555 556 15 3
555 557 46 6
555 558 22 1
555 559 33 8
555 560 25 3
555 561 6 9
555 562 19 4
555 608 39 9
555 625 23 10
555 671 6 3
555 710 15 8
555 731 40 7
555 751 5 1
555 787 12 4
556 557 28 1
556 558 1 4
556 563 24 5
556 564 16 8
556 565 25 8
556 595 1 9
556 645 32 9
556 710 37 4
557 558 22 4
557 566 17 10
557 567 50 6
557 568 6 4
557 569 39 5
557 570 4 5
557 578 41 3
557 596 17 7
557 625 40 9
557 635 17 7
557 636 39 4
557 665 37 7
557 752 29 6
557 787 36 3
558 571 20 1
558 572 25 5
558 573 18 7
558 574 4 5
558 576 42 4
558 646 42 4
558 731 23 1
561 634 40 7
562 769 47 4
572 759 13 2
573 495 28 7
574 702 4 6
575 576 43 7
575 577 17 9
575 578 43 1
575 579 32 5
575 580 7 8
575 581 11 1
575 582 19 9
575 583 23 8
575 636 3 8
575 645 41 6
575 787 10 10
576 577 4 9
576 578 45 9
576 584 37 6
576 595 26 4
576 596 14 7
576 670 11 2
576 712 46 6
576 732 11 4
576 786 2 8
577 578 8 3
577 585 17 7
577 586 33 7
577 587 3 9
577 625 22 5
577 712 25 9
578 588 7 2
578 589 49 9
578 590 23 6
578 591 7 2
578 592 34 1
578 593 6 10
578 594 49 7
578 606 32 3
578 608 37 1
578 626 42 1
578 636 8 8
578 646 29 7
578 670 48 4
578 751 24 3
578 752 8 2
579 630 12 1
579 755 5 2
584 771 29 9
586 619 32 5
589 782 48 6
593 778 20 9
595 596 48 2
595 597 27 8
595 598 17 5
595 599 9 10
595 600 6 6
595 601 10 10
595 602 46 7
595 603 38 8
595 606 26 9
595 625 25 9
595 635 28 2
595 645 27 9
595 668 46 7
595 712 3 8
595 732 32 6
595 750 24 4
595 787 18 9
596 604 45 6
596 607 3 10
596 626 32 7
596 636 1 1
596 666 20 4
596 748 45 3
596 787 26 2
600 654 36 10
601 759 12 9
603 735 16 1
604 771 29 4
605 606 12 2
605 607 50 2
605 608 18 4
605 609 5 1
605 636 28 9
605 645 4 9
605 647 24 3
605 670 30 6
605 712 38 1
606 607 15 5
606 608 49 9
606 610 34 2
606 611 15 1
606 612 44 5
606 613 8 2
606 614 40 5
606 615 2 1
606 616 50 10
606 617 16 9
606 625 45 9
606 635 5 3
606 730 12 9
606 731 12 8
606 751 32 6
606 752 24 5
606 787 22 10
607 608 25 1
607 618 44 8
607 619 30 8
607 620 11 3
607 621 1 8
607 625 5 6
607 669 47 6
607 710 47 5
607 786 43 8
608 622 7 2
608 623 10 2
608 624 25 4
617 782 38 8
625 626 46 1
625 627 28 9
625 628 28 3
625 629 23 4
625 630 31 9
625 631 25 1
625 632 36 10
625 636 49 6
625 645 23 5
625 667 28 6
625 713 11 5
625 745 3 7
625 785 12 3
626 633 26 2
626 634 14 1
626 635 8 10
626 647 26 4
626 672 8 6
626 712 43 8
626 730 30 8
626 731 29 1
626 786 37 5
630 706 31 4
630 716 5 8
630 767 30 1
635 636 10 9
635 637 50 3
635 638 7 6
635 646 46 10
635 665 41 9
635 670 30 4
635 710 27 9
635 748 22 2
635 787 1 9
636 639 20 1
636 640 41 4
636 641 4 5
636 642 35 2
636 643 32 8
636 644 17 4
636 646 31 5
636 713 46 2
636 732 22 8
636 787 49 2
638 734 47 8
645 646 22 4
645 647 20 8
645 648 43 3
645 649 27 1
645 650 27 5
645 750 48 7
646 647 17 5
646 648 32 8
646 651 13 1
646 652 18 10
646 653 4 2
646 654 14 3
646 655 43 1
646 656 11 8
646 657 19 1
646 713 21 1
646 731 5 2
646 785 24 7
647 648 26 9
647 658 17 5
647 668 14 2
647 713 41 3
647 746 32 7
647 787 46 7
648 659 1 3
648 660 40 2
648 661 43 3
648 662 47 9
648 663 14 2
648 664 15 1
648 672 10 9
648 730 32 9
652 699 47 6
656 661 34 3
659 762 7 2
665 666 8 7
665 667 24 2
665 668 15 8
665 669 33 7
665 670 15 3
665 671 37 4
665 672 10 3
665 673 43 2
665 674 24 6
665 675 12 1
665 676 25 4
665 677 39 1
665 678 18 6
665 679 46 4
665 680 26 10
665 681 3 5
666 667 43 7
666 668 3 6
666 669 29 5
666 670 44 6
666 671 3 10
666 672 49 9
666 673 9 3
666 682 45 1
666 683 40 2
666 684 12 2
666 685 5 5
666 686 25 9
666 713 42 6
666 785 21 5
667 668 9 7
667 669 19 3
667 670 28 1
667 671 10 9
667 672 8 10
667 673 28 9
667 687 35 3
667 688 2 9
667 689 5 6
667 690 15 1
668 669 19 1
668 670 7 2
668 671 12 8
668 672 23 8
668 673 26 1
668 691 35 10
668 692 33 5
668 693 3 1
669 670 47 7
669 671 30 2
669 672 19 4
669 673 29 1
669 694 22 3
669 695 36 8
670 671 5 4
670 672 41 7
670 673 4 2
670 696 10 2
670 697 20 1
670 698 29 10
670 699 28 1
670 711 10 10
670 747 47 4
671 672 19 5
671 673 44 7
671 700 16 4
671 701 13 8
671 702 28 4
671 703 12 4
671 730 20 5
671 745 43 8
672 673 18 9
672 704 13 3
673 705 10 3
673 706 23 10
673 707 14 3
673 708 27 5
673 709 48 9
673 732 20 1
673 785 14 8
675 755 15 4
680 764 1 6
686 776 39 9
688 789 42 9
696 702 37 3
701 788 43 9
710 711 28 7
710 712 18 5
710 713 8 7
710 714 47 7
710 715 8 4
710 716 47 7
710 717 23 4
710 718 20 2
710 732 41 1
711 712 37 10
711 713 31 9
711 719 31 6
711 720 9 5
711 721 24 9
711 722 17 4
711 723 2 7
711 730 50 4
711 785 28 5
712 713 14 1
712 724 41 8
712 725 22 8
712 726 50 4
712 727 43 3
712 728 11 7
713 729 47 8
713 746 42 6
713 787 44 10
715 729 7 1
721 795 39 7
730 731 8 9
730 732 7 4
730 733 11 4
730 734 10 10
730 735 42 2
730 736 4 3
731 732 15 7
731 737 44 1
731 738 24 3
731 739 13 5
732 740 13 9
732 741 20 5
732 742 21 2
732 743 24 3
732 744 38 4
732 748 8 7
732 787 5 3
734 740 2 8
742 776 20 3
745 746 41 2
745 747 4 9
745 748 49 7
745 749 46 2
745 750 43 3
745 751 47 3
745 752 18 6
745 753 17 6
745 754 39 1
745 755 9 7
745 756 31 1
745 757 26 9
745 787 18 2
746 747 40 2
746 748 9 7
746 749 18 8
746 750 29 10
746 751 26 7
746 752 43 2
746 758 1 10
746 759 50 2
746 760 8 2
746 761 30 4
746 762 39 1
747 748 31 4
747 749 10 4
747 750 33 9
747 751 6 8
747 752 30 2
747 763 14 9
747 764 45 7
747 765 25 7
747 766 3 9
747 767 35 4
748 749 18 3
748 750 29 3
748 751 37 7
748 752 25 2
748 768 6 4
748 769 2 1
748 770 1 8
748 771 16 2
748 772 14 6
749 750 24 6
749 751 46 7
749 752 23 5
749 773 26 6
749 774 5 4
749 775 12 4
750 751 30 2
750 752 20 4
750 776 18 7
750 777 25 10
751 752 30 9
751 778 30 6
751 779 46 3
751 780 27 5
751 781 36 8
752 782 7 3
752 783 46 6
752 784 22 4
752 786 21 3
785 786 43 1
785 787 40 7
785 788 2 7
785 789 49 6
785 790 23 1
785 791 46 10
786 787 22 2
786 792 44 3
787 793 20 9
787 794 23 3
787 795 34 5
787 796 8 1
787 797 17 4
787 798 5 7
787 799 42 6

0 87 15
1 721 38
2 352 27
3 526 43
4 426 124
5 387 49
6 661 49
7 201 12
8 612 31
9 406 19
10 92 9
11 534 75
12 459 11
13 416 4
14 639 27
15 640 20
16 763 32
17 515 12
18 380 36
19 308 23
20 182 24
21 604 40
22 329 4
23 689 3
24 90 25
25 6 32
26 227 19
27 234 51
28 320 37
29 331 25
30 597 17
31 228 27
32 425 13
33 236 19
34 499 7
35 598 17
36 765 14
37 735 98
38 465 7
39 780 16
40 694 10
41 367 7
42 686 61
43 789 118
44 85 25
45 551 11
46 325 12
47 703 6
48 155 25
49 275 51
50 379 35
51 9 12
52 191 43
53 108 7
54 51 14
55 414 3
56 684 26
57 484 49
58 729 26
59 208 13
60 203 66
61 278 26
62 722 11
63 554 37
64 233 1
65 631 18
66 383 35
67 643 44
68 528 16
69 166 19
70 381 8
71 450 99
72 283 9
73 454 17
74 773 46
75 435 18
76 453 11
77 770 1
78 257 20
79 706 13
80 50 8
81 38 20
82 417 6
83 83 32
84 659 6
85 546 23
86 727 18
87 264 15
88 292 7
89 351 11
90 697 13
91 67 30
92 599 21
93 252 35
94 112 51
95 196 39
96 306 13
97 73 25
98 543 43
99 221 28
100 795 45
101 220 12
102 778 32
103 733 32
104 259 21
105 569 11
106 402 12
107 258 21
108 391 45
109 301 31
110 369 24
111 423 10
112 262 43
113 473 7
114 467 28
115 664 25
116 550 13
117 86 12
118 199 37
119 48 18
120 514 7
121 119 21
122 400 12
123 219 8
124 738 22
125 408 24
126 624 13
127 767 31
128 118 5
129 277 16
130 4 80
131 327 27
132 573 16
133 611 41
134 560 8
135 293 38
136 679 29
137 614 22
138 411 8
139 323 17
140 627 22
141 403 41
142 541 11
143 309 19
144 601 21
145 768 14
146 59 27
147 340 48
148 370 14
149 510 21
150 656 28
151 548 25
152 609 3
153 11 6
154 600 49
155 44 21
156 167 14
157 200 18
158 428 61
159 133 19
160 39 13
161 272 18
162 341 8
163 495 28
164 142 5
165 553 45
166 457 34
167 741 5
168 509 57
169 469 25
170 311 17
171 102 32
172 798 9
173 382 32
174 603 47
175 494 36
176 493 30
177 101 7
178 79 14
179 223 59
180 455 42
181 784 12
182 392 9
183 269 31
184 216 20
185 385 2
186 334 1
187 91 19
188 719 13
189 617 50
190 449 19
191 364 21
192 384 16
193 7 16
194 762 15
195 700 7
196 439 26
197 123 31
198 290 71
199 781 40
200 653 2
201 466 28
202 88 49
203 594 30
204 796 3
205 518 23
206 225 30
207 783 12
208 652 46
209 424 75
210 707 10
211 3 19
212 407 41
213 209 34
214 638 49
215 109 56
216 629 9
217 122 18
218 797 28
219 478 30
220 150 16
221 742 58
222 113 6
223 326 19
224 520 29
225 462 56
226 156 40
227 705 6
228 432 20
229 602 17
230 464 1
231 53 59
232 154 15
233 202 6
234 682 28
235 512 32
236 356 24
237 355 23
238 580 2
239 521 35
240 261 2
241 794 36
242 792 17
243 739 35
244 394 26
245 621 51
246 357 31
247 226 17
248 271 30
249 287 11
250 610 11
251 660 15
252 13 18
253 588 30
254 176 37
255 75 18
256 736 7
257 583 18
258 716 16
259 692 58
260 350 30
261 77 4
262 159 18
263 693 2
264 332 14
265 294 29
266 172 16
267 390 23
268 300 37
269 483 21
270 593 13
271 346 28
272 585 10
273 777 7
274 121 11
275 644 11
276 755 19
277 412 22
278 529 9
279 347 2
280 568 26
281 772 5
282 492 39
283 688 33
284 152 33
285 358 18
286 43 7
287 135 30
288 389 31
289 533 30
290 701 32
291 393 19
292 615 26
293 717 12
294 302 21
295 120 27
296 55 59
297 628 13
298 427 15
299 157 62
300 322 9
301 312 3
302 463 20
303 344 3
304 94 25
305 565 9
306 177 17
307 76 10
308 93 22
309 696 39
310 488 5
311 263 8
312 527 2
313 144 16
314 522 44
315 737 22
316 368 78
317 436 25
318 217 22
319 687 24
