800 2739 320

0 25 200
1 50 400
2 100 1000
3 150 1600
4 200 2400
5 250 3000

0 1500
1 1500
2 1500
3 2000
4 1000
5 1000
6 1500
7 2000
8 2000
9 2000
10 2000
11 2000
12 1500
13 1500
14 1500
15 1500
16 1500
17 2000
18 1000
19 2000
20 1500
21 1500
22 2000
23 2000
24 1000
25 2000
26 1000
27 2000
28 1000
29 1000
30 1500
31 1500
32 1000
33 1000
34 1500
35 1500
36 1500
37 2000
38 2000
39 2000
40 2000
41 2000
42 1500
43 2000
44 2000
45 2000
46 1500
47 1500
48 1500
49 1500
50 500
51 500
52 2000
53 2000
54 2000
55 1000
56 2000
57 1500
58 2000
59 2000
60 1000
61 1000
62 2000
63 1000
64 2000
65 1500
66 1500
67 1500
68 1000
69 1500
70 1500
71 1500
72 1500
73 2000
74 2000
75 2000
76 1000
77 1500
78 1000
79 1000
80 2000
81 1500
82 1000
83 500
84 1500
85 1500
86 500
87 1500
88 1000
89 1000
90 1000
91 1000
92 2000
93 1500
94 1500
95 2000
96 1000
97 1000
98 1000
99 2000
100 1500
101 1500
102 2000
103 1500
104 1000
105 1500
106 1500
107 1500
108 1500
109 2000
110 1000
111 1000
112 2000
113 1000
114 2000
115 2000
116 1500
117 2000
118 1500
119 1000
120 1500
121 1000
122 2000
123 1500
124 1000
125 1500
126 1500
127 1500
128 2000
129 2000
130 1000
131 1500
132 2000
133 2000
134 1000
135 2000
136 2000
137 1500
138 1500
139 1000
140 1000
141 1500
142 1500
143 1500
144 1500
145 1500
146 500
147 1500
148 500
149 2000
150 2000
151 2000
152 2000
153 1500
154 2000
155 1000
156 2000
157 2000
158 1000
159 1500
160 2000
161 1500
162 1000
163 2000
164 1500
165 2000
166 2000
167 2000
168 1000
169 2000
170 1500
171 1500
172 1500
173 1500
174 2000
175 1500
176 1500
177 2000
178 2000
179 1000
180 1500
181 1500
182 2000
183 2000
184 1500
185 1000
186 1500
187 1000
188 1000
189 2000
190 1500
191 1500
192 1000
193 1500
194 1500
195 2000
196 1000
197 2000
198 1000
199 2000
200 2000
201 1000
202 500
203 1000
204 1500
205 1000
206 2000
207 2000
208 2000
209 1500
210 2000
211 2000
212 2000
213 2000
214 1500
215 1000
216 1500
217 500
218 500
219 1000
220 2000
221 2000
222 2000
223 2000
224 2000
225 1500
226 1500
227 1500
228 1500
229 1500
230 1500
231 2000
232 2000
233 1000
234 2000
235 2000
236 2000
237 2000
238 2000
239 2000
240 1500
241 2000
242 1500
243 2000
244 2000
245 2000
246 2000
247 2000
248 2000
249 2000
250 1500
251 1500
252 1500
253 1500
254 1500
255 1000
256 2000
257 2000
258 1500
259 1500
260 2000
261 1000
262 2000
263 2000
264 1500
265 2000
266 2000
267 1000
268 2000
269 2000
270 1000
271 2000
272 1500
273 2000
274 1500
275 1500
276 1500
277 1500
278 1000
279 1000
280 2000
281 2000
282 2000
283 2000
284 1000
285 2000
286 1000
287 1000
288 2000
289 2000
290 2000
291 2000
292 1000
293 500
294 1500
295 1500
296 500
297 500
298 1000
299 500
300 1500
301 1500
302 1500
303 1000
304 2000
305 2000
306 1500
307 1500
308 2000
309 1000
310 1000
311 1000
312 2000
313 2000
314 2000
315 1000
316 1500
317 1500
318 1000
319 500
320 1000
321 1500
322 500
323 1000
324 2000
325 2000
326 2000
327 2000
328 2000
329 2000
330 1000
331 1000
332 2000
333 2000
334 500
335 1500
336 1500
337 1500
338 1500
339 1000
340 2000
341 2000
342 2000
343 1500
344 2000
345 1000
346 2000
347 2000
348 1500
349 2000
350 1000
351 1500
352 1000
353 2000
354 2000
355 1000
356 1000
357 2000
358 500
359 500
360 1500
361 1500
362 1000
363 1500
364 2000
365 2000
366 1000
367 2000
368 1500
369 1500
370 1000
371 1500
372 500
373 1500
374 1000
375 2000
376 1000
377 2000
378 1000
379 1000
380 1500
381 1500
382 1500
383 1500
384 1500
385 1500
386 1500
387 1500
388 1000
389 2000
390 1500
391 2000
392 2000
393 2000
394 2000
395 1500
396 2000
397 2000
398 1500
399 2000
400 2000
401 1000
402 1500
403 2000
404 2000
405 2000
406 1000
407 1500
408 2000
409 1500
410 1500
411 1000
412 2000
413 2000
414 1000
415 2000
416 2000
417 1000
418 2000
419 1000
420 2000
421 2000
422 2000
423 2000
424 500
425 1500
426 1500
427 1000
428 1000
429 1500
430 2000
431 2000
432 2000
433 2000
434 1000
435 1500
436 1000
437 1000
438 2000
439 2000
440 1000
441 1500
442 500
443 500
444 1500
445 1500
446 1500
447 1500
448 2000
449 2000
450 2000
451 2000
452 1500
453 2000
454 2000
455 1500
456 2000
457 1000
458 1000
459 1000
460 1500
461 1000
462 1500
463 1500
464 1500
465 1500
466 2000
467 1000
468 1500
469 1500
470 1500
471 2000
472 1000
473 2000
474 2000
475 1500
476 1000
477 2000
478 2000
479 1000
480 1000
481 2000
482 2000
483 2000
484 1000
485 1500
486 1500
487 1500
488 1500
489 2000
490 1500
491 2000
492 2000
493 1500
494 2000
495 1000
496 2000
497 2000
498 1500
499 1000
500 1000
501 1000
502 2000
503 1000
504 1500
505 1500
506 1500
507 1500
508 1500
509 1500
510 1500
511 2000
512 2000
513 2000
514 1500
515 1000
516 2000
517 2000
518 2000
519 2000
520 1000
521 2000
522 2000
523 1500
524 1500
525 1000
526 1000
527 2000
528 1000
529 2000
530 2000
531 1000
532 1000
533 2000
534 2000
535 1500
536 1500
537 1500
538 1500
539 1500
540 2000
541 2000
542 1000
543 2000
544 1500
545 1000
546 1000
547 1500
548 1000
549 2000
550 2000
551 1000
552 2000
553 1000
554 2000
555 1000
556 2000
557 2000
558 2000
559 2000
560 1500
561 1500
562 1500
563 2000
564 1500
565 2000
566 2000
567 1000
568 1000
569 2000
570 2000
571 1000
572 2000
573 1500
574 1000
575 1500
576 1500
577 1500
578 1500
579 1500
580 2000
581 1000
582 2000
583 1000
584 2000
585 2000
586 2000
587 2000
588 2000
589 2000
590 1500
591 2000
592 2000
593 2000
594 1500
595 2000
596 2000
597 1500
598 1500
599 1500
600 1500
601 1500
602 1500
603 1500
604 2000
605 1000
606 2000
607 1500
608 2000
609 2000
610 2000
611 2000
612 2000
613 2000
614 2000
615 2000
616 2000
617 2000
618 1000
619 2000
620 1500
621 1000
622 2000
623 1000
624 1500
625 1500
626 1500
627 2000
628 1000
629 2000
630 1000
631 2000
632 1000
633 1500
634 2000
635 1500
636 1500
637 1500
638 1000
639 2000
640 2000
641 1500
642 1500
643 1000
644 2000
645 2000
646 1000
647 2000
648 1000
649 1000
650 1500
651 1500
652 1500
653 1500
654 1000
655 2000
656 1500
657 1000
658 2000
659 2000
660 1500
661 2000
662 2000
663 2000
664 1000
665 2000
666 1000
667 1500
668 2000
669 2000
670 1500
671 1500
672 1000
673 1500
674 2000
675 2000
676 1000
677 1500
678 2000
679 2000
680 1500
681 500
682 500
683 2000
684 2000
685 2000
686 2000
687 1500
688 1000
689 2000
690 1500
691 1500
692 1000
693 2000
694 1000
695 2000
696 2000
697 1500
698 2000
699 2000
700 1500
701 1500
702 1500
703 1500
704 1500
705 1500
706 1000
707 1500
708 1500
709 2000
710 2000
711 2000
712 2000
713 1000
714 2000
715 2000
716 1000
717 1500
718 1000
719 1000
720 1000
721 2000
722 2000
723 1500
724 1500
725 1000
726 2000
727 2000
728 2000
729 1500
730 2000
731 1000
732 1000
733 1000
734 1000
735 1500
736 500
737 500
738 1500
739 1000
740 1500
741 2000
742 2000
743 1500
744 1000
745 1500
746 2000
747 1500
748 2000
749 2000
750 1500
751 1500
752 1500
753 1500
754 1000
755 2000
756 1500
757 1500
758 1000
759 2000
760 2000
761 1000
762 1500
763 1000
764 2000
765 2000
766 2000
767 1000
768 1500
769 1500
770 1500
771 1500
772 1500
773 2000
774 1500
775 1000
776 2000
777 1000
778 1000
779 1000
780 1500
781 2000
782 2000
783 1000
784 1500
785 1500
786 1500
787 1500
788 2000
789 1500
790 1000
791 1000
792 1000
793 1000
794 1500
795 1500
796 2000
797 2000
798 1000
799 2000

0 1 4 7
0 2 31 10
0 3 9 8
0 4 20 10
0 5 11 8
0 6 46 7
0 7 8 1
0 15 9 1
0 20 48 5
0 66 4 6
0 144 15 4
0 173 38 8
0 215 45 6
0 317 18 4
0 335 8 10
0 380 24 7
0 381 13 6
0 428 5 6
0 445 1 3
0 460 47 2
0 506 48 7
0 536 6 6
0 561 29 3
0 575 15 10
0 603 34 3
0 620 25 2
0 625 30 3
0 637 34 2
0 691 17 8
0 707 2 3
0 785 43 7
1 2 18 1
1 8 30 8
1 9 16 6
1 32 41 6
1 108 50 7
1 140 34 7
1 173 15 8
1 191 1 4
1 215 15 2
1 225 41 3
1 279 1 10
1 302 41 4
1 318 5 2
1 360 41 10
1 445 37 6
1 463 28 7
1 487 19 9
1 535 31 9
1 579 47 6
1 601 26 5
1 620 7 8
1 636 36 1
1 650 18 3
1 671 40 6
1 708 33 1
1 751 42 8
1 771 6 7
1 772 48 1
2 10 25 8
2 11 48 6
2 12 10 2
2 13 9 3
2 14 1 1
2 15 9 7
2 20 14 1
2 35 33 7
2 70 3 6
2 106 9 1
2 125 29 2
2 127 10 1
2 194 44 8
2 229 39 2
2 252 28 10
2 253 25 3
2 277 49 9
2 300 26 3
2 339 34 2
2 360 31 10
2 370 39 3
2 371 2 3
2 505 22 5
2 560 39 5
2 650 6 5
2 672 17 9
2 745 28 9
2 752 49 2
2 785 10 10
3 103 49 8
3 557 11 10
4 623 4 2
6 612 4 5
7 610 19 9
7 665 48 9
9 214 25 5
11 46 18 3
11 482 38 2
12 606 21 9
13 19 29 7
13 550 12 5
13 724 6 4
14 519 49 4
15 16 42 10
15 17 46 7
15 18 29 9
15 19 32 4
15 20 48 6
15 21 40 3
15 31 50 3
15 34 47 1
15 68 19 5
15 69 22 9
15 105 40 7
15 108 43 1
15 125 31 5
15 127 7 6
15 140 41 2
15 142 46 1
15 170 19 9
15 171 20 4
15 192 43 1
15 194 43 1
15 215 48 5
15 216 32 1
15 227 49 10
15 229 40 9
15 252 25 6
15 254 32 2
15 276 35 3
15 277 11 4
15 301 33 2
15 317 6 4
15 339 48 8
15 360 25 6
15 361 47 10
15 371 4 7
15 382 50 8
15 384 2 9
15 426 49 1
15 428 37 2
15 445 50 9
15 447 44 9
15 462 3 10
15 463 39 5
15 486 29 2
15 487 25 2
15 506 44 5
15 510 19 10
15 537 30 4
15 539 22 2
15 560 33 10
15 561 2 1
15 575 14 3
15 577 35 7
15 602 35 3
15 603 39 6
15 620 4 10
15 626 37 2
15 635 38 1
15 653 36 10
15 671 14 2
15 690 35 1
15 701 1 8
15 705 14 10
15 745 49 10
15 750 33 10
15 751 42 9
15 770 5 9
15 771 3 6
15 785 28 10
15 787 36 5
16 187 9 9
16 529 41 2
17 209 43 7
17 514 10 9
17 740 43 8
19 478 34 1
20 21 11 10
20 22 31 4
20 23 38 5
20 24 7 4
20 25 2 5
20 31 46 1
20 70 36 10
20 127 43 6
20 141 48 8
20 144 41 3
20 173 28 2
20 215 7 10
20 227 21 5
20 228 36 10
20 250 24 8
20 254 12 9
20 302 41 1
20 335 9 1
20 370 15 8
20 371 6 4
20 386 42 4
20 447 1 1
20 487 2 10
20 508 4 4
20 510 14 1
20 535 1 5
20 562 27 2
20 576 31 9
20 578 15 3
20 602 10 9
20 620 11 7
20 626 31 8
20 636 42 9
20 673 48 10
20 704 33 6
20 745 48 5
20 750 27 8
20 752 39 8
21 26 6 4
21 27 34 8
21 28 4 8
21 29 30 8
21 36 13 2
21 67 26 10
21 105 23 7
21 107 48 6
21 125 43 6
21 171 38 4
21 191 8 3
21 192 44 6
21 275 32 5
21 278 1 5
21 300 29 2
21 316 17 10
21 318 42 1
21 336 30 6
21 360 14 2
21 382 19 10
21 425 33 8
21 428 45 5
21 447 31 6
21 462 50 8
21 486 12 1
21 538 24 1
21 561 19 7
21 600 29 2
21 625 9 2
21 635 45 6
21 650 5 5
21 653 3 6
21 673 18 8
21 690 6 7
21 691 23 6
21 706 28 6
21 745 26 9
21 770 36 1
21 771 49 6
21 786 5 10
21 787 44 6
22 367 45 5
23 159 37 3
24 358 14 6
25 563 44 7
25 641 38 8
26 130 25 8
27 164 1 10
27 782 33 4
29 738 4 7
30 31 9 1
30 32 24 4
30 33 11 1
30 34 9 3
30 35 21 5
30 36 15 10
30 37 4 1
30 38 34 1
30 39 8 5
30 40 41 5
30 41 47 7
30 42 47 5
30 43 9 3
30 44 15 2
30 226 21 1
30 318 29 1
30 336 43 2
30 382 33 2
30 488 15 7
30 510 9 7
30 651 14 9
31 32 21 4
31 33 12 6
31 34 42 6
31 35 5 10
31 36 28 3
31 45 19 7
31 67 6 5
31 142 34 1
31 216 20 8
31 250 27 5
31 370 39 6
31 463 39 10
31 539 7 5
31 620 40 4
31 702 15 1
32 33 35 9
32 34 15 5
32 35 10 4
32 36 37 1
32 46 13 5
32 47 27 6
32 65 44 9
32 275 40 4
32 361 44 9
32 370 38 10
32 427 24 7
32 464 27 8
32 535 23 2
32 562 22 3
32 601 48 5
32 672 23 5
32 745 23 9
32 752 43 3
32 772 1 5
32 787 46 3
33 34 5 10
33 35 15 9
33 36 5 2
33 48 39 3
33 49 33 3
33 50 7 2
33 51 28 3
33 143 31 7
33 300 20 4
33 317 33 5
33 339 37 2
33 385 34 9
33 505 19 1
33 575 16 8
33 637 23 1
34 35 17 5
34 36 1 4
34 52 9 1
34 53 17 4
34 106 29 6
34 126 21 2
34 193 11 10
34 253 22 5
34 485 40 7
34 560 4 2
34 600 32 10
34 620 2 6
34 625 1 5
34 691 11 2
34 708 49 2
34 752 27 4
35 36 1 1
35 54 38 4
35 55 50 10
35 56 12 9
35 57 6 10
35 58 11 4
35 59 39 6
35 60 9 7
35 61 17 4
35 62 42 3
35 108 24 2
35 125 18 10
35 192 19 5
35 227 17 2
35 278 50 8
35 361 29 10
35 445 8 8
35 636 4 7
35 691 9 8
35 771 1 5
35 786 29 3
36 63 39 9
36 64 31 5
36 170 44 8
36 171 42 5
36 302 32 6
36 428 6 6
36 446 15 1
36 625 7 5
36 652 16 10
36 673 2 7
36 745 31 1
38 177 47 2
38 308 35 10
38 321 3 1
38 524 18 1
39 266 7 4
40 497 34 4
42 449 26 3
42 630 41 3
45 633 39 4
47 271 25 2
48 75 42 6
48 366 41 7
49 289 50 10
51 476 18 8
52 590 29 9
53 541 19 8
54 80 35 9
54 103 35 2
54 182 31 9
54 498 44 8
55 57 2 6
55 642 39 8
56 455 41 7
57 527 31 9
58 685 3 5
59 264 33 10
59 714 27 4
61 475 16 8
61 732 1 3
62 572 49 6
65 66 34 7
65 67 11 6
65 68 27 1
65 69 39 6
65 70 21 8
65 71 28 10
65 72 27 3
65 73 20 4
65 74 18 1
65 275 2 8
65 428 44 10
65 578 20 3
65 603 4 10
65 635 21 6
65 753 42 6
65 770 13 2
66 67 28 5
66 68 24 5
66 69 43 4
66 70 29 5
66 71 25 3
66 72 13 7
66 75 24 2
66 76 13 2
66 173 30 8
66 216 28 7
66 338 5 7
66 370 23 10
66 384 39 3
66 486 1 9
66 703 2 6
67 68 9 1
67 69 17 9
67 70 42 7
67 71 15 7
67 72 50 2
67 77 24 4
67 78 32 1
67 79 43 8
67 80 30 4
67 81 45 4
67 82 48 4
67 144 49 5
67 370 4 8
67 447 43 3
67 535 47 2
67 561 47 6
67 625 2 1
67 650 31 6
67 672 15 8
67 690 42 7
67 745 32 7
67 751 28 2
68 69 31 1
68 70 44 8
68 71 15 10
68 72 34 6
68 83 27 9
68 84 38 8
68 85 29 1
68 86 23 9
68 87 21 7
68 252 19 7
68 315 10 6
68 337 10 7
68 427 41 4
68 506 15 10
68 535 34 6
68 562 37 8
68 577 45 9
68 652 19 9
68 690 14 4
69 70 1 3
69 71 45 4
69 72 23 2
69 88 41 4
69 89 26 5
69 90 39 1
69 91 48 6
69 92 50 6
69 93 45 9
69 127 21 1
69 142 12 2
69 173 27 2
69 190 11 7
69 229 32 1
69 673 14 2
69 708 49 6
69 745 21 9
69 785 16 7
70 71 37 1
70 72 38 1
70 94 2 3
70 95 20 5
70 96 41 6
70 97 48 6
70 98 23 3
70 99 50 8
70 105 24 2
70 107 24 8
70 252 3 3
70 300 6 1
70 302 14 6
70 361 43 8
70 461 43 4
70 487 6 6
70 507 42 1
70 786 26 8
71 72 25 2
71 100 38 5
71 101 7 2
71 102 45 9
71 193 8 2
71 278 21 5
71 318 36 9
71 603 41 4
71 620 36 6
71 626 43 7
71 635 35 1
71 772 17 8
72 103 14 9
72 104 20 7
72 127 10 10
72 215 4 9
72 225 39 3
72 268 7 7
72 360 24 4
72 383 23 1
72 447 46 3
72 462 26 5
72 620 1 4
73 465 40 4
75 213 37 1
77 313 16 2
80 176 6 9
81 566 40 1
84 608 50 6
85 722 50 8
87 304 20 7
88 583 29 9
89 688 41 10
92 413 46 9
93 177 20 8
94 474 44 7
95 452 25 6
95 543 16 1
99 389 42 6
100 489 16 7
100 540 41 3
101 550 27 3
101 784 41 6
103 390 11 6
104 744 9 9
105 106 10 10
105 107 17 5
105 108 49 7
105 109 44 5
105 170 36 7
105 191 27 1
105 254 19 8
105 276 23 3
105 317 43 8
105 386 11 8
105 446 18 5
105 460 31 8
105 507 18 8
105 535 4 8
105 579 42 9
105 600 4 5
105 620 38 2
105 704 46 10
105 753 4 9
105 770 34 4
106 107 23 5
106 108 26 9
106 110 49 8
106 111 21 4
106 112 33 6
106 113 23 5
106 114 14 1
106 125 28 7
106 215 17 9
106 227 38 10
106 228 34 8
106 361 50 6
106 370 23 10
106 464 35 7
106 579 38 6
106 625 8 1
106 672 25 4
106 690 24 10
106 787 27 5
107 108 49 3
107 115 30 7
107 116 50 5
107 126 17 10
107 140 47 7
107 173 31 8
107 194 18 8
107 250 17 8
107 302 14 2
107 360 37 7
107 382 20 9
107 447 28 2
107 488 32 9
107 536 7 7
107 560 33 4
107 603 31 5
107 620 11 1
107 625 7 2
107 635 35 1
107 650 27 10
107 672 37 4
107 690 15 3
107 745 45 9
107 752 23 10
108 117 14 2
108 118 16 5
108 119 26 2
108 120 28 4
108 121 29 4
108 122 13 6
108 123 33 10
108 124 17 4
108 145 20 1
108 215 35 2
108 301 40 6
108 317 23 7
108 336 21 6
108 339 38 5
108 426 32 5
108 427 1 9
108 488 24 1
108 509 15 1
108 561 41 8
108 636 5 9
108 653 19 1
108 700 6 8
108 745 18 8
108 772 34 3
108 786 3 10
110 777 13 7
111 646 39 7
112 204 41 8
114 665 45 2
115 475 16 3
116 312 10 5
117 182 44 2
118 122 4 6
120 399 30 7
120 797 30 2
121 495 8 5
122 131 26 10
122 259 22 9
123 232 5 7
123 709 8 2
124 202 48 3
124 401 49 2
125 126 33 8
125 127 47 9
125 128 7 3
125 129 37 10
125 130 9 1
125 140 19 5
125 145 20 10
125 191 40 5
125 226 20 3
125 301 7 3
125 318 23 5
125 335 35 4
125 360 9 7
125 370 45 9
125 425 31 10
125 445 37 9
125 462 44 4
125 486 17 7
125 539 16 4
125 562 9 2
125 602 47 4
125 636 24 8
125 702 24 4
125 751 40 10
125 771 43 5
125 772 11 7
125 787 21 10
126 127 11 3
126 131 2 3
126 132 29 3
126 133 16 4
126 134 12 9
126 135 13 3
126 193 5 9
126 253 18 8
126 254 4 6
126 336 32 2
126 360 42 4
126 386 5 10
126 426 15 1
126 446 42 5
126 464 42 3
126 485 35 6
126 507 36 5
126 560 4 4
126 577 8 7
126 578 40 9
126 603 21 4
126 620 28 6
126 626 49 2
126 652 8 6
126 653 19 5
126 672 19 2
126 691 6 8
126 745 14 2
126 751 11 7
127 136 7 10
127 137 13 5
127 138 40 10
127 139 46 3
127 171 39 10
127 173 35 1
127 215 33 7
127 216 16 7
127 276 22 9
127 277 33 8
127 300 18 6
127 316 11 9
127 370 1 10
127 383 3 9
127 505 16 8
127 538 41 1
127 620 44 2
127 625 16 1
127 670 7 3
127 690 33 5
127 703 29 2
128 282 48 3
131 153 27 5
131 394 23 10
136 490 27 9
137 320 31 7
137 349 27 8
138 244 9 5
138 692 49 4
140 141 12 2
140 142 9 8
140 143 19 9
140 144 14 7
140 145 40 8
140 146 34 10
140 147 3 3
140 148 6 4
140 193 30 3
140 316 33 6
140 339 35 6
140 428 24 1
140 487 6 8
140 637 29 10
140 701 29 4
140 745 47 3
141 142 40 3
141 143 7 1
141 144 21 4
141 145 3 1
141 149 21 8
141 150 49 1
141 151 27 7
141 152 32 10
141 153 26 1
141 154 3 4
141 155 18 10
141 227 31 4
141 370 9 2
141 445 21 2
141 625 17 6
141 636 45 4
141 700 4 1
142 143 39 5
142 144 43 8
142 145 1 5
142 156 26 1
142 157 48 7
142 158 38 3
142 191 34 9
142 215 2 6
142 254 21 10
142 275 12 10
142 302 34 1
142 335 46 9
142 463 27 6
142 486 23 8
142 505 36 6
142 535 5 1
142 562 39 10
142 620 19 6
142 652 47 3
142 671 35 9
142 751 48 9
143 144 32 2
143 145 21 6
143 159 18 1
143 160 3 5
143 161 15 3
143 162 12 1
143 163 46 10
143 164 19 9
143 165 20 6
143 225 10 9
143 250 44 8
143 385 4 8
143 425 45 8
143 507 47 9
143 579 49 3
143 603 46 9
143 620 18 2
143 625 34 5
143 671 9 4
143 690 19 7
143 772 39 5
144 145 1 9
144 166 16 6
144 167 21 3
144 168 45 5
144 170 28 8
144 275 27 10
144 318 38 4
144 360 9 5
144 447 5 5
144 537 41 4
144 575 38 2
144 750 24 10
145 169 39 8
145 173 34 6
145 215 50 8
145 301 35 1
145 370 50 10
145 388 13 9
145 464 37 1
145 560 13 2
145 651 12 6
145 690 25 8
145 771 2 2
145 786 28 2
145 787 11 1
147 533 30 2
149 610 33 9
153 640 2 1
154 669 28 8
158 164 27 2
158 406 22 1
159 516 15 4
159 716 12 5
161 617 29 10
161 762 47 6
163 204 26 10
166 633 20 1
166 784 17 8
167 762 27 5
170 171 25 8
170 172 47 7
170 173 3 6
170 174 31 8
170 175 14 4
170 191 34 6
170 193 38 5
170 216 24 8
170 250 49 2
170 254 22 4
170 316 31 4
170 370 14 4
170 447 16 6
170 508 6 6
170 536 17 10
170 560 24 7
170 620 28 9
170 673 49 7
170 690 13 5
170 700 42 7
170 745 22 9
171 172 40 5
171 173 4 3
171 176 3 4
171 177 50 6
171 178 49 7
171 179 35 9
171 279 27 7
171 302 24 7
171 336 17 5
171 361 24 10
171 370 25 7
171 383 44 3
171 485 31 1
171 601 7 8
171 637 23 8
171 745 20 3
171 750 27 5
171 786 40 7
172 173 44 9
172 180 23 9
172 181 20 7
172 182 18 1
172 183 12 1
172 215 44 6
172 225 41 7
172 226 42 6
172 276 12 6
172 361 35 4
172 428 30 4
172 461 29 2
172 538 28 10
172 620 11 9
172 626 50 6
172 652 14 8
172 672 16 2
172 751 21 5
172 772 41 9
172 787 11 6
173 184 3 7
173 185 44 4
173 186 2 5
173 187 40 5
173 188 50 6
173 189 12 4
173 301 29 10
173 317 13 6
173 336 10 4
173 385 31 10
173 425 15 2
173 445 25 5
173 464 8 2
173 485 21 3
173 508 46 3
173 562 5 4
173 578 33 1
173 602 48 10
173 636 26 10
173 650 36 2
173 690 7 10
173 707 20 9
173 771 18 4
175 342 6 5
175 549 32 6
175 797 47 7
176 667 38 1
178 757 4 7
180 433 14 7
181 773 23 5
184 256 47 6
186 271 11 7
186 349 12 7
190 191 46 1
190 192 35 2
190 193 25 10
190 194 46 9
190 195 12 3
190 276 49 3
190 315 48 9
190 370 11 2
190 427 26 6
190 447 15 8
190 460 7 9
190 537 4 6
190 538 46 5
190 653 6 1
190 705 25 4
190 751 44 8
190 770 27 8
191 192 48 3
191 193 47 9
191 194 16 4
191 196 3 1
191 197 43 10
191 198 46 1
191 199 16 1
191 200 7 1
191 201 44 10
191 227 10 3
191 252 50 3
191 277 23 10
191 300 24 5
191 301 33 9
191 338 36 6
191 370 9 1
191 384 7 9
191 426 24 2
191 510 8 7
191 561 50 3
191 620 24 4
191 625 13 7
191 626 24 8
191 691 49 7
191 708 14 8
191 745 35 9
191 770 48 10
192 193 15 1
192 194 32 3
192 202 42 5
192 216 40 9
192 485 41 2
192 488 22 4
192 578 27 4
192 620 37 9
192 635 6 8
192 752 42 1
193 194 4 10
193 203 37 1
193 204 46 2
193 205 37 2
193 206 15 6
193 207 37 5
193 208 22 6
193 227 38 2
193 445 25 1
193 464 23 8
193 508 46 4
193 560 13 7
193 601 22 9
193 637 27 9
193 672 18 3
194 209 42 10
194 210 11 3
194 211 45 3
194 212 43 7
194 213 43 1
194 214 8 4
194 216 2 2
194 251 42 8
194 318 35 9
194 337 23 10
194 360 34 10
194 361 37 6
194 383 35 1
194 576 28 8
194 601 30 3
194 653 5 7
194 672 26 5
194 691 12 5
194 745 17 8
194 786 18 8
194 787 4 10
196 526 4 4
197 789 36 8
198 734 27 4
199 660 6 9
201 398 30 10
205 398 50 6
205 780 37 10
206 607 24 1
207 645 5 7
208 677 32 4
209 678 1 2
210 420 15 1
210 432 40 10
211 238 10 8
212 441 3 7
214 642 32 2
215 216 34 10
215 217 30 6
215 218 9 2
215 219 32 3
215 226 33 4
215 250 3 9
215 315 16 1
215 370 47 7
215 428 28 6
215 447 3 5
215 460 4 8
215 507 30 10
215 537 7 3
215 538 4 9
215 600 24 3
215 601 37 2
215 620 35 8
215 626 37 9
215 651 33 6
215 670 8 8
215 672 49 3
215 691 43 4
215 707 23 2
215 745 21 8
215 750 18 10
215 786 12 10
216 220 20 5
216 221 8 4
216 222 27 5
216 223 9 10
216 224 37 3
216 227 27 10
216 250 21 9
216 275 28 9
216 279 9 2
216 300 12 2
216 318 24 9
216 335 23 1
216 338 20 6
216 360 2 3
216 385 9 8
216 386 19 7
216 425 6 1
216 460 7 9
216 485 47 3
216 486 13 10
216 507 4 4
216 561 1 2
216 575 25 7
216 577 11 8
216 620 7 7
216 625 49 8
216 635 17 10
216 637 14 7
216 653 41 7
216 703 34 3
216 745 36 8
216 752 4 3
216 770 47 6
216 772 15 4
216 786 15 7
219 598 36 6
220 236 32 4
220 747 25 4
223 715 47 7
224 470 26 2
225 226 30 3
225 227 4 6
225 228 36 5
225 229 8 9
225 230 42 5
225 231 29 5
225 232 41 10
225 233 43 5
225 302 25 3
225 317 47 10
225 360 41 5
225 371 8 3
225 426 18 2
225 446 28 4
225 460 7 7
225 462 7 2
225 488 6 2
225 635 9 4
225 690 39 5
225 750 3 6
225 786 2 7
226 227 11 8
226 228 33 10
226 229 14 9
226 234 46 4
226 235 14 10
226 236 11 9
226 237 44 6
226 238 26 8
226 239 42 3
226 277 41 4
226 301 6 5
226 337 43 2
226 380 31 6
226 561 21 4
226 620 7 6
226 672 4 3
226 772 16 1
227 228 43 10
227 229 15 3
227 240 27 1
227 241 35 1
227 251 33 7
227 317 8 8
227 360 2 8
227 425 46 5
227 446 16 3
227 652 13 2
227 653 47 2
227 690 18 3
227 702 37 2
227 707 7 4
227 745 12 1
227 750 30 4
228 229 40 7
228 242 37 9
228 243 39 8
228 244 3 1
228 339 44 7
228 383 32 3
228 508 5 1
228 578 8 10
228 603 7 3
228 620 30 7
228 770 40 5
228 786 32 4
229 245 13 4
229 246 2 5
229 247 8 3
229 248 34 9
229 249 34 5
229 278 27 2
229 485 41 6
229 506 31 3
229 535 20 3
229 537 42 3
229 561 28 1
229 577 41 9
229 601 29 10
229 626 22 6
229 637 49 8
229 672 11 9
229 745 3 2
230 432 34 2
230 458 27 2
230 567 28 3
232 738 43 7
234 696 18 2
235 257 18 2
235 402 48 4
236 760 32 7
238 469 39 8
238 766 18 8
239 795 22 9
240 782 24 6
242 570 48 3
242 778 3 9
243 245 35 2
245 645 38 9
249 325 20 5
250 251 36 1
250 252 36 9
250 253 28 3
250 254 1 3
250 255 26 1
250 256 19 2
250 257 31 8
250 258 31 5
250 259 27 10
250 335 45 5
250 388 38 5
250 445 32 8
250 510 23 7
250 575 34 7
250 653 13 8
250 690 47 2
250 771 41 4
250 787 41 7
251 252 14 10
251 253 34 8
251 254 44 2
251 260 33 9
251 261 36 2
251 262 27 4
251 263 22 5
251 264 43 1
251 265 36 7
251 278 10 7
251 301 45 1
251 315 19 9
251 486 47 10
251 488 8 8
251 562 23 4
251 603 2 8
251 620 23 3
251 626 18 6
251 672 36 8
251 690 5 10
251 704 45 9
251 745 35 8
251 770 27 10
252 253 44 1
252 254 25 8
252 266 20 10
252 267 42 6
252 316 3 4
252 383 30 5
252 461 49 10
252 508 42 9
252 560 11 8
252 601 26 10
252 750 12 3
252 752 19 8
253 254 38 7
253 268 37 3
253 269 14 5
253 270 49 3
253 271 1 4
253 276 19 2
253 301 23 3
253 336 15 7
253 360 18 9
253 370 23 5
253 371 30 6
253 428 45 10
253 461 48 4
253 536 35 6
253 635 45 6
253 652 6 3
253 670 43 3
253 700 8 3
253 745 7 8
254 272 5 8
254 273 29 3
254 274 49 4
254 447 6 10
254 537 25 7
254 579 30 2
254 620 4 5
254 626 45 5
254 637 20 9
255 348 30 3
255 442 50 3
257 518 36 1
257 610 17 4
257 773 48 1
258 698 19 2
264 435 19 4
265 552 39 5
265 616 38 4
266 590 8 6
267 419 9 5
267 763 48 9
268 683 23 2
272 341 43 9
272 516 48 5
274 760 40 10
275 276 29 4
275 277 14 3
275 278 28 2
275 279 11 2
275 280 43 7
275 338 22 6
275 371 14 4
275 425 28 10
275 463 45 9
275 485 5 7
275 538 49 4
275 576 37 2
275 579 4 3
275 600 40 7
275 625 40 4
275 653 16 10
275 705 2 6
275 745 41 5
275 752 49 6
275 786 41 4
276 277 39 4
276 278 6 9
276 279 40 6
276 281 16 2
276 282 27 10
276 283 40 10
276 284 48 2
276 285 31 5
276 286 48 8
276 287 43 10
276 338 11 1
276 360 14 2
276 370 22 8
276 447 30 10
276 464 49 7
276 505 27 4
276 562 31 8
276 620 42 9
276 635 7 6
276 653 19 10
276 670 22 6
276 690 9 5
276 691 9 4
276 707 22 9
276 772 19 2
276 787 30 1
277 278 34 6
277 279 50 4
277 288 8 1
277 289 16 5
277 290 36 4
277 291 37 2
277 292 20 9
277 300 14 3
277 561 9 2
277 601 16 1
277 620 9 5
277 745 15 7
277 753 42 8
277 771 14 6
278 279 28 3
278 293 25 1
278 318 34 10
278 383 25 7
278 487 32 2
278 672 24 7
279 294 19 9
279 295 6 7
279 296 21 1
279 297 45 2
279 298 41 4
279 299 35 4
279 302 5 2
279 317 11 3
279 360 35 3
279 387 36 9
279 426 40 4
279 510 14 3
279 535 40 7
279 625 10 8
279 636 41 9
286 419 43 10
286 677 39 3
290 604 11 9
290 698 30 9
290 723 11 2
294 421 50 1
294 459 23 4
294 572 23 2
294 792 8 6
295 346 9 5
297 499 10 9
298 724 29 3
300 301 32 3
300 302 26 9
300 303 32 10
300 304 15 2
300 305 12 3
300 306 49 4
300 307 23 3
300 308 1 5
300 318 22 6
300 360 13 6
300 388 36 7
300 447 14 1
300 487 48 7
300 506 16 4
300 561 48 6
300 600 26 2
300 635 28 7
300 650 33 2
300 690 38 1
300 703 47 6
300 745 33 2
300 753 40 8
300 787 31 3
301 302 40 1
301 309 11 4
301 310 15 2
301 311 41 2
301 312 43 4
301 317 8 3
301 335 20 6
301 338 18 10
301 360 40 8
301 370 8 1
301 388 19 1
301 425 24 4
301 463 32 2
301 508 50 8
301 536 12 6
301 601 46 2
301 620 18 5
301 636 27 1
301 651 39 9
301 673 30 7
301 691 9 2
302 313 30 4
302 314 28 9
302 370 16 8
302 426 37 1
302 486 25 9
302 538 18 6
302 561 25 3
302 576 20 4
302 620 31 6
302 626 44 4
302 671 34 1
302 700 18 8
302 770 27 3
302 772 50 6
302 785 25 10
304 592 12 7
305 768 40 7
306 391 40 3
306 557 2 10
306 765 49 6
307 454 7 6
308 554 13 10
312 429 31 6
314 599 14 7
314 780 1 3
315 316 1 7
315 317 8 8
315 318 6 3
315 319 46 1
315 320 3 2
315 321 9 3
315 322 7 1
315 339 34 10
315 371 25 7
315 425 23 7
315 486 38 9
315 505 44 10
315 560 15 1
315 602 6 5
315 671 48 9
315 703 3 9
315 745 42 6
315 753 11 4
315 772 19 5
315 786 48 9
315 787 35 9
316 317 30 1
316 318 23 4
316 323 26 2
316 324 1 5
316 325 30 10
316 326 31 3
316 327 17 10
316 328 49 5
316 360 3 9
316 380 16 4
316 445 3 4
316 505 25 5
316 538 1 4
316 579 19 4
316 620 24 6
316 652 28 7
316 653 7 1
317 318 35 10
317 329 17 7
317 330 4 9
317 331 3 4
317 332 15 3
317 333 40 7
317 370 40 3
317 386 45 10
317 460 13 9
317 486 42 7
317 579 42 3
317 626 29 8
317 637 43 10
317 670 11 4
317 690 31 5
317 691 15 6
317 770 4 5
318 334 49 1
318 335 4 3
318 360 41 10
318 464 42 3
318 536 48 7
318 561 3 9
318 600 42 9
318 620 32 9
318 626 5 2
318 636 18 10
318 707 25 7
318 745 32 4
318 752 39 1
325 416 15 10
328 451 37 9
328 504 35 3
329 674 5 5
332 799 21 5
335 336 32 6
335 337 7 6
335 338 8 10
335 339 7 7
335 340 49 8
335 341 42 7
335 342 17 4
335 343 7 6
335 344 29 8
335 361 39 9
335 385 50 7
335 428 22 2
335 461 29 6
335 539 31 5
335 561 17 7
335 635 48 2
335 653 8 7
335 691 26 5
335 753 47 5
336 337 17 10
336 338 3 2
336 339 15 10
336 345 32 8
336 346 42 3
336 347 47 6
336 348 3 4
336 349 1 1
336 350 47 6
336 351 14 3
336 371 37 2
336 426 44 6
336 464 24 3
336 488 49 5
336 601 45 7
336 635 50 1
336 752 35 9
337 192 6 1
337 338 18 2
337 339 2 3
337 352 34 6
337 353 26 6
337 354 11 4
337 355 42 2
337 537 47 10
337 562 28 5
337 602 40 7
337 620 20 8
337 673 6 10
337 690 45 4
337 745 27 6
337 770 35 10
338 339 4 6
338 356 42 1
338 357 28 10
338 371 32 6
338 445 10 5
338 509 6 4
338 575 48 8
338 625 5 5
338 705 36 2
339 358 23 9
339 359 23 7
339 360 14 8
339 380 20 1
339 447 44 3
339 487 28 6
339 509 42 4
339 578 15 9
339 625 20 8
339 651 35 2
339 671 37 2
339 702 46 5
339 745 31 4
339 771 48 5
339 785 42 7
340 415 45 8
341 482 45 8
341 729 19 3
343 679 48 7
346 756 43 4
347 709 17 1
348 665 34 10
349 658 15 1
351 439 29 7
354 573 10 2
360 361 10 9
360 362 9 1
360 363 3 9
360 364 10 8
360 365 5 5
360 370 34 3
360 381 20 6
360 382 43 8
360 447 13 6
360 462 12 6
360 485 18 3
360 538 7 6
360 561 50 9
360 562 46 1
360 575 12 2
360 577 42 6
360 600 47 4
360 603 1 4
360 620 39 2
360 637 4 10
360 650 30 10
360 670 25 8
360 671 27 3
360 690 47 4
360 691 35 4
360 700 2 6
360 745 46 10
360 771 47 7
361 366 36 6
361 367 23 6
361 368 41 6
361 369 41 7
361 371 19 9
361 428 37 6
361 447 37 4
361 464 23 5
361 485 22 7
361 509 38 4
361 539 44 1
361 620 47 5
361 625 9 4
361 626 10 1
361 635 12 8
361 651 31 6
361 707 20 5
361 751 3 3
361 770 19 9
361 785 37 1
362 621 12 10
363 413 17 9
365 397 48 4
365 547 46 4
366 677 46 4
368 422 43 1
369 685 49 9
370 371 36 1
370 372 31 7
370 388 7 6
370 427 4 3
370 447 20 5
370 507 40 8
370 576 33 1
370 602 29 2
370 620 34 8
370 637 43 5
370 653 26 8
370 671 26 7
370 745 14 2
370 771 45 6
370 786 49 6
371 373 23 8
371 374 36 4
371 375 44 3
371 376 49 3
371 377 27 7
371 378 41 5
371 379 41 10
371 383 24 2
371 428 22 9
371 445 33 5
371 464 31 8
371 486 9 10
371 487 16 2
371 507 36 10
371 536 35 1
371 537 46 6
371 561 39 2
371 562 11 9
371 579 2 3
371 602 46 9
371 626 44 10
371 636 24 7
371 653 49 10
371 690 16 7
371 691 45 9
371 700 13 8
371 701 46 6
371 745 19 3
371 750 33 8
371 752 32 10
371 772 19 3
371 785 21 1
373 516 16 6
378 379 31 6
380 381 23 10
380 382 29 1
380 383 27 10
380 384 4 8
380 385 19 8
380 386 17 3
380 387 41 4
380 388 6 10
380 389 8 2
380 390 12 2
380 391 43 10
380 392 26 3
380 460 8 8
380 603 26 5
380 671 1 10
380 707 10 7
380 745 42 10
381 382 49 2
381 383 10 4
381 384 46 6
381 385 37 6
381 386 16 5
381 387 36 1
381 388 4 2
381 393 31 6
381 394 47 4
381 395 15 7
381 396 41 3
381 538 48 4
381 626 6 5
381 671 20 2
382 383 14 3
382 384 6 7
382 385 28 8
382 386 48 2
382 387 22 6
382 388 34 9
382 397 36 1
382 398 14 2
382 399 15 7
382 400 1 2
382 401 18 7
382 461 23 3
382 488 12 3
382 561 38 6
382 691 47 9
383 384 12 5
383 385 18 3
383 386 7 10
383 387 3 9
383 388 27 6
383 402 40 6
383 403 44 5
383 404 33 1
383 405 33 9
383 406 24 7
383 407 27 8
383 508 22 9
383 772 29 1
383 785 11 2
384 385 34 6
384 386 18 6
384 387 37 6
384 388 44 4
384 408 8 4
384 409 43 6
384 426 1 9
384 445 3 4
384 487 19 7
384 626 22 8
384 636 9 9
384 772 15 8
384 787 2 10
385 386 21 6
385 387 19 1
385 388 26 10
385 410 37 7
385 411 42 9
385 412 5 6
385 413 49 2
385 510 2 2
385 538 28 7
385 651 24 10
385 690 11 2
385 745 23 1
386 387 9 3
386 388 2 2
386 414 23 6
386 415 50 9
386 416 31 5
386 417 4 1
386 418 48 5
386 419 3 5
386 425 21 3
386 620 17 3
386 637 1 9
386 752 41 8
387 388 12 4
387 420 28 10
387 421 5 3
387 422 34 1
387 423 29 1
387 445 45 6
387 577 2 3
388 424 27 7
388 560 32 5
388 578 32 2
388 602 35 8
388 620 12 8
388 652 6 9
388 704 21 3
390 776 43 1
393 661 40 4
395 477 15 7
396 502 20 2
397 697 20 2
398 511 6 8
399 451 29 8
399 724 24 6
401 664 16 5
402 717 19 8
403 450 50 10
403 717 44 8
404 699 16 1
405 498 1 2
405 523 36 10
407 728 45 9
409 477 34 3
409 777 32 7
410 450 36 1
412 544 17 6
412 680 4 7
415 659 8 6
421 522 48 4
421 714 42 3
423 494 1 2
423 709 33 7
425 426 31 6
425 427 28 3
425 428 22 9
425 429 22 7
425 430 30 10
425 431 15 2
425 432 40 2
425 433 47 5
425 434 10 3
425 435 18 5
425 488 5 4
425 505 49 4
425 576 9 2
425 620 7 1
425 625 13 3
425 636 39 1
425 650 18 10
425 673 31 9
425 690 16 3
426 427 24 9
426 428 10 3
426 436 7 8
426 437 30 7
426 438 42 2
426 439 3 2
426 440 36 2
426 446 36 6
426 486 43 6
426 506 30 4
426 537 35 9
426 575 35 10
426 602 30 1
426 620 29 4
426 690 7 3
426 705 36 7
426 750 23 6
427 428 3 6
427 441 21 10
427 442 22 2
427 445 7 2
427 463 36 1
427 538 13 3
427 561 12 6
427 562 34 9
427 635 12 8
427 670 25 4
427 752 23 4
427 771 36 8
428 443 10 3
428 444 46 5
428 464 8 9
428 600 20 10
428 651 16 7
428 703 18 4
428 745 24 6
428 770 3 3
428 785 32 8
428 787 16 8
430 629 46 2
431 642 2 4
433 504 16 3
435 588 11 7
435 710 41 4
438 556 6 9
438 714 36 9
443 459 41 4
444 491 23 7
445 446 9 1
445 447 37 10
445 448 38 3
445 449 34 2
445 450 33 9
445 451 38 10
445 461 23 10
445 486 22 8
445 538 32 3
445 561 47 7
445 579 27 2
445 620 7 8
445 626 28 9
445 636 8 9
445 745 20 8
445 785 25 4
446 447 24 7
446 452 6 8
446 453 48 6
446 454 28 3
446 455 42 5
446 507 17 1
446 560 36 10
446 579 6 2
446 600 21 6
446 636 30 5
446 650 11 3
446 671 1 10
446 673 16 2
446 691 12 7
446 705 39 1
446 745 32 5
446 750 50 6
446 752 26 6
446 770 35 10
446 772 15 9
447 456 45 4
447 457 34 7
447 458 31 6
447 459 22 5
447 488 35 6
447 510 3 7
447 538 45 8
447 603 1 3
447 620 25 1
447 626 2 7
447 650 49 4
447 787 39 8
454 794 34 9
460 461 3 8
460 462 15 9
460 463 18 6
460 464 7 2
460 465 42 6
460 466 39 6
460 467 31 7
460 508 30 2
460 603 11 1
460 745 3 8
460 753 23 6
460 772 32 6
461 462 46 6
461 463 16 7
461 464 29 2
461 468 36 10
461 469 34 2
461 576 20 9
461 579 6 2
461 601 37 4
461 625 37 8
461 636 37 10
461 650 25 3
461 653 42 4
461 670 26 5
461 751 38 8
461 787 46 9
462 463 31 10
462 464 39 3
462 470 43 1
462 471 47 2
462 472 32 5
462 636 9 8
462 671 8 1
462 703 49 4
462 771 42 5
463 464 22 8
463 473 20 5
463 474 14 10
463 475 28 7
463 476 20 1
463 477 18 10
463 478 10 9
463 479 27 4
463 485 37 9
463 507 3 6
463 535 30 6
463 538 40 9
463 561 26 8
463 620 40 10
463 626 4 10
463 786 27 8
464 480 42 5
464 481 30 7
464 482 38 6
464 483 26 7
464 484 24 9
464 486 27 8
464 561 19 6
464 691 50 3
464 707 44 7
465 475 49 3
466 679 41 3
468 721 3 9
481 689 35 8
481 735 34 7
484 718 19 5
485 486 23 8
485 487 24 2
485 488 19 9
485 489 22 6
485 490 30 6
485 536 8 1
485 562 8 6
485 635 41 1
485 670 32 6
485 745 47 5
486 487 37 5
486 488 31 1
486 491 9 1
486 492 27 2
486 493 14 2
486 560 36 6
486 576 7 9
486 578 8 8
486 601 46 3
486 620 44 1
486 625 24 10
486 650 47 9
486 673 49 9
486 751 27 1
486 753 40 1
487 488 7 8
487 494 23 8
487 495 16 10
487 496 43 3
487 497 3 6
487 509 42 4
487 510 50 4
487 620 35 5
487 653 34 1
487 705 11 2
487 770 34 1
487 772 31 1
487 785 22 8
488 498 48 8
488 499 16 6
488 500 46 3
488 501 9 9
488 502 48 4
488 503 39 7
488 504 27 7
488 539 10 3
488 600 43 9
488 636 11 2
488 690 2 10
488 691 18 8
488 708 50 3
488 745 3 9
488 787 7 10
491 748 40 2
493 712 7 6
505 506 39 1
505 507 48 9
505 508 42 1
505 509 10 7
505 510 1 5
505 511 15 7
505 512 7 9
505 513 11 8
505 514 35 7
505 515 10 8
505 516 30 6
505 538 1 1
505 560 49 9
505 637 14 10
505 650 12 4
505 673 35 8
505 786 14 8
506 507 22 6
506 508 11 9
506 509 44 9
506 510 29 7
506 517 11 4
506 539 29 7
506 579 3 9
506 690 7 5
507 508 45 4
507 509 37 10
507 510 41 10
507 518 17 6
507 519 20 9
507 520 10 4
507 521 3 2
507 522 27 9
507 603 14 3
507 745 25 2
507 751 5 7
508 509 30 5
508 510 22 5
508 523 15 1
508 524 7 5
508 525 28 4
508 526 31 5
508 527 39 1
508 601 29 5
508 626 27 2
508 691 43 1
508 701 11 3
508 745 4 8
508 771 41 7
509 510 42 1
509 528 29 3
509 529 38 3
509 620 50 6
509 625 21 6
510 530 19 9
510 531 25 7
510 532 14 7
510 533 4 3
510 534 43 5
510 562 25 10
510 576 45 10
510 620 40 9
510 637 38 10
510 653 42 7
510 672 29 10
510 705 39 1
510 750 42 5
510 770 45 4
511 530 44 8
513 598 37 2
516 564 42 7
519 667 8 10
523 590 5 8
533 796 37 8
535 536 11 5
535 537 45 9
535 538 14 4
535 539 48 1
535 540 38 8
535 541 39 8
535 542 31 6
535 562 40 10
535 653 3 2
535 691 40 1
535 702 29 3
535 745 12 9
536 537 12 2
536 538 45 9
536 539 21 9
536 543 22 1
536 544 11 1
536 545 25 5
536 546 15 7
536 547 33 7
536 548 32 5
536 549 21 2
536 550 48 4
536 551 3 1
536 575 20 8
536 626 5 10
536 635 44 4
536 670 27 8
536 700 48 7
536 751 44 1
536 752 34 10
536 770 22 4
536 787 32 4
537 538 36 1
537 539 24 3
537 552 32 4
537 553 33 6
537 554 31 7
537 603 8 7
537 625 50 4
537 670 17 2
537 745 13 8
537 786 48 3
538 539 14 3
538 555 23 10
538 556 14 10
538 562 22 7
538 601 6 1
538 770 32 1
539 557 32 3
539 558 43 1
539 559 47 8
539 579 16 6
539 620 29 6
539 635 1 8
539 690 6 8
543 675 42 5
545 599 34 7
547 697 39 8
549 773 5 10
550 764 14 6
556 766 2 10
556 794 12 2
557 616 7 2
560 561 43 8
560 562 31 5
560 563 6 1
560 564 31 10
560 565 33 10
560 566 23 4
560 567 5 5
560 568 30 2
560 569 31 10
560 602 18 10
560 603 4 6
560 620 8 6
560 625 38 7
560 626 44 6
560 637 14 4
560 672 25 2
560 745 3 4
560 752 27 6
560 770 49 1
561 562 19 4
561 570 15 10
561 571 1 10
561 577 5 3
561 650 19 3
561 691 6 4
561 702 20 8
561 745 42 2
561 786 14 1
562 572 7 7
562 573 17 3
562 574 35 10
562 576 20 9
562 636 40 1
562 652 18 5
562 673 9 10
562 690 3 4
562 707 10 9
562 751 23 4
562 770 46 3
562 786 31 1
563 710 1 1
565 794 19 3
569 634 42 6
573 496 17 9
575 576 8 2
575 577 22 2
575 578 34 10
575 579 42 1
575 580 5 5
575 581 19 6
575 582 48 9
575 583 34 4
575 584 23 2
575 626 43 5
575 670 46 10
575 745 5 7
575 750 1 5
576 577 32 4
576 578 4 4
576 579 25 3
576 585 13 3
576 586 22 7
576 602 15 7
576 636 26 5
576 691 33 3
576 706 30 2
576 771 3 6
576 786 4 4
577 578 44 10
577 579 34 10
577 587 9 9
577 672 21 5
577 703 45 8
577 786 9 1
578 579 6 5
578 588 22 7
578 589 17 5
578 590 16 1
578 591 11 6
578 592 22 7
578 625 31 2
578 636 17 9
578 651 38 10
578 745 47 2
578 752 46 3
579 593 27 9
579 594 4 1
579 595 32 8
579 596 20 10
579 597 44 3
579 598 13 5
579 599 28 5
579 601 49 4
579 620 48 8
579 650 40 10
579 691 12 8
579 770 31 10
591 594 46 4
594 654 49 7
597 748 35 5
598 766 17 2
600 601 27 8
600 602 49 10
600 603 11 8
600 604 47 1
600 605 50 5
600 606 45 7
600 607 26 8
600 626 21 2
600 636 30 2
600 701 32 7
600 745 8 10
600 786 1 4
601 602 50 6
601 603 27 4
601 608 8 8
601 609 14 10
601 620 47 2
601 691 47 3
601 707 5 2
601 750 9 7
601 751 10 5
601 772 7 7
602 603 7 4
602 610 3 3
602 611 35 1
602 612 2 9
602 613 40 3
602 650 39 6
602 652 46 10
603 614 23 7
603 615 19 2
603 616 26 2
603 617 22 1
603 618 33 1
603 619 10 9
603 625 49 3
603 636 3 10
603 670 49 7
603 691 6 9
603 745 39 6
603 771 26 5
604 629 6 4
606 795 31 9
611 641 17 10
615 644 9 2
620 621 19 1
620 622 20 4
620 623 39 2
620 624 29 9
620 625 23 5
620 635 27 2
620 651 31 2
620 652 43 9
620 671 1 9
620 690 44 3
620 691 39 5
620 700 16 2
620 706 18 10
620 745 42 7
620 750 2 8
620 753 43 5
620 770 24 9
620 771 34 9
620 785 20 2
620 787 26 4
624 696 44 2
625 626 41 8
625 627 27 5
625 628 24 9
625 636 13 6
625 690 43 6
625 745 5 8
625 750 39 7
626 629 50 1
626 630 7 3
626 631 33 8
626 632 9 6
626 633 29 10
626 634 24 5
626 636 43 3
626 651 21 5
626 653 4 5
626 672 44 6
626 704 18 3
626 707 39 3
626 753 18 5
626 771 42 6
626 785 49 2
626 787 25 10
632 633 8 5
635 636 33 4
635 637 33 2
635 638 37 2
635 639 47 9
635 670 50 6
635 745 40 10
635 771 42 8
636 637 4 4
636 640 40 2
636 641 4 7
636 642 35 4
636 690 15 5
636 745 30 8
637 643 21 5
637 644 46 7
637 645 30 1
637 646 11 5
637 647 13 7
637 648 27 5
637 649 14 3
637 651 32 3
637 652 41 5
637 673 13 4
637 690 27 4
637 702 38 9
637 704 9 6
637 750 45 2
637 751 29 2
637 786 5 1
637 787 17 1
639 669 27 8
642 740 22 5
650 651 5 10
650 652 21 4
650 653 15 3
650 654 13 3
650 655 4 3
650 656 10 3
650 672 40 9
650 691 20 1
650 703 20 4
650 745 43 3
650 750 31 2
650 772 44 8
650 786 45 3
651 652 50 8
651 653 10 9
651 657 48 1
651 658 44 8
651 659 27 10
651 660 36 10
651 661 37 9
651 690 32 4
652 653 9 3
652 662 40 4
652 663 34 6
652 664 48 1
652 665 30 6
652 745 23 2
653 666 15 3
653 667 43 8
653 668 26 4
653 669 15 6
653 672 31 5
653 702 44 2
653 750 32 4
653 786 33 8
656 699 9 9
670 671 27 2
670 672 18 9
670 673 2 7
670 674 12 10
670 675 26 2
670 676 13 5
670 677 29 7
670 690 4 9
670 691 17 5
670 770 21 7
670 786 13 10
670 787 34 9
671 672 26 5
671 673 3 9
671 678 2 10
671 679 20 10
671 700 7 3
671 745 23 10
671 753 29 5
671 771 41 5
672 673 29 3
672 680 2 6
672 681 14 3
672 682 29 4
672 706 4 6
672 745 35 3
672 753 7 4
673 683 35 6
673 684 11 5
673 685 30 4
673 686 30 3
673 687 40 7
673 688 13 3
673 689 36 5
683 726 9 2
686 740 30 9
687 712 50 4
690 691 50 1
690 692 13 2
690 693 31 7
690 694 28 2
690 695 26 6
690 701 1 5
690 745 24 3
690 785 6 1
691 696 20 4
691 697 8 10
691 698 34 5
691 699 14 3
691 703 43 2
691 745 28 10
691 750 49 7
691 751 40 1
691 770 14 4
691 771 4 9
691 786 40 5
699 769 18 9
700 701 44 8
700 702 40 8
700 703 32 10
700 704 38 9
700 705 47 5
700 706 5 10
700 707 49 5
700 708 22 2
700 709 28 4
700 710 22 10
701 702 37 1
701 703 27 10
701 704 20 9
701 705 12 7
701 706 15 4
701 707 17 5
701 708 13 7
701 711 42 6
701 712 37 5
701 713 37 2
702 703 50 5
702 704 25 9
702 705 41 6
702 706 20 2
702 707 24 2
702 708 3 1
702 714 48 6
702 715 28 10
702 716 5 4
702 717 14 9
702 718 1 1
702 745 46 8
703 704 22 6
703 705 23 5
703 706 12 10
703 707 45 3
703 708 49 9
703 719 6 5
703 720 39 1
703 721 8 5
703 722 14 1
703 723 18 10
703 724 49 3
703 725 35 3
703 785 34 10
704 705 21 2
704 706 37 8
704 707 40 5
704 708 43 2
704 726 27 10
704 727 45 7
704 728 17 3
704 786 45 1
705 706 7 3
705 707 42 1
705 708 24 4
705 729 20 2
705 730 1 9
705 731 28 8
705 732 6 10
705 733 5 9
705 734 40 3
705 751 1 8
706 707 25 7
706 708 1 2
706 735 5 2
706 736 15 10
706 737 34 7
706 753 31 4
706 770 43 5
707 708 20 7
707 738 10 8
707 739 13 2
707 740 32 8
707 741 49 8
707 745 50 3
707 770 41 6
708 742 42 8
708 743 26 9
708 744 39 3
710 774 21 4
716 717 20 4
731 735 37 1
734 774 14 9
741 797 9 3
743 776 47 9
745 746 33 6
745 747 24 4
745 748 8 1
745 749 48 1
745 751 41 5
745 752 5 4
745 770 48 8
745 771 11 9
745 785 14 6
750 751 16 2
750 752 16 5
750 753 12 7
750 754 32 5
750 755 47 7
750 756 8 9
750 757 15 4
750 758 50 7
750 787 23 2
751 752 33 4
751 753 48 6
751 759 21 1
751 760 23 8
751 772 44 5
752 753 21 9
752 761 17 3
752 762 25 4
752 763 12 3
752 764 24 4
753 765 29 1
753 766 19 10
753 767 12 10
753 768 9 4
753 769 17 7
753 771 43 1
753 785 6 1
760 796 6 1
770 771 4 1
770 772 44 7
770 773 22 7
770 774 5 10
770 786 5 3
771 772 5 4
771 775 2 1
771 776 30 9
771 777 22 5
771 778 12 9
772 779 39 7
772 780 38 4
772 781 36 10
772 782 15 8
772 783 21 4
772 784 46 4
772 785 2 1
785 786 26 10
785 787 48 4
785 788 25 5
785 789 17 3
785 790 17 10
785 791 48 4
786 787 3 3
786 792 9 2
786 793 8 1
786 794 45 8
786 795 29 2
786 796 40 10
787 797 32 3
787 798 20 6
787 799 49 3

0 611 29
1 64 20
2 394 29
3 115 21
4 405 23
5 53 18
6 265 72
7 781 24
8 289 26
9 684 8
10 478 28
11 92 67
12 647 8
13 249 22
14 288 2
15 392 18
16 591 12
17 365 51
18 615 7
19 58 6
20 74 4
21 45 34
22 728 18
23 776 40
24 165 9
25 422 35
26 534 18
27 17 31
28 473 13
29 665 66
30 117 14
31 346 41
32 423 28
33 698 35
34 243 40
35 559 23
36 290 21
37 543 49
38 617 27
39 59 26
40 709 43
41 220 47
42 260 10
43 332 12
44 44 10
45 604 15
46 333 12
47 245 33
48 655 3
49 619 6
50 541 39
51 236 23
52 512 3
53 580 3
54 329 8
55 582 10
56 7 24
57 513 18
58 199 8
59 696 52
60 149 32
61 239 23
62 773 35
63 43 6
64 782 40
65 788 13
66 663 22
67 710 34
68 9 15
69 711 17
70 730 1
71 109 16
72 99 57
73 454 44
74 748 22
75 413 51
76 481 68
77 420 15
78 40 25
79 305 24
80 151 19
81 27 27
82 223 37
83 136 16
84 222 13
85 114 13
86 102 27
87 397 46
88 521 1
89 326 20
90 613 12
91 449 42
92 282 35
93 610 44
94 308 19
95 75 35
96 160 2
97 95 22
98 377 10
99 557 34
100 755 30
101 585 8
102 669 19
103 404 13
104 530 40
105 586 5
106 563 15
107 268 26
108 549 25
109 416 24
110 154 11
111 3 33
112 572 27
113 629 22
114 256 43
115 234 15
116 612 3
117 584 8
118 208 24
119 430 16
120 54 111
121 721 3
122 554 20
123 689 48
124 668 12
125 662 15
126 453 30
127 166 18
128 695 8
129 438 41
130 357 17
131 174 7
132 593 9
133 483 11
134 313 30
135 699 15
136 112 38
137 213 24
138 325 18
139 156 10
140 257 84
141 727 30
142 207 20
143 502 45
144 550 55
145 364 7
146 399 39
147 477 43
148 679 60
149 511 39
150 715 30
151 246 1
152 491 18
153 8 8
154 764 13
155 167 30
156 152 8
157 765 54
158 400 1
159 566 35
160 644 16
161 73 32
162 797 52
163 421 37
164 37 3
165 482 54
166 23 47
167 389 15
168 10 16
169 693 17
170 558 20
171 231 12
172 314 10
173 606 36
174 189 4
175 340 62
176 661 29
177 408 6
178 497 15
179 221 4
180 291 23
181 200 3
182 516 51
183 354 15
184 232 55
185 533 31
186 741 31
187 150 13
188 622 5
189 450 60
190 237 19
191 375 23
192 433 49
193 760 47
194 212 27
195 263 10
196 182 63
197 342 15
198 627 9
199 494 7
200 456 17
201 122 35
202 248 21
203 129 17
204 556 22
205 341 45
206 686 20
207 659 14
208 283 11
209 197 46
210 273 15
211 640 12
212 224 32
213 22 34
214 742 21
215 285 11
216 19 46
217 41 12
218 799 38
219 587 2
220 746 18
221 163 49
222 675 38
223 518 14
224 347 17
225 674 9
226 280 22
227 415 40
228 328 63
229 595 15
230 269 8
231 393 38
232 589 5
233 349 37
234 466 43
235 367 34
236 169 18
237 714 67
238 631 16
239 132 13
240 609 6
241 133 5
242 418 25
243 39 11
244 639 40
245 432 41
246 645 39
247 25 21
248 726 11
249 128 36
250 11 72
251 616 16
252 608 35
253 569 16
254 271 21
255 38 38
256 614 7
257 519 41
258 304 11
259 62 58
260 241 8
261 157 26
262 412 17
263 235 25
264 658 40
265 722 43
266 195 7
267 570 39
268 312 51
269 210 20
270 244 9
271 451 31
272 796 29
273 759 14
274 527 44
275 552 16
276 529 40
277 135 7
278 492 7
279 183 4
280 588 13
281 431 6
282 178 14
283 496 36
284 712 50
285 439 21
286 471 22
287 565 13
288 177 69
289 522 17
290 262 6
291 596 9
292 391 56
293 749 32
294 52 18
295 80 41
296 353 8
297 266 10
298 517 6
299 211 34
300 238 33
301 766 22
302 683 31
303 678 2
304 685 52
305 247 5
306 344 8
307 448 15
308 56 30
309 474 29
310 327 7
311 396 42
312 206 21
313 634 14
314 324 1
315 592 21
316 403 30
317 489 18
318 540 18
319 281 5
