800 2746 320

0 25 200
1 50 400
2 100 1000
3 150 1600
4 200 2400
5 250 3000

0 1500
1 1000
2 2000
3 1000
4 1500
5 1500
6 1500
7 1500
8 2000
9 1500
10 1500
11 1500
12 2000
13 1500
14 2000
15 2000
16 1500
17 2000
18 1500
19 2000
20 1500
21 1000
22 1500
23 1500
24 1500
25 1500
26 1000
27 2000
28 1500
29 1500
30 2000
31 500
32 1500
33 1500
34 2000
35 2000
36 1000
37 1500
38 2000
39 2000
40 1000
41 1500
42 1500
43 2000
44 1500
45 1500
46 1500
47 2000
48 1000
49 2000
50 1500
51 2000
52 2000
53 1500
54 1500
55 1500
56 1500
57 1500
58 1500
59 1500
60 1500
61 1000
62 1500
63 1500
64 2000
65 1000
66 1000
67 2000
68 2000
69 1500
70 2000
71 2000
72 2000
73 2000
74 1000
75 1000
76 2000
77 2000
78 1500
79 2000
80 1500
81 2000
82 2000
83 1000
84 2000
85 1500
86 500
87 1000
88 2000
89 2000
90 1500
91 2000
92 2000
93 1000
94 2000
95 1500
96 1500
97 1500
98 1500
99 2000
100 1500
101 1000
102 1500
103 1500
104 1000
105 1500
106 1500
107 1000
108 1500
109 1500
110 2000
111 1000
112 2000
113 1000
114 500
115 1500
116 2000
117 1500
118 2000
119 1500
120 1000
121 2000
122 1500
123 2000
124 1500
125 500
126 1000
127 2000
128 1500
129 2000
130 1000
131 1000
132 2000
133 1000
134 2000
135 2000
136 1500
137 1500
138 1500
139 1500
140 500
141 1000
142 2000
143 2000
144 2000
145 1500
146 1500
147 1500
148 1000
149 2000
150 2000
151 2000
152 2000
153 1500
154 2000
155 1000
156 1500
157 1000
158 2000
159 1500
160 1500
161 1000
162 1500
163 2000
164 2000
165 1500
166 1500
167 1500
168 1500
169 1000
170 2000
171 1000
172 2000
173 1000
174 1000
175 2000
176 2000
177 2000
178 2000
179 1000
180 2000
181 1500
182 1500
183 1000
184 1000
185 2000
186 1500
187 2000
188 2000
189 1500
190 1500
191 1500
192 1500
193 1000
194 1000
195 2000
196 2000
197 2000
198 1000
199 2000
200 2000
201 2000
202 2000
203 2000
204 1000
205 1500
206 1500
207 2000
208 2000
209 2000
210 1500
211 1500
212 1500
213 1500
214 1500
215 2000
216 1500
217 2000
218 1500
219 1000
220 2000
221 1000
222 2000
223 1000
224 2000
225 2000
226 1000
227 1000
228 1500
229 1000
230 1000
231 1000
232 2000
233 2000
234 1500
235 1500
236 2000
237 1500
238 1000
239 2000
240 1500
241 1500
242 1500
243 1500
244 1500
245 1500
246 2000
247 1000
248 2000
249 2000
250 2000
251 2000
252 2000
253 2000
254 1000
255 2000
256 2000
257 2000
258 1500
259 2000
260 1000
261 1000
262 2000
263 1500
264 2000
265 1000
266 2000
267 2000
268 2000
269 2000
270 1500
271 1500
272 1000
273 1000
274 2000
275 1500
276 1000
277 1500
278 1000
279 2000
280 2000
281 1000
282 2000
283 1000
284 500
285 1500
286 1500
287 1500
288 1500
289 1000
290 1500
291 1500
292 1000
293 2000
294 2000
295 1500
296 1500
297 2000
298 1000
299 1000
300 2000
301 1500
302 1000
303 1000
304 2000
305 2000
306 2000
307 1000
308 1000
309 1500
310 1000
311 2000
312 1000
313 2000
314 2000
315 1000
316 2000
317 2000
318 1500
319 2000
320 1500
321 1500
322 1500
323 1500
324 1500
325 1500
326 1500
327 2000
328 1500
329 2000
330 2000
331 2000
332 2000
333 2000
334 1000
335 2000
336 2000
337 2000
338 2000
339 2000
340 1500
341 1500
342 2000
343 1000
344 2000
345 2000
346 2000
347 1000
348 2000
349 2000
350 2000
351 2000
352 1000
353 2000
354 1500
355 1500
356 1500
357 1500
358 1500
359 1000
360 2000
361 2000
362 2000
363 2000
364 1500
365 1500
366 1000
367 1000
368 1500
369 1000
370 1000
371 2000
372 2000
373 2000
374 1000
375 1000
376 2000
377 2000
378 500
379 1500
380 1000
381 1500
382 500
383 2000
384 1000
385 1000
386 1500
387 1000
388 1000
389 2000
390 1000
391 1500
392 1500
393 1500
394 1500
395 500
396 500
397 1500
398 2000
399 2000
400 1000
401 1000
402 2000
403 1000
404 1000
405 1000
406 1000
407 2000
408 2000
409 2000
410 2000
411 2000
412 1000
413 1500
414 1000
415 1500
416 1000
417 2000
418 2000
419 1000
420 1500
421 1000
422 1000
423 1000
424 1000
425 1500
426 1500
427 1500
428 1500
429 1000
430 2000
431 1500
432 1000
433 2000
434 1500
435 2000
436 2000
437 2000
438 2000
439 2000
440 1000
441 1000
442 2000
443 1500
444 2000
445 1500
446 1500
447 2000
448 1000
449 1000
450 2000
451 2000
452 2000
453 1500
454 2000
455 1500
456 1500
457 1500
458 1500
459 1000
460 1000
461 1000
462 2000
463 2000
464 2000
465 2000
466 1500
467 2000
468 2000
469 1500
470 2000
471 2000
472 1500
473 1000
474 2000
475 2000
476 2000
477 1000
478 1000
479 1500
480 1500
481 1500
482 1000
483 1500
484 1000
485 2000
486 2000
487 1500
488 1000
489 2000
490 1500
491 2000
492 1000
493 2000
494 2000
495 1500
496 1500
497 1500
498 1500
499 1000
500 1500
501 2000
502 1500
503 2000
504 1500
505 1000
506 1000
507 2000
508 1000
509 2000
510 1500
511 2000
512 2000
513 2000
514 2000
515 1000
516 1500
517 1500
518 500
519 500
520 1000
521 1000
522 1000
523 2000
524 1500
525 1500
526 1500
527 1000
528 1500
529 1500
530 1500
531 2000
532 2000
533 1000
534 2000
535 2000
536 500
537 1500
538 1500
539 1500
540 2000
541 1000
542 1000
543 1000
544 1500
545 2000
546 2000
547 2000
548 2000
549 1000
550 1000
551 2000
552 2000
553 1000
554 2000
555 1500
556 1500
557 1500
558 1500
559 1500
560 1500
561 2000
562 2000
563 2000
564 1000
565 1500
566 2000
567 1000
568 2000
569 2000
570 1500
571 1500
572 2000
573 2000
574 2000
575 2000
576 2000
577 1000
578 1000
579 1500
580 1000
581 1500
582 1500
583 1500
584 1000
585 1500
586 1500
587 1000
588 2000
589 1500
590 2000
591 2000
592 1000
593 2000
594 1000
595 1500
596 2000
597 2000
598 2000
599 1500
600 1500
601 1500
602 1000
603 1500
604 1500
605 1500
606 1000
607 2000
608 1000
609 2000
610 1500
611 1000
612 2000
613 2000
614 1500
615 2000
616 2000
617 2000
618 2000
619 2000
620 500
621 2000
622 2000
623 2000
624 1000
625 2000
626 2000
627 1000
628 2000
629 1000
630 2000
631 2000
632 1000
633 2000
634 1500
635 1500
636 1500
637 1500
638 1500
639 1500
640 1500
641 1500
642 2000
643 2000
644 2000
645 2000
646 2000
647 2000
648 2000
649 1000
650 1500
651 2000
652 2000
653 2000
654 2000
655 2000
656 2000
657 1000
658 1500
659 2000
660 2000
661 2000
662 1500
663 2000
664 2000
665 1000
666 2000
667 1000
668 1500
669 1000
670 1500
671 1500
672 1500
673 1500
674 1000
675 1500
676 2000
677 2000
678 2000
679 2000
680 2000
681 2000
682 1500
683 1000
684 1500
685 1000
686 2000
687 2000
688 2000
689 2000
690 2000
691 1000
692 1500
693 1500
694 1500
695 1500
696 500
697 1500
698 2000
699 1500
700 1500
701 1500
702 1500
703 1500
704 2000
705 1000
706 1000
707 2000
708 2000
709 1500
710 2000
711 1000
712 1000
713 1000
714 1000
715 1500
716 2000
717 1500
718 1500
719 2000
720 1500
721 1500
722 1000
723 2000
724 1000
725 2000
726 2000
727 1000
728 1000
729 2000
730 1500
731 1000
732 1500
733 1000
734 2000
735 2000
736 500
737 2000
738 2000
739 1000
740 2000
741 1000
742 1000
743 1000
744 2000
745 1500
746 1500
747 1500
748 1000
749 1000
750 1000
751 1000
752 2000
753 1000
754 1000
755 1000
756 1500
757 1000
758 2000
759 2000
760 2000
761 1500
762 1500
763 1000
764 2000
765 1000
766 1500
767 1000
768 1500
769 1500
770 1500
771 1500
772 1500
773 1500
774 2000
775 2000
776 2000
777 1500
778 2000
779 2000
780 2000
781 2000
782 2000
783 1500
784 1000
785 2000
786 1000
787 2000
788 1500
789 2000
790 1000
791 1500
792 1000
793 2000
794 1000
795 2000
796 2000
797 1000
798 2000
799 1000

0 1 12 4
0 2 22 10
0 3 21 1
0 4 40 1
0 5 4 10
0 6 29 5
0 20 10 3
0 23 28 10
0 45 36 9
0 59 20 9
0 62 20 5
0 101 33 1
0 104 3 10
0 145 23 9
0 146 47 8
0 160 11 4
0 168 11 10
0 190 37 1
0 205 32 8
0 210 43 5
0 235 45 9
0 243 21 3
0 244 48 7
0 271 29 10
0 285 32 4
0 288 10 2
0 320 17 2
0 323 41 8
0 355 30 2
0 359 1 5
0 380 35 3
0 390 13 4
0 393 34 1
0 416 27 3
0 426 5 9
0 428 22 4
0 445 46 2
0 455 39 9
0 457 29 3
0 480 29 2
0 490 25 6
0 495 31 10
0 497 33 8
0 525 17 9
0 529 5 1
0 556 16 3
0 559 49 7
0 581 18 3
0 603 30 9
0 606 16 6
0 639 31 2
0 674 11 4
0 675 27 6
0 700 20 8
0 702 39 2
0 715 3 5
0 720 19 10
0 730 50 5
0 732 36 3
0 746 31 2
0 747 44 5
0 770 1 10
0 772 45 1
0 791 30 10
1 412 18 4
1 505 35 4
2 483 16 8
2 692 3 3
3 368 28 1
4 723 32 2
5 6 48 6
5 7 26 7
5 8 5 8
5 9 50 4
5 10 14 8
5 11 48 3
5 12 49 7
5 13 8 7
5 56 50 4
5 145 2 7
5 160 29 3
5 190 19 5
5 205 36 9
5 214 12 7
5 235 5 4
5 380 40 2
5 390 49 2
5 415 23 2
5 428 46 2
5 455 24 10
5 480 24 2
5 490 28 1
5 555 23 1
5 582 34 7
5 671 12 4
5 700 36 2
5 732 33 1
5 748 24 1
5 790 36 10
6 7 10 4
6 14 24 3
6 15 50 6
6 16 5 5
6 17 9 5
6 18 38 5
6 45 30 6
6 106 19 10
6 160 34 8
6 166 11 3
6 205 15 6
6 235 3 1
6 242 25 9
6 270 14 7
6 271 29 4
6 287 45 7
6 321 7 6
6 324 6 3
6 356 41 2
6 380 5 6
6 427 30 8
6 445 17 3
6 480 9 6
6 498 28 7
6 527 45 1
6 605 10 9
6 638 47 5
6 700 2 10
6 715 22 4
7 19 6 1
7 22 12 7
7 24 9 5
7 60 31 4
7 102 31 8
7 146 10 7
7 165 50 8
7 192 12 2
7 210 30 7
7 242 45 8
7 291 6 3
7 359 10 6
7 390 46 5
7 445 31 7
7 457 22 7
7 490 43 9
7 499 47 7
7 528 22 4
7 558 8 5
7 582 36 10
7 601 9 6
7 640 19 9
7 671 9 3
7 715 4 3
7 720 10 9
7 730 30 4
7 745 2 1
7 772 32 5
7 773 49 7
8 53 4 5
8 682 26 4
9 444 10 4
10 520 30 2
10 656 49 2
11 628 6 6
12 44 1 3
12 305 3 10
13 264 4 2
14 139 16 5
14 216 14 6
14 368 20 3
15 615 36 1
16 208 19 6
18 142 48 1
18 305 49 8
18 541 2 6
20 21 1 9
20 22 7 10
20 23 19 10
20 24 13 4
20 25 23 10
20 26 42 10
20 27 33 1
20 28 40 2
20 29 37 7
20 30 17 5
20 205 42 10
20 235 8 10
20 244 50 4
20 286 44 4
20 356 27 4
20 490 39 3
20 583 2 9
20 635 46 9
20 671 46 4
20 720 7 5
20 772 35 6
20 791 47 6
21 22 45 5
21 23 18 4
21 24 15 8
21 31 43 7
21 32 50 6
21 33 21 9
21 146 4 8
21 210 17 6
21 211 24 7
21 322 27 4
21 355 27 8
21 481 22 9
21 490 18 10
21 556 14 5
21 559 10 10
21 581 19 7
21 700 44 6
21 715 28 9
21 791 33 7
22 23 43 2
22 24 1 10
22 34 34 6
22 35 35 6
22 36 11 2
22 45 43 7
22 160 1 10
22 205 50 8
22 235 27 10
22 241 48 9
22 323 9 3
22 391 40 8
22 393 19 9
22 415 13 9
22 427 10 7
22 458 30 4
22 525 34 7
22 602 44 4
22 604 5 3
22 674 17 5
22 702 39 9
22 730 33 8
22 732 44 8
22 746 28 2
22 773 35 5
23 24 41 7
23 37 39 1
23 38 16 7
23 101 16 9
23 147 29 6
23 190 37 1
23 191 39 4
23 270 29 6
23 416 46 2
23 426 3 7
23 446 5 6
23 495 28 2
23 498 46 4
24 39 38 8
24 40 9 1
24 41 29 5
24 42 19 9
24 43 24 6
24 44 24 9
24 46 13 7
24 57 50 4
24 107 25 9
24 160 2 5
24 166 18 2
24 167 16 3
24 271 33 4
24 291 30 2
24 380 33 2
24 446 36 7
24 457 29 9
24 481 25 6
24 526 40 7
24 640 20 8
24 721 38 9
24 747 25 8
25 267 11 1
25 370 35 4
25 505 28 2
26 502 39 7
26 564 36 3
28 345 26 9
29 144 32 9
30 84 19 1
32 164 37 7
32 624 22 9
33 596 19 9
35 409 48 4
37 156 24 9
37 568 19 1
38 209 35 8
39 524 13 7
40 717 35 8
41 149 14 7
42 142 36 8
43 295 32 9
43 623 11 10
44 247 42 8
45 46 50 2
45 47 39 2
45 48 49 2
45 49 33 3
45 50 19 8
45 51 43 9
45 58 15 4
45 103 21 4
45 105 40 1
45 167 32 2
45 190 14 6
45 213 21 10
45 235 16 8
45 245 41 8
45 270 26 6
45 272 48 6
45 287 37 2
45 289 21 3
45 324 6 10
45 381 33 3
45 392 7 4
45 394 43 5
45 427 4 8
45 428 44 9
45 445 21 1
45 446 9 9
45 490 4 5
45 495 38 5
45 528 21 5
45 530 35 1
45 559 22 6
45 580 24 5
45 603 5 7
45 638 45 7
45 670 50 3
45 702 34 8
45 721 50 4
45 730 20 6
45 749 13 9
45 791 45 6
46 52 14 6
46 53 10 3
46 54 47 3
46 55 31 6
46 146 9 4
46 160 49 4
46 168 8 10
46 191 2 2
46 205 32 2
46 213 23 4
46 235 7 10
46 326 45 6
46 355 4 7
46 356 13 2
46 380 12 4
46 415 49 10
46 456 41 9
46 459 38 6
46 480 48 9
46 490 18 1
46 499 12 8
46 559 30 9
46 581 45 9
46 601 27 5
46 638 36 7
46 673 18 8
46 702 2 3
46 715 6 3
46 721 11 5
46 730 49 3
46 771 26 2
46 773 21 5
46 791 8 1
50 330 27 9
51 694 2 5
51 766 17 5
53 653 5 3
54 619 18 6
55 56 45 6
55 57 35 6
55 58 38 6
55 59 43 5
55 60 12 2
55 61 6 9
55 62 25 5
55 63 4 7
55 64 11 5
55 65 29 9
55 66 50 10
55 67 9 2
55 68 14 2
55 69 38 6
55 70 3 4
55 168 33 9
55 235 13 7
55 380 23 7
55 381 23 8
55 490 13 3
55 526 26 2
55 636 45 6
55 641 9 4
55 721 39 9
56 57 7 5
56 58 25 7
56 59 18 10
56 60 31 5
56 61 45 3
56 62 34 2
56 63 8 8
56 71 4 5
56 72 21 8
56 73 18 4
56 74 23 4
56 167 40 7
56 212 3 6
56 243 8 6
56 271 29 4
56 459 16 7
56 480 14 3
56 556 39 3
56 701 33 6
56 715 15 7
56 721 40 9
56 791 21 2
57 58 37 10
57 59 14 3
57 60 21 3
57 61 48 6
57 62 5 1
57 63 24 10
57 75 47 4
57 76 11 6
57 160 38 4
57 190 21 9
57 191 47 8
57 205 34 8
57 213 2 2
57 272 45 1
57 480 43 7
57 527 45 8
57 730 5 10
57 745 9 9
57 773 8 7
58 59 31 2
58 60 34 1
58 61 22 3
58 62 45 1
58 63 1 1
58 77 41 8
58 78 27 6
58 79 45 7
58 145 17 1
58 160 6 9
58 289 31 7
58 325 14 2
58 425 11 5
58 426 48 3
59 60 6 10
59 61 1 2
59 62 38 10
59 63 48 2
59 80 21 1
59 81 13 9
59 82 31 4
59 83 29 10
59 415 25 7
59 446 23 5
59 675 38 4
60 61 43 3
60 62 34 9
60 63 41 10
60 84 50 5
60 241 6 7
60 322 6 6
60 355 14 3
60 394 31 4
60 581 23 10
60 583 35 4
60 749 20 1
60 770 4 6
61 62 36 7
61 63 28 6
61 85 11 6
61 86 20 9
61 104 20 3
61 235 15 1
61 390 13 9
61 415 17 4
61 459 46 10
61 490 29 3
61 557 30 7
61 791 47 6
62 63 32 6
62 87 40 9
62 88 7 3
62 89 12 4
62 90 42 6
62 91 36 3
62 92 6 4
62 205 22 1
62 499 19 9
62 600 7 10
62 604 23 2
62 675 12 1
62 715 43 3
62 732 2 1
63 93 30 8
63 94 17 6
63 95 45 5
63 96 20 5
63 97 21 5
63 98 45 3
63 99 2 8
63 102 31 3
63 147 8 1
63 287 18 2
63 359 6 3
63 495 35 1
63 702 3 2
64 532 24 2
65 328 29 5
65 711 45 10
67 218 41 6
67 248 32 7
69 135 34 8
70 524 33 4
71 117 4 1
72 77 4 7
72 206 50 8
77 154 15 7
77 368 38 8
77 565 24 3
78 430 39 10
78 614 3 4
80 202 44 3
81 246 28 7
85 319 4 7
85 569 48 4
86 184 42 10
86 743 18 10
89 453 20 1
90 615 45 6
91 182 6 8
93 179 36 8
94 353 26 1
95 468 24 5
96 407 25 3
97 255 47 10
97 680 36 5
98 126 1 3
98 523 35 10
99 654 44 5
100 101 14 5
100 102 14 6
100 103 19 1
100 104 48 10
100 105 33 7
100 106 10 10
100 107 20 3
100 108 1 6
100 109 12 7
100 110 11 5
100 111 15 6
100 112 14 7
100 113 46 7
100 192 37 4
100 205 29 8
100 214 13 5
100 270 33 6
100 287 22 1
100 480 1 10
100 525 37 9
100 671 42 6
100 701 17 8
100 746 12 5
101 102 34 3
101 103 15 9
101 104 22 10
101 105 6 6
101 106 28 8
101 107 2 5
101 108 18 10
101 114 47 5
101 191 50 10
101 243 11 1
101 245 14 3
101 323 47 2
101 427 46 2
101 490 35 7
101 638 39 5
101 770 20 3
102 103 21 7
102 104 34 4
102 105 1 10
102 106 41 5
102 107 5 9
102 108 14 3
102 115 20 6
102 116 41 3
102 117 36 7
102 118 19 8
102 119 6 7
102 160 44 2
102 167 14 4
102 272 28 9
102 391 20 8
102 415 10 8
102 458 18 8
102 529 42 1
102 674 38 2
102 772 37 10
103 104 49 10
103 105 4 7
103 106 16 3
103 107 14 9
103 108 26 7
103 120 50 4
103 121 41 6
103 122 5 6
103 123 37 9
103 394 32 3
103 580 22 9
103 715 39 1
103 720 33 6
103 790 38 9
104 105 13 2
104 106 13 3
104 107 24 7
104 108 25 1
104 124 35 8
104 125 11 6
104 126 41 3
104 146 26 9
104 205 17 9
104 359 9 1
104 380 27 6
104 480 49 6
104 496 48 8
104 557 42 7
104 638 7 5
104 715 43 5
105 106 48 7
105 107 26 9
105 108 45 10
105 127 34 5
105 128 37 1
105 129 9 10
105 130 27 6
105 131 35 4
105 132 21 1
105 160 4 5
105 211 44 8
105 290 29 4
106 107 12 4
106 108 26 10
106 133 11 2
106 134 27 3
106 135 22 1
106 136 24 3
106 147 10 7
106 235 11 5
106 320 1 4
106 459 26 3
106 497 37 6
106 557 48 9
106 605 33 2
106 721 19 10
106 732 43 7
106 745 21 3
106 790 23 9
107 108 4 8
107 137 42 10
107 138 31 10
107 139 38 7
107 140 21 10
107 169 41 2
107 235 47 8
107 357 20 5
107 415 13 6
107 445 49 8
107 490 21 2
107 600 10 1
107 700 45 5
107 731 19 2
108 141 37 9
108 142 38 8
108 143 46 10
108 144 7 3
108 381 14 6
108 426 47 6
108 581 7 4
109 476 6 3
112 430 7 8
114 157 49 7
115 336 32 1
115 468 10 5
115 795 46 9
118 579 3 4
118 695 14 4
119 172 32 2
122 547 21 10
122 725 3 8
124 129 47 9
128 569 46 5
134 181 44 5
134 538 18 10
135 417 3 9
136 202 6 2
137 187 45 10
138 646 7 8
140 488 34 3
142 364 33 3
143 365 14 3
145 146 25 7
145 147 41 1
145 148 18 1
145 149 37 10
145 150 49 2
145 151 30 3
145 152 2 8
145 160 23 6
145 192 15 1
145 205 20 9
145 210 16 9
145 240 35 1
145 270 36 6
145 272 10 1
145 322 28 2
145 381 3 2
145 415 5 3
145 426 39 10
145 455 38 5
145 555 14 4
145 606 46 5
145 747 45 10
145 749 17 2
145 773 17 2
145 790 44 2
146 147 39 1
146 153 44 7
146 154 24 4
146 155 35 8
146 156 7 5
146 160 37 4
146 167 33 8
146 169 27 8
146 214 19 10
146 235 49 7
146 290 40 9
146 320 20 4
146 355 40 3
146 356 11 2
146 392 24 3
146 415 15 5
146 427 4 2
146 455 38 1
146 481 40 4
146 527 17 8
146 555 15 5
146 581 21 7
146 637 44 3
146 641 29 5
146 674 12 5
146 715 25 5
146 720 14 1
146 731 28 3
147 157 25 2
147 158 19 4
147 159 26 5
147 191 36 9
147 235 28 9
147 241 5 9
147 285 16 5
147 391 40 4
147 446 6 3
147 480 21 6
147 490 46 3
147 498 33 9
147 581 20 7
147 605 20 4
147 673 3 5
147 701 12 6
147 702 35 9
147 715 11 8
147 721 48 7
147 771 18 2
147 791 35 4
148 577 32 6
149 225 33 5
149 341 46 3
153 430 6 1
156 689 40 8
156 785 37 8
159 308 7 10
159 411 40 9
159 755 45 10
160 161 50 2
160 162 8 3
160 163 14 4
160 164 30 2
160 166 24 5
160 168 34 1
160 191 18 4
160 205 8 6
160 210 48 9
160 212 29 1
160 235 48 6
160 241 5 9
160 271 5 7
160 272 49 9
160 285 12 9
160 289 41 3
160 323 50 4
160 325 11 4
160 356 16 6
160 359 39 4
160 380 45 3
160 381 43 9
160 390 4 10
160 393 30 7
160 415 50 9
160 416 45 1
160 425 28 9
160 427 22 1
160 445 3 9
160 457 22 7
160 459 30 3
160 481 2 6
160 490 43 6
160 497 41 1
160 499 9 6
160 526 18 8
160 530 4 7
160 555 18 4
160 556 2 1
160 582 25 5
160 602 3 3
160 604 41 6
160 637 31 10
160 641 19 2
160 673 20 4
160 674 34 6
160 701 34 2
160 715 14 5
160 720 16 9
160 721 28 10
160 731 30 6
160 732 19 4
160 745 25 9
160 748 28 6
160 772 49 10
160 790 16 2
160 791 45 7
162 439 44 2
163 615 34 1
165 166 17 7
165 167 48 8
165 168 43 2
165 169 11 10
165 170 25 10
165 171 43 1
165 205 44 6
165 210 3 9
165 241 7 4
165 285 9 2
165 380 44 6
165 393 39 2
165 428 31 6
165 558 47 2
165 582 4 8
165 674 13 8
165 791 22 9
166 167 29 3
166 168 25 6
166 169 4 9
166 172 1 4
166 173 24 10
166 174 7 2
166 175 13 3
166 176 33 7
166 177 10 7
166 178 47 2
166 323 15 9
166 359 50 7
166 445 18 9
166 500 36 10
166 555 6 6
166 701 27 9
166 721 15 8
166 748 32 5
166 773 16 6
167 168 13 1
167 169 29 5
167 179 17 2
167 180 12 8
167 181 34 3
167 182 36 7
167 183 46 3
167 210 36 4
167 235 11 5
167 359 21 9
167 380 46 4
167 415 3 2
167 428 6 10
167 446 46 3
167 641 29 1
167 673 16 2
167 700 26 9
167 721 3 5
167 791 25 10
168 169 47 7
168 184 37 7
168 185 40 7
168 186 10 7
168 187 40 10
168 188 25 4
168 192 25 5
168 245 49 3
168 271 29 2
168 272 36 4
168 289 37 9
168 321 20 7
168 391 16 7
168 416 28 6
168 456 10 8
168 481 9 7
168 490 41 3
168 497 44 1
168 580 30 9
168 600 33 10
168 601 48 2
168 715 48 1
168 745 27 1
168 773 7 2
169 189 36 1
169 192 40 9
169 235 16 6
169 455 36 8
169 480 42 3
169 490 21 9
169 525 29 8
169 527 17 5
169 638 49 6
169 715 29 2
169 730 32 2
169 732 4 1
170 216 6 9
170 494 10 9
171 699 25 5
175 469 12 1
176 228 21 3
176 318 7 7
177 296 5 2
177 434 43 7
177 625 26 9
177 660 45 3
179 487 15 5
180 517 21 5
180 540 1 1
181 647 25 9
182 487 22 10
184 579 14 3
185 610 17 5
186 435 17 2
188 523 10 6
188 693 22 8
189 512 27 6
190 191 38 4
190 192 7 7
190 193 13 7
190 194 41 2
190 195 18 6
190 196 33 5
190 197 3 3
190 198 16 10
190 205 13 1
190 272 13 3
190 285 25 1
190 357 39 7
190 381 16 9
190 455 38 10
190 458 32 8
190 490 29 8
190 527 13 10
190 556 13 9
190 602 49 2
190 670 29 9
190 672 23 5
190 700 48 6
190 720 4 9
190 746 36 8
190 771 5 8
191 192 45 3
191 199 27 1
191 200 10 5
191 212 9 8
191 235 11 4
191 242 48 8
191 243 30 2
191 270 5 9
191 320 19 7
191 321 24 1
191 425 29 8
191 427 41 1
191 495 43 3
191 500 35 2
191 528 7 9
191 556 42 3
191 581 20 4
191 603 29 5
191 641 7 6
191 715 6 4
191 745 5 9
191 772 32 6
191 790 46 9
191 791 45 10
192 201 1 8
192 202 40 10
192 203 7 8
192 204 20 10
192 205 18 9
192 214 30 8
192 235 31 9
192 285 24 2
192 358 35 6
192 381 39 10
192 392 28 7
192 394 20 3
192 415 20 5
192 416 13 3
192 445 35 2
192 446 9 5
192 481 7 6
192 490 33 2
192 582 3 2
192 639 25 10
192 700 6 8
192 715 19 6
192 721 50 2
192 731 42 7
196 329 16 7
198 599 43 6
200 363 30 2
202 537 17 3
205 206 14 1
205 207 36 7
205 208 49 3
205 209 7 6
205 210 43 1
205 213 46 1
205 235 8 6
205 242 36 6
205 244 18 3
205 270 35 3
205 272 3 7
205 288 4 9
205 289 24 6
205 322 24 10
205 326 42 3
205 356 19 5
205 358 5 6
205 380 39 5
205 381 43 9
205 391 17 5
205 392 2 2
205 415 36 3
205 427 9 2
205 445 49 2
205 446 25 1
205 457 49 1
205 459 2 7
205 480 9 1
205 481 39 1
205 490 37 1
205 495 42 10
205 498 1 9
205 526 16 7
205 527 45 10
205 557 50 4
205 558 9 3
205 582 19 7
205 601 42 10
205 605 23 8
205 636 25 9
205 639 4 3
205 671 18 8
205 672 34 2
205 700 13 5
205 701 17 5
205 715 35 8
205 720 2 10
205 721 19 8
205 731 2 3
205 746 19 9
205 748 22 5
205 772 45 7
205 791 15 9
206 307 2 3
210 211 41 3
210 212 38 3
210 213 13 3
210 214 41 6
210 215 1 7
210 235 32 10
210 270 1 1
210 271 36 8
210 357 22 3
210 381 33 2
210 428 3 7
210 528 36 7
210 640 35 5
210 732 34 8
210 771 22 7
210 790 47 5
211 212 33 8
211 213 36 5
211 214 10 4
211 216 13 7
211 217 17 3
211 218 11 9
211 219 23 5
211 220 15 5
211 221 34 2
211 235 31 1
211 244 49 9
211 291 47 5
211 323 20 8
211 394 28 6
211 445 46 1
211 495 30 4
211 557 7 5
211 583 49 9
211 702 20 8
211 715 38 4
211 720 41 10
211 746 9 7
212 213 8 4
212 214 29 2
212 222 27 7
212 223 10 6
212 224 3 5
212 288 20 3
212 320 32 2
212 393 7 5
212 427 1 10
212 455 9 2
212 481 38 2
212 490 31 10
212 604 47 5
212 670 46 9
212 672 16 6
212 700 39 8
212 732 1 3
212 748 25 3
213 214 42 5
213 225 16 10
213 226 5 5
213 227 34 8
213 228 21 10
213 229 19 8
213 230 27 5
213 231 48 1
213 357 39 8
213 445 10 7
213 458 25 5
213 490 47 2
213 525 37 1
213 637 48 9
213 770 34 9
213 790 17 3
214 232 3 8
214 233 29 4
214 234 24 10
214 243 27 4
214 381 33 1
214 415 41 2
214 497 47 1
214 557 9 8
214 580 2 2
214 715 9 7
215 633 27 10
216 327 40 4
217 758 36 4
218 283 24 8
220 252 35 10
224 796 41 1
226 318 7 6
229 694 50 8
230 620 19 6
230 797 44 1
232 660 29 6
233 340 14 6
233 554 2 10
234 317 40 9
234 546 6 9
235 236 30 2
235 237 3 8
235 238 5 8
235 239 41 6
235 244 44 5
235 245 23 4
235 270 25 3
235 272 4 2
235 289 22 2
235 291 30 10
235 320 33 5
235 323 5 8
235 355 32 1
235 358 38 5
235 380 47 5
235 381 21 5
235 394 21 9
235 415 32 5
235 425 37 4
235 446 31 5
235 456 1 9
235 458 39 5
235 480 50 2
235 490 41 2
235 495 47 1
235 499 6 5
235 529 40 5
235 530 21 4
235 559 38 4
235 580 29 4
235 583 1 8
235 600 3 3
235 637 34 9
235 638 40 4
235 673 9 1
235 700 47 2
235 702 41 10
235 715 44 8
235 720 26 5
235 721 13 9
235 730 49 8
235 732 39 7
235 745 27 4
235 747 6 1
235 771 11 9
235 773 19 8
235 790 5 5
236 269 9 4
236 294 13 8
236 517 5 9
237 313 30 9
240 241 1 9
240 242 16 10
240 243 32 5
240 244 48 8
240 245 29 6
240 246 35 1
240 247 27 5
240 248 35 10
240 270 22 6
240 381 11 4
240 446 50 2
240 458 8 6
240 495 21 5
240 529 42 7
240 559 30 5
240 637 22 1
240 702 14 2
240 731 42 10
240 773 25 9
240 790 19 9
241 242 15 4
241 243 14 6
241 244 42 8
241 245 20 3
241 249 38 7
241 250 42 8
241 251 43 5
241 252 50 9
241 253 39 7
241 254 22 2
241 326 27 5
241 355 5 8
241 391 13 1
241 415 47 5
241 416 35 10
241 428 29 6
241 480 28 10
241 602 42 7
241 702 9 6
241 715 2 1
241 721 31 1
242 243 48 9
242 244 20 9
242 245 4 5
242 255 40 7
242 256 26 8
242 257 3 6
242 288 33 9
242 481 36 8
242 495 31 5
242 527 10 8
242 720 9 5
242 747 1 3
242 748 26 4
243 244 45 5
243 245 24 6
243 258 44 9
243 259 27 2
243 260 29 9
243 261 33 3
243 320 4 8
243 358 23 3
243 446 34 1
243 639 2 2
243 671 38 7
244 245 15 6
244 262 16 8
244 263 19 2
244 272 1 9
244 381 34 2
244 392 42 7
244 459 6 3
244 490 25 1
244 582 47 1
244 605 15 6
244 715 11 1
244 732 45 4
245 264 44 6
245 265 17 6
245 266 35 4
245 267 40 2
245 268 6 4
245 269 49 1
245 287 48 2
245 427 4 10
245 557 39 7
245 581 29 9
245 773 50 5
245 791 35 5
249 531 39 4
249 779 38 5
250 788 3 8
251 688 7 7
252 408 16 7
252 532 26 4
254 414 15 6
254 567 20 3
255 297 42 5
255 471 28 7
256 538 21 7
256 707 13 10
257 407 44 6
258 568 14 8
261 368 36 3
263 616 40 3
266 309 46 7
266 761 12 9
268 306 17 5
268 314 19 5
270 271 24 7
270 272 50 1
270 273 15 5
270 274 5 1
270 275 25 4
270 285 25 4
270 291 34 9
270 322 22 2
270 356 14 3
270 357 22 8
270 393 14 10
270 428 6 7
270 456 20 2
270 490 45 3
270 498 8 3
270 500 17 6
270 527 41 3
270 558 13 2
270 675 44 4
270 702 15 7
270 720 41 4
270 731 42 8
270 748 49 3
271 272 26 5
271 276 31 10
271 277 14 7
271 278 12 6
271 279 16 5
271 280 30 7
271 281 20 9
271 282 20 1
271 323 50 9
271 392 26 10
271 425 50 5
271 445 50 4
271 458 45 4
271 480 23 5
271 581 47 2
271 601 38 8
271 604 29 6
271 635 14 8
271 715 29 5
271 720 6 2
271 771 17 7
271 790 2 9
272 283 2 5
272 284 6 5
272 380 19 9
272 415 25 2
272 446 20 8
272 490 48 6
272 527 8 3
272 558 31 9
272 583 11 10
272 641 36 6
272 674 7 6
272 700 26 7
272 731 28 10
272 747 50 5
272 770 1 3
272 790 6 4
274 589 6 1
275 342 30 9
277 598 31 7
283 429 9 5
285 286 4 4
285 287 23 8
285 288 12 6
285 289 8 7
285 290 15 6
285 291 24 3
285 292 7 3
285 293 4 4
285 294 13 8
285 295 38 1
285 296 15 10
285 297 6 8
285 355 9 8
285 356 48 4
285 427 11 7
285 490 8 1
285 497 23 4
285 527 22 6
285 555 4 2
285 556 32 2
285 606 17 10
285 672 34 7
285 675 46 6
285 701 47 6
285 745 35 10
286 267 38 7
286 287 23 1
286 288 43 5
286 289 1 9
286 290 43 5
286 291 27 4
286 298 44 10
286 299 34 9
286 428 8 10
286 481 35 8
286 526 22 10
286 701 49 1
287 288 45 8
287 289 22 4
287 290 21 9
287 291 44 1
287 300 43 2
287 301 14 6
287 302 42 4
287 303 42 9
287 304 2 10
287 392 39 8
287 446 42 7
287 481 26 9
287 636 6 5
287 715 31 2
287 721 5 5
287 731 46 9
287 746 35 8
288 289 49 3
288 290 41 9
288 291 28 8
288 305 23 1
288 306 30 7
288 307 37 4
288 323 25 7
288 415 28 2
288 580 49 7
288 791 22 6
289 290 21 4
289 291 47 1
289 308 49 6
289 380 32 2
289 381 47 8
289 416 1 2
289 445 49 8
289 455 20 5
289 580 42 1
289 730 40 6
289 773 26 8
290 291 33 7
290 309 10 8
290 310 43 8
290 311 43 5
290 312 42 4
290 313 19 9
290 322 17 7
290 391 1 3
290 499 3 9
290 602 12 5
290 715 12 6
290 771 40 2
291 314 25 7
291 315 1 3
291 316 39 8
291 317 19 6
291 318 20 5
291 319 11 6
291 455 20 9
291 490 42 5
291 527 32 8
291 636 2 2
291 721 32 3
291 791 3 4
292 369 29 4
295 678 7 10
295 692 18 2
297 762 12 1
300 304 18 9
301 388 30 4
301 475 50 8
306 707 2 3
308 478 12 10
309 646 49 7
312 595 37 5
313 588 9 6
314 789 18 8
318 424 32 4
320 321 43 2
320 322 16 7
320 323 21 9
320 324 48 3
320 325 41 8
320 326 40 2
320 327 25 6
320 328 32 8
320 329 19 8
320 330 10 5
320 331 14 4
320 332 25 1
320 333 38 7
320 381 49 9
320 393 1 1
320 416 27 10
320 480 41 2
320 490 48 7
320 495 23 5
320 498 41 9
320 556 28 8
320 641 39 4
320 675 25 10
320 701 50 7
320 715 48 1
320 791 25 6
321 322 3 3
321 323 28 7
321 324 39 7
321 325 48 10
321 326 19 3
321 334 46 2
321 335 1 1
321 336 33 7
321 337 6 8
321 445 9 2
321 529 10 6
321 601 37 1
321 639 31 7
321 772 19 7
322 323 5 10
322 324 48 9
322 325 47 6
322 326 5 10
322 338 15 7
322 359 29 7
322 427 27 9
322 480 47 1
322 582 4 4
322 721 12 9
323 324 8 4
323 325 32 10
323 326 47 9
323 339 46 2
323 340 1 7
323 341 24 2
323 342 50 2
323 343 4 10
323 344 35 6
323 345 19 8
323 346 25 6
323 347 10 10
323 390 50 10
323 416 12 5
323 456 5 4
323 670 17 5
323 730 48 2
323 732 10 10
324 325 21 5
324 326 34 9
324 348 37 5
324 381 29 5
324 445 50 3
324 556 7 9
324 606 38 4
324 748 44 1
324 790 2 5
325 326 26 4
325 349 41 1
325 357 23 1
325 529 50 6
325 582 42 4
325 715 18 2
325 773 25 7
326 350 43 3
326 351 17 2
326 352 44 6
326 353 45 6
326 354 16 9
326 427 1 9
326 458 50 8
326 490 42 10
326 702 20 7
326 720 50 9
326 746 33 5
327 686 13 5
328 329 49 7
328 681 8 1
329 599 27 3
329 677 10 4
330 485 44 4
330 516 11 5
331 437 41 9
331 709 3 10
337 377 41 5
342 443 8 10
344 431 4 2
346 591 31 6
349 703 27 4
353 552 4 5
354 616 17 1
355 356 2 2
355 357 8 9
355 358 45 10
355 359 7 10
355 360 10 4
355 361 28 3
355 362 39 10
355 381 20 6
355 415 4 7
355 480 6 2
355 497 29 10
355 583 38 7
355 673 1 4
355 721 44 6
355 732 37 9
356 357 18 9
356 358 35 8
356 359 34 10
356 363 15 5
356 364 11 2
356 365 36 5
356 366 32 2
356 391 18 4
356 428 34 2
356 457 8 3
356 583 37 3
356 603 43 6
356 605 17 1
356 700 38 8
356 720 36 10
356 746 33 10
357 358 35 10
357 359 42 3
357 367 16 1
357 368 31 5
357 369 37 10
357 370 30 8
357 371 2 8
357 372 8 4
357 373 40 10
357 416 4 10
357 425 16 6
357 445 10 8
357 528 24 4
357 556 30 4
357 638 5 5
357 700 14 5
357 770 12 8
357 772 33 4
357 790 46 8
357 791 12 9
358 359 10 9
358 374 2 6
358 375 43 3
358 376 4 8
358 377 46 6
358 445 32 5
358 457 30 10
358 480 13 10
358 490 40 10
358 498 19 10
358 527 11 9
358 671 7 6
358 715 20 10
358 746 1 3
359 378 26 7
359 379 28 8
359 381 4 8
359 390 34 5
359 490 18 9
359 555 27 8
359 638 7 2
359 730 38 2
361 697 11 2
362 560 46 3
363 466 39 9
363 622 26 3
363 717 8 10
364 377 4 6
365 688 37 8
368 785 15 3
374 403 24 4
377 491 9 8
379 531 10 3
380 381 13 1
380 382 44 4
380 392 35 6
380 394 43 2
380 415 12 1
380 425 13 8
380 427 40 3
380 445 3 5
380 457 1 9
380 459 3 5
380 480 16 5
380 490 43 3
380 500 21 9
380 528 6 4
380 529 13 4
380 555 49 4
380 558 1 4
380 583 5 3
380 637 2 1
380 671 8 8
380 672 23 7
380 701 35 9
380 720 12 4
380 721 41 9
380 731 21 7
380 746 31 3
380 772 15 4
380 791 12 7
381 383 48 8
381 384 1 2
381 385 27 4
381 386 10 3
381 387 6 8
381 388 25 10
381 389 15 2
381 416 14 9
381 446 31 10
381 480 47 9
381 490 38 5
381 498 23 1
381 605 16 10
381 637 12 3
381 702 43 9
381 715 18 9
381 748 35 7
381 771 46 10
381 790 34 2
383 698 4 4
386 439 5 4
387 519 43 5
388 413 42 5
388 695 17 7
389 684 4 1
390 391 25 5
390 392 23 10
390 393 2 2
390 394 43 3
390 395 21 8
390 396 21 6
390 416 26 9
390 456 14 4
390 639 31 9
390 640 39 5
391 392 3 6
391 393 12 7
391 394 31 8
391 397 4 1
391 398 30 5
391 399 32 8
391 445 20 10
391 525 30 3
391 675 10 10
391 720 37 2
391 730 1 9
391 732 33 7
391 746 4 10
391 748 34 4
392 393 34 9
392 394 38 1
392 400 34 2
392 401 32 6
392 402 44 9
392 403 45 1
392 404 5 1
392 415 47 8
392 425 31 2
392 426 4 7
392 490 20 1
392 496 46 5
392 498 3 3
392 556 29 1
392 557 23 4
392 583 43 8
392 604 50 2
393 394 12 10
393 405 19 7
393 406 42 3
393 407 50 4
393 455 41 1
393 480 19 8
393 481 43 7
393 581 11 6
393 675 14 7
393 702 48 2
393 715 37 8
393 721 40 10
393 773 42 8
393 791 30 6
394 408 36 7
394 409 44 10
394 410 19 1
394 411 43 9
394 412 25 6
394 413 18 10
394 414 29 6
394 446 10 7
394 490 30 3
394 528 24 7
394 601 16 10
394 701 23 7
394 715 45 7
394 772 18 4
394 791 25 6
397 513 13 10
399 699 27 9
400 520 8 4
402 410 12 1
402 622 42 7
403 762 35 10
404 564 40 5
411 570 17 10
411 716 11 3
412 694 24 9
413 643 10 9
415 416 11 1
415 417 21 4
415 418 6 6
415 419 25 2
415 420 25 8
415 421 8 8
415 422 19 8
415 423 42 1
415 446 15 3
415 480 22 8
415 490 22 10
415 499 44 7
415 530 42 9
415 580 49 5
415 581 44 6
415 604 42 5
415 639 5 9
415 702 30 4
415 715 42 6
415 720 3 8
415 730 44 6
415 772 8 7
415 790 7 1
415 791 15 8
416 424 45 8
416 427 40 6
416 428 48 4
416 445 13 6
416 455 9 6
416 456 32 7
416 481 10 5
416 490 44 1
416 498 2 2
416 529 20 1
416 555 39 5
416 559 37 5
416 638 2 4
416 671 25 10
416 673 32 2
416 700 42 10
416 720 38 9
416 732 15 7
416 748 33 9
416 749 6 8
416 773 9 5
420 622 2 10
421 667 11 5
425 426 6 7
425 427 38 4
425 428 19 4
425 429 44 8
425 430 19 4
425 431 1 5
425 456 42 9
425 459 33 5
425 559 24 2
425 639 41 2
425 720 44 2
425 791 34 1
426 427 1 2
426 428 42 8
426 432 48 4
426 433 48 3
426 434 2 1
426 445 15 1
426 490 5 7
426 499 1 3
426 581 16 7
426 583 42 4
426 604 26 2
426 701 39 10
426 715 41 8
426 720 18 4
426 730 28 2
426 731 35 8
426 748 13 1
426 773 24 6
427 428 17 4
427 435 4 1
427 436 30 2
427 437 27 2
427 438 1 1
427 445 2 6
427 530 47 9
427 556 41 1
427 605 30 3
427 671 23 2
427 675 13 8
427 715 34 2
427 772 41 9
427 791 39 7
428 439 30 9
428 440 38 6
428 441 3 5
428 442 27 6
428 443 10 8
428 444 17 9
428 480 42 10
428 481 22 1
428 490 28 1
428 498 12 9
428 528 21 5
428 641 24 3
428 701 18 7
428 748 38 3
430 596 4 7
442 689 37 2
445 446 21 4
445 447 34 9
445 448 26 4
445 449 16 3
445 450 8 8
445 451 36 9
445 452 17 10
445 455 48 10
445 457 2 8
445 490 13 2
445 525 49 1
445 528 13 9
445 557 5 5
445 558 42 10
445 582 31 6
445 600 38 8
445 604 21 5
445 639 10 7
445 640 48 8
445 670 35 3
445 675 5 5
445 715 38 5
445 721 1 3
445 732 30 3
445 749 16 9
446 453 48 7
446 454 6 10
446 480 16 10
446 481 5 5
446 497 2 5
446 582 45 4
446 701 4 7
446 715 12 3
446 721 7 7
446 730 18 10
446 746 17 8
446 770 25 5
446 771 13 5
446 791 23 2
447 544 25 6
447 718 43 9
452 591 3 4
452 682 50 10
455 456 9 4
455 457 15 9
455 458 22 3
455 459 17 5
455 460 9 5
455 461 22 4
455 462 25 8
455 463 42 7
455 464 49 1
455 490 25 9
455 499 50 2
455 637 10 5
455 639 46 2
455 721 24 6
455 745 16 6
456 457 33 10
456 458 23 10
456 459 36 4
456 465 7 5
456 466 40 1
456 467 34 1
456 468 11 8
456 480 34 5
456 481 42 10
456 490 1 6
456 497 14 5
456 528 4 3
456 529 9 9
456 583 42 6
456 702 13 1
456 715 24 3
457 458 21 2
457 459 21 10
457 469 23 5
457 470 46 6
457 471 37 7
457 472 34 4
457 473 20 8
457 474 18 6
457 475 4 4
457 606 28 4
457 732 39 9
457 790 14 4
458 459 12 6
458 476 3 4
458 477 32 4
458 555 16 9
458 558 29 4
458 702 14 9
458 715 4 6
458 771 24 1
458 772 3 2
458 790 21 3
459 478 11 1
459 479 7 8
459 583 23 6
459 600 39 10
459 671 23 1
459 672 28 1
459 720 20 6
459 730 1 3
459 747 28 5
462 534 24 10
462 613 29 9
463 650 36 9
464 493 33 9
464 756 15 9
465 585 43 7
466 781 25 3
467 613 28 5
472 607 3 3
474 776 14 4
475 476 19 8
476 756 11 1
478 487 45 8
479 719 44 5
480 481 43 5
480 482 21 7
480 483 25 5
480 484 33 9
480 485 35 4
480 486 35 4
480 490 5 8
480 497 49 6
480 526 30 9
480 558 34 10
480 583 26 3
480 640 4 5
480 673 46 4
480 715 25 6
480 720 14 6
480 721 9 7
480 745 2 9
480 746 4 8
480 771 5 6
480 790 21 5
481 487 15 6
481 488 28 3
481 489 22 6
481 495 6 1
481 529 22 10
481 555 12 2
481 581 27 3
481 600 9 2
481 601 20 2
481 636 47 3
481 673 1 10
481 701 41 7
481 715 28 8
481 731 21 3
481 732 48 4
481 770 24 2
481 790 33 6
483 546 38 3
484 519 37 8
485 783 11 3
486 658 6 4
487 540 50 6
489 766 26 8
490 491 35 7
490 492 33 4
490 493 8 6
490 494 24 4
490 497 41 2
490 526 25 5
490 528 6 6
490 556 25 1
490 557 44 7
490 581 3 8
490 603 32 2
490 606 41 4
490 640 7 8
490 641 50 4
490 670 27 6
490 675 9 8
490 700 50 1
490 702 42 5
490 715 6 5
490 720 20 8
490 721 15 3
490 731 24 5
490 732 16 9
490 745 10 1
490 746 36 10
490 771 23 9
490 773 19 10
490 790 12 8
490 791 31 3
491 596 19 5
495 496 20 5
495 497 18 9
495 498 37 9
495 499 4 9
495 500 29 8
495 501 24 5
495 502 49 8
495 503 23 9
495 504 13 2
495 505 21 5
495 506 47 5
495 507 14 7
495 508 8 5
495 558 29 4
495 721 45 5
495 746 23 9
496 497 8 8
496 498 31 9
496 499 9 9
496 500 41 1
496 509 47 3
496 510 45 9
496 511 43 9
496 602 16 10
496 674 7 3
496 715 11 8
496 732 35 7
496 771 2 9
497 498 17 9
497 499 35 2
497 500 27 6
497 512 41 7
497 528 12 2
497 602 33 6
497 673 44 2
497 700 37 2
497 715 16 3
498 499 9 7
498 500 17 9
498 513 50 10
498 514 28 5
498 515 38 1
498 516 27 6
498 700 39 9
498 745 15 8
498 773 23 9
498 791 23 9
499 500 9 4
499 517 8 8
499 518 35 3
499 519 10 4
499 582 47 6
499 732 22 6
500 520 13 2
500 521 31 9
500 522 18 1
500 523 7 8
500 524 47 3
500 527 31 8
500 555 27 10
500 638 1 5
500 639 47 6
500 721 27 3
500 791 50 8
502 760 43 2
504 633 16 7
506 717 46 3
510 774 32 8
510 789 44 3
511 651 29 4
525 526 23 7
525 527 23 9
525 528 31 7
525 529 41 10
525 530 11 8
525 531 33 1
525 532 46 3
525 533 20 3
525 534 5 8
525 715 19 9
525 747 43 6
526 527 27 4
526 528 23 6
526 529 46 4
526 530 16 2
526 535 36 9
526 636 44 5
526 773 29 3
527 528 9 9
527 529 32 2
527 530 5 7
527 536 12 10
527 537 47 2
527 538 22 2
527 539 14 1
527 580 50 1
527 601 11 10
527 638 29 3
527 702 19 1
527 720 30 7
527 721 49 3
527 731 22 8
527 772 13 6
528 529 25 4
528 530 10 1
528 540 1 10
528 541 19 7
528 542 30 6
528 556 11 10
528 557 6 10
528 715 15 8
528 748 35 10
529 530 23 4
529 543 8 4
529 544 3 6
529 545 45 7
529 546 21 9
529 547 16 6
529 582 47 10
529 791 15 5
530 548 38 5
530 549 32 6
530 550 15 2
530 551 38 3
530 552 33 1
530 553 37 7
530 554 1 4
530 603 19 4
530 671 44 9
530 675 41 2
530 700 28 5
530 732 9 3
530 791 19 6
532 690 10 3
539 552 50 7
540 768 21 4
542 786 28 7
547 597 3 2
547 668 6 5
555 556 3 10
555 557 13 2
555 558 26 9
555 559 25 10
555 560 30 8
555 561 34 9
555 583 11 10
555 604 35 8
555 640 14 4
555 791 27 5
556 557 11 9
556 558 18 5
556 559 45 2
556 562 48 3
556 563 31 9
556 564 25 2
556 605 23 1
556 637 12 4
556 771 36 10
557 558 14 2
557 559 43 5
557 565 13 5
557 566 16 9
557 567 45 4
557 568 34 6
557 569 31 5
557 674 40 9
557 700 8 8
557 715 28 8
557 720 20 5
557 745 47 5
557 790 14 2
558 559 23 1
558 570 31 4
558 571 23 6
558 572 14 6
558 573 38 4
558 580 33 4
558 673 35 7
558 720 26 3
558 730 36 4
558 749 26 4
558 770 40 5
559 574 46 2
559 575 16 1
559 576 33 4
559 577 12 4
559 578 41 5
559 579 35 6
559 702 14 1
559 715 5 4
559 731 40 10
560 577 17 3
565 648 6 7
571 621 44 1
572 694 11 1
574 494 15 3
575 615 49 2
576 623 29 7
580 581 42 10
580 582 47 4
580 583 27 2
580 584 18 5
580 585 15 6
580 637 40 2
580 670 28 2
580 701 45 8
580 732 20 3
580 791 13 7
581 582 4 7
581 583 39 5
581 586 31 5
581 587 7 9
581 588 18 9
581 589 33 10
581 671 49 4
581 720 6 8
581 749 21 4
581 772 7 9
582 583 11 4
582 590 8 8
582 591 18 3
582 592 37 3
582 593 13 5
582 594 2 3
582 600 18 9
582 715 12 1
582 773 1 10
583 595 45 3
583 596 10 2
583 597 45 8
583 598 46 7
583 599 1 1
583 604 47 4
583 641 41 7
583 715 16 4
583 721 36 5
583 730 21 8
583 746 22 7
583 791 22 6
584 693 41 3
586 663 24 8
595 774 50 6
600 601 38 2
600 602 22 7
600 603 1 6
600 604 12 4
600 605 28 7
600 606 28 4
600 607 8 8
600 608 25 5
600 609 42 5
600 610 23 5
600 611 17 2
600 612 8 8
600 702 4 6
600 715 35 3
600 748 44 2
601 602 31 7
601 603 23 2
601 604 46 3
601 605 43 1
601 606 24 5
601 613 17 2
601 614 1 2
601 615 32 5
601 616 13 9
601 617 9 4
601 618 48 1
601 619 26 10
601 636 34 10
601 674 23 10
601 790 34 8
602 603 9 9
602 604 3 8
602 605 16 1
602 606 7 2
602 620 35 7
602 715 3 4
602 771 45 7
602 773 47 9
603 604 5 3
603 605 36 9
603 606 49 10
603 621 37 6
603 622 3 4
603 623 27 9
603 624 39 9
603 638 40 6
603 701 6 10
603 730 2 7
603 791 37 10
604 605 16 6
604 606 48 1
604 625 46 6
604 626 12 6
604 627 44 8
604 720 17 6
605 606 22 4
605 628 14 6
605 629 35 10
605 630 32 1
605 631 36 7
605 632 3 1
605 633 9 3
605 674 15 8
606 634 19 6
606 720 4 5
606 731 38 1
606 746 39 7
607 776 8 4
608 712 16 1
614 660 47 6
616 762 33 8
623 726 9 9
634 651 13 8
635 636 33 1
635 637 16 2
635 638 26 10
635 639 40 3
635 640 14 7
635 641 36 6
635 642 25 8
635 643 39 2
635 644 45 5
635 645 44 7
635 702 22 4
635 791 47 3
636 637 45 8
636 638 45 6
636 639 10 2
636 640 13 1
636 641 6 2
636 646 25 3
636 647 10 6
636 648 12 6
636 649 33 2
636 650 7 1
636 700 34 4
636 721 41 10
637 638 25 1
637 639 25 6
637 640 43 10
637 641 38 3
637 651 29 5
637 652 50 9
637 653 37 2
637 672 35 8
637 715 38 2
637 749 21 6
638 639 34 9
638 640 20 3
638 641 25 3
638 654 25 2
638 655 7 1
638 656 33 3
638 657 44 5
638 658 31 10
638 675 47 5
638 730 29 3
638 791 14 3
639 640 5 8
639 641 29 6
639 659 7 4
639 660 49 10
639 661 18 4
639 662 37 1
639 770 14 4
640 641 26 4
640 663 18 8
640 664 17 4
640 665 26 4
641 666 19 7
641 667 37 10
641 668 3 3
641 669 48 5
641 715 23 4
641 731 31 8
641 746 43 2
641 773 32 2
646 679 18 3
655 687 23 1
662 779 31 3
670 671 30 9
670 672 16 7
670 673 23 7
670 674 32 9
670 675 45 8
670 676 36 3
670 677 11 7
670 790 23 4
671 672 26 1
671 673 39 5
671 674 14 5
671 675 29 6
671 678 44 8
671 679 35 2
671 680 39 10
671 681 38 7
671 721 48 1
671 747 25 9
671 770 38 3
671 790 6 1
672 673 4 4
672 674 39 1
672 675 26 4
672 682 50 9
672 683 3 9
672 684 12 10
672 685 8 1
672 686 40 6
672 687 46 1
673 674 17 5
673 675 42 4
673 688 39 10
673 689 19 6
673 690 9 2
673 691 26 1
673 692 1 8
673 693 36 5
673 701 4 6
673 721 11 4
673 731 18 8
673 772 31 1
674 675 37 6
674 694 18 2
674 695 15 10
674 696 35 1
674 697 19 9
674 715 8 1
674 731 6 6
675 698 24 3
675 699 35 4
675 715 39 4
677 707 27 10
677 769 19 8
678 681 5 8
678 682 42 3
679 768 14 6
694 792 5 3
700 701 38 3
700 702 15 5
700 703 39 9
700 704 35 3
700 705 41 8
700 706 40 10
700 720 34 7
700 730 42 2
700 749 11 6
701 702 14 5
701 707 40 7
701 708 8 3
701 790 15 4
702 709 5 8
702 710 24 7
702 711 43 7
702 712 33 6
702 713 39 6
702 714 39 8
702 715 12 4
702 721 22 4
702 730 18 3
702 746 29 1
702 770 10 6
702 771 37 2
702 790 29 9
708 769 48 5
715 716 48 8
715 717 41 4
715 718 36 10
715 719 40 10
715 720 39 1
715 730 23 3
715 732 20 4
715 746 50 7
715 771 7 8
715 773 46 5
715 791 18 7
717 733 24 6
720 721 15 5
720 722 7 4
720 723 49 9
720 724 48 5
720 725 17 5
720 726 47 8
720 732 8 6
720 748 6 9
720 790 30 9
720 791 45 5
721 727 38 9
721 728 35 8
721 729 41 6
721 747 35 9
721 772 26 9
723 778 21 6
726 777 48 10
726 785 19 1
730 731 49 7
730 732 43 10
730 733 28 6
730 734 22 3
730 735 38 5
730 745 5 10
730 770 35 10
730 773 2 1
731 732 10 8
731 736 23 9
731 747 8 4
731 790 22 3
731 791 31 3
732 737 12 4
732 738 2 10
732 739 38 5
732 740 49 4
732 741 35 7
732 742 48 7
732 743 16 5
732 744 33 3
741 761 24 8
745 746 19 8
745 747 18 3
745 748 33 9
745 749 24 5
745 750 35 4
745 751 31 4
745 752 32 6
745 753 40 6
745 754 19 3
745 755 13 3
746 747 41 8
746 748 17 6
746 749 30 3
746 756 8 7
746 757 37 6
746 758 29 6
746 759 32 5
746 760 23 3
746 773 25 10
746 791 16 2
747 748 11 2
747 749 32 6
747 761 45 4
747 762 40 6
747 763 25 5
747 764 35 4
747 765 40 5
747 766 47 8
747 791 4 4
748 749 34 8
748 767 49 2
749 768 5 9
749 769 14 3
749 772 43 3
762 767 22 5
770 771 45 10
770 772 19 10
770 773 6 8
770 774 38 2
770 775 25 1
770 776 7 4
771 772 9 1
771 773 28 4
771 777 11 9
771 778 49 6
771 791 29 4
772 773 14 6
772 779 23 2
772 780 29 2
772 781 36 3
772 782 15 4
772 783 42 5
772 784 12 10
772 785 23 8
773 786 11 5
773 787 2 2
773 788 30 3
773 789 14 3
773 791 31 6
779 787 46 5
790 791 20 1
790 792 26 9
791 793 33 2
791 794 47 6
791 795 2 2
791 796 5 10
791 797 44 3
791 798 8 9
791 799 5 8
794 797 25 7

0 407 38
1 348 11
2 252 78
3 351 6
4 503 8
5 158 5
6 653 17
7 648 9
8 170 20
9 142 84
10 621 50
11 523 11
12 613 42
13 618 27
14 486 26
15 27 23
16 623 52
17 574 19
18 8 15
19 188 17
20 77 63
21 208 19
22 698 12
23 82 22
24 643 32
25 151 9
26 452 24
27 246 31
28 342 28
29 225 18
30 84 46
31 591 22
32 377 32
33 222 8
34 180 14
35 612 4
36 781 33
37 436 21
38 548 9
39 573 14
40 163 18
41 269 31
42 619 11
43 607 11
44 51 13
45 644 11
46 349 16
47 617 5
48 561 9
49 646 59
50 177 85
51 39 15
52 135 33
53 34 14
54 622 49
55 474 18
56 317 25
57 199 19
58 654 41
59 463 31
60 796 13
61 513 40
62 215 20
63 686 25
64 76 7
65 203 4
66 735 27
67 759 21
68 129 40
69 399 39
70 150 30
71 656 18
72 726 39
73 475 51
74 785 28
75 438 1
76 297 35
77 546 20
78 566 12
79 707 31
80 335 1
81 67 33
82 314 34
83 450 6
84 239 26
85 689 50
86 628 13
87 144 25
88 491 26
89 793 22
90 202 66
91 551 17
92 217 14
93 123 17
94 795 20
95 79 10
96 305 52
97 676 14
98 470 16
99 360 4
100 652 19
101 534 12
102 132 11
103 738 1
104 417 16
105 389 10
106 64 11
107 372 4
108 439 23
109 764 13
110 409 53
111 333 23
112 501 8
113 361 27
114 493 10
115 331 31
116 734 7
117 371 1
118 774 49
119 92 4
120 262 10
121 152 2
122 740 14
123 353 22
124 373 27
125 630 14
126 274 8
127 681 32
128 615 111
129 259 19
130 81 15
131 476 20
132 282 6
133 306 24
134 12 17
135 708 27
136 547 14
137 118 10
138 798 4
139 679 27
140 464 23
141 465 26
142 569 62
143 442 17
144 411 35
145 723 48
146 752 19
147 631 10
148 664 4
149 73 8
150 514 10
151 220 28
152 435 9
153 454 2
154 143 27
155 251 26
156 249 24
157 72 24
158 339 12
159 468 24
160 462 17
161 576 35
162 149 43
163 540 40
164 659 4
165 678 57
166 489 22
167 345 25
168 110 6
169 185 32
170 52 10
171 779 68
172 645 24
173 30 20
174 633 12
175 677 44
176 121 19
177 332 15
178 337 10
179 336 35
180 88 5
181 402 36
182 760 23
183 195 12
184 91 9
185 300 34
186 609 18
187 778 29
188 316 23
189 782 4
190 257 23
191 266 24
192 716 14
193 398 12
194 236 34
195 408 34
196 575 37
197 531 31
198 451 23
199 690 10
200 250 25
201 590 4
202 758 43
203 327 43
204 313 39
205 256 30
206 625 39
207 200 14
208 710 5
209 704 22
210 418 5
211 509 13
212 430 25
213 626 6
214 15 55
215 294 18
216 201 1
217 596 22
218 134 27
219 532 39
220 597 25
221 647 10
222 35 49
223 554 1
224 789 26
225 376 2
226 197 2
227 224 21
228 209 15
229 47 21
230 71 6
231 494 20
232 233 19
233 687 21
234 562 18
235 94 10
236 598 22
237 563 17
238 127 16
239 207 15
240 485 55
241 663 26
242 17 7
243 268 10
244 293 2
245 535 8
246 19 4
247 187 51
248 255 98
249 112 9
250 507 8
251 568 34
252 116 10
253 267 53
254 437 34
255 471 41
256 680 47
257 512 17
258 642 16
259 329 25
260 383 17
261 572 10
262 737 6
263 719 26
264 744 17
265 232 20
266 350 19
267 725 14
268 660 83
269 2 13
270 14 29
271 688 35
272 154 25
273 776 17
274 593 8
275 363 59
276 433 13
277 666 4
278 164 40
279 43 25
280 248 46
281 49 14
282 338 10
283 655 7
284 362 23
285 70 23
286 311 28
287 99 26
288 787 18
289 175 8
290 729 20
291 780 11
292 661 6
293 253 10
294 616 22
295 38 19
296 775 17
297 511 38
298 651 48
299 178 16
300 444 11
301 319 10
302 279 11
303 545 13
304 467 29
305 176 22
306 264 14
307 280 13
308 89 15
309 330 30
310 447 56
311 410 17
312 68 4
313 172 23
314 344 21
315 552 54
316 304 13
317 346 27
318 588 12
319 196 22
